1403637149738319104.000000 1.925839424 4.759016514 -1.181000948 -0.578394532 -0.560075939 -0.394115955 0.443223834
1403637152338319104.000000 2.273118496 5.257981777 -0.665964246 -0.587938309 -0.574674964 -0.398642272 0.406400859
1403637154988318976.000000 2.831164837 5.911032200 -0.674959719 -0.611980677 -0.564639628 -0.408863038 0.373487443
1403637156738319104.000000 3.509982586 6.583752632 -0.785527587 -0.760341108 -0.292274714 -0.523518801 0.249770015
1403637159188318976.000000 5.803149223 5.982295036 -1.001298308 -0.802262366 -0.175673500 -0.548964441 0.155409396
1403637161088318976.000000 7.889151573 4.608186245 -1.281971097 0.830587983 -0.027718093 0.556196749 0.000781844
1403637163938319104.000000 8.862396240 1.759240031 -1.197856903 0.750210643 -0.327884436 0.554952502 0.147320718
1403637164138319104.000000 8.675840378 1.517534494 -1.157137871 0.744969666 -0.326204479 0.562120199 0.150438547
1403637167088318976.000000 5.670279503 -1.629214048 -1.241337776 0.763761401 -0.257123232 0.503825307 0.310992420
1403637169838319104.000000 7.726582527 1.586398602 -1.738848209 0.797147870 -0.097416520 0.582762659 0.124309897
1403637171488318976.000000 8.158535004 4.724089146 -2.103029728 -0.736401320 -0.262654006 -0.593468666 0.191104352
1403637173738319104.000000 5.656152248 6.294820309 -2.127261162 -0.840543389 -0.030730022 -0.526706994 0.122973144
1403637173938319104.000000 5.640993118 6.229259491 -2.201109171 0.856670380 -0.006130218 0.505616963 -0.102125667
1403637174138319104.000000 5.698567390 6.108252048 -2.221499920 -0.839858115 -0.006985211 -0.540489256 0.049609050
1403637174588318976.000000 5.895833492 5.766970634 -2.124530554 0.803772688 -0.024527865 0.590606749 -0.067317359
1403637177388318976.000000 4.391641140 1.794525504 -2.003612518 0.835763931 -0.186814204 0.509373307 0.084487341
1403637180138319104.000000 6.136580467 0.148088485 -2.413095236 0.773548603 -0.232778087 0.548605204 0.215567023
1403637182538319104.000000 8.850326538 2.995394230 -1.863885999 0.734508455 -0.271315157 0.590598047 0.195139647
1403637183788318976.000000 8.733919144 4.979022503 -1.776142359 0.724320352 -0.311452031 0.599141955 0.139235809
1403637184038319104.000000 8.426782608 5.283772945 -1.826249361 0.730876923 -0.327761203 0.587216079 0.116485603
1403637184888318976.000000 6.957509518 5.783312798 -1.969272614 0.786561012 -0.301370561 0.515064359 0.158764973
1403637185138319104.000000 6.565955639 5.813828945 -1.983452439 0.792114258 -0.301529437 0.506595373 0.158101603
1403637185438319104.000000 6.172632217 5.765429497 -1.929792166 0.803527951 -0.297485679 0.488376498 0.165328830
1403637186388318976.000000 5.428847313 5.297469616 -1.609302282 0.769146979 -0.280989170 0.539482474 0.196001545
1403637186838319104.000000 5.175108433 5.082704067 -1.399288893 0.764790893 -0.303013802 0.542429447 0.170434415
1403637187238319104.000000 4.917458057 4.841241360 -1.330747247 0.757764578 -0.316882342 0.547903597 0.158682168
1403637187538319104.000000 4.698251724 4.593132973 -1.335860729 0.776177883 -0.318528116 0.512121320 0.183900774
1403637189788318976.000000 3.935522795 1.952398777 -1.915023923 0.726992249 -0.373869866 0.520379543 0.246796966
1403637191888318976.000000 3.025707483 0.113225892 -1.752313852 0.753391981 -0.327079147 0.513518631 0.248431936
1403637192138319104.000000 2.943071604 0.013882168 -1.678042531 0.761948168 -0.328089774 0.497438788 0.253666729
1403637192638319104.000000 2.957655430 -0.122214101 -1.480260968 0.765552282 -0.343453526 0.489284396 0.237845033
1403637193438319104.000000 3.330533504 -0.408365190 -1.254123449 0.755199194 -0.355397016 0.505822957 0.217968658
1403637193988318976.000000 3.693530798 -0.734641910 -1.110560894 0.756073296 -0.333688647 0.506774247 0.245326519
1403637194488318976.000000 4.112407207 -0.986487925 -1.090567470 0.753829062 -0.337450802 0.508997083 0.242467880
1403637194738319104.000000 4.351763725 -1.096998930 -1.040204644 0.758196235 -0.341111124 0.501172483 0.240016401
1403637197488318976.000000 7.350462437 0.022803240 -1.067723155 0.772489727 -0.230432495 0.563389897 0.180976152
1403637200238319104.000000 7.231500626 6.474698067 -0.866202235 -0.681753874 -0.302064568 -0.589259088 0.311034560
1403637203038319104.000000 5.143906116 6.810677052 -1.075625420 -0.750749946 -0.326527029 -0.528947651 0.223537281
1403637205988318976.000000 5.222505093 6.022356510 -1.198740602 -0.743023634 -0.337639689 -0.529746890 0.230832502
1403637208488318976.000000 4.680402279 5.778717995 -0.993864655 -0.754104733 -0.313531488 -0.525819540 0.237777129
1403637208988318976.000000 4.617523193 5.683962345 -1.002281189 -0.746112764 -0.324597180 -0.538699210 0.218530536
1403637211838319104.000000 5.649803162 8.217402458 -1.599533916 -0.754074872 -0.353453487 -0.482771009 0.270876050
1403637212338319104.000000 6.227197647 8.930985451 -1.636478305 -0.730967760 -0.351634413 -0.519647479 0.268339276
1403637212588318976.000000 6.507041454 9.247958183 -1.601316571 -0.736474395 -0.352017075 -0.515021980 0.261613965
1403637212838319104.000000 6.776164055 9.548192024 -1.548024178 -0.744710565 -0.358324349 -0.504622996 0.249730766
1403637213088318976.000000 7.044444084 9.853031158 -1.481491327 -0.742924452 -0.363373816 -0.505029619 0.246916860
1403637213338319104.000000 7.307861328 10.164871216 -1.439017296 -0.743051291 -0.362708926 -0.501994014 0.253611952
1403637213588318976.000000 7.568497658 10.475105286 -1.426155210 -0.734849572 -0.365802586 -0.513496161 0.250012845
1403637213838319104.000000 7.809863567 10.781912804 -1.448332667 -0.730118573 -0.379353821 -0.518579304 0.232579291
1403637214088318976.000000 8.015430450 11.105883598 -1.485025167 -0.722820878 -0.381989092 -0.523156524 0.240669206
1403637214338319104.000000 8.179952621 11.446083069 -1.480827212 -0.703710020 -0.396712124 -0.520998180 0.275631338
1403637214588318976.000000 8.294704437 11.767324448 -1.438003302 -0.660096705 -0.451134741 -0.524445534 0.292757243
1403637214888318976.000000 8.326501846 12.119892120 -1.346378565 -0.623051822 -0.490106255 -0.529838622 0.301452219
1403637216488318976.000000 6.674858093 12.814465523 -1.014946222 -0.534051955 -0.584481061 -0.407318085 0.455260813
1403637216838319104.000000 6.264089584 12.663172722 -0.989637375 -0.528299987 -0.565032482 -0.419086516 0.475398719
1403637217238319104.000000 5.877131462 12.301205635 -0.933504522 -0.553054035 -0.555161595 -0.399409682 0.475813866
1403637217638319104.000000 5.626807690 11.792818069 -0.957202792 -0.554091036 -0.553638518 -0.395854354 0.479340136
1403637217888318976.000000 5.538903236 11.413173676 -0.981066227 -0.496164858 -0.598102510 -0.408752412 0.478555501
1403637218188318976.000000 5.446816921 10.871120453 -0.973504901 -0.469037950 -0.634068489 -0.375918895 0.486462265
1403637218488318976.000000 5.366280079 10.270036697 -0.994162619 -0.460672230 -0.642135918 -0.369072348 0.489109606
1403637218738319104.000000 5.302748680 9.733392715 -1.005162239 -0.466306359 -0.645727813 -0.365635633 0.481564850
1403637218988318976.000000 5.238328457 9.172058105 -1.047478080 -0.464367032 -0.652802765 -0.375801533 0.465816557
1403637220588318976.000000 4.300478458 5.727686405 -0.957964301 -0.507667303 -0.647102535 -0.330429077 0.462978154
1403637223488318976.000000 3.459255934 3.660944700 -1.096455455 -0.621823609 -0.539747298 -0.424292237 0.376808167
1403637223738319104.000000 3.467106104 3.676312208 -1.005173326 -0.615341365 -0.539719462 -0.429941595 0.381061733
1403637225138319104.000000 3.433845043 3.754752159 -1.077479839 -0.608447731 -0.537728310 -0.440472007 0.382915378
1403637227438319104.000000 2.873650312 3.604033947 -1.014895320 -0.622551322 -0.538078666 -0.419647276 0.383141577
1403637227938319104.000000 2.818884850 3.674011469 -1.037176967 -0.622403443 -0.531798899 -0.425072849 0.386156708
1403637228438319104.000000 2.801140070 3.730518103 -1.093357086 -0.604300201 -0.532907844 -0.444628686 0.391325861
1403637229438319104.000000 2.654236555 3.630055428 -1.073647499 -0.621375084 -0.529310524 -0.440934688 0.373229057
1403637230438319104.000000 2.636893034 3.541882515 -1.248786569 -0.743678093 -0.353867471 -0.512415111 0.243210942
1403637230738319104.000000 2.648158073 3.561764479 -1.199894428 -0.741362989 -0.318855852 -0.539627671 0.239820480
1403637231038319104.000000 2.653321028 3.556335211 -1.144680142 -0.790599406 -0.253844589 -0.521538496 0.196247369
1403637231338319104.000000 2.696672440 3.534082413 -1.177317619 -0.819650412 -0.149599910 -0.536040306 0.135844633
1403637231838319104.000000 2.852357626 3.427148342 -1.475142837 0.832976878 -0.048564121 0.550959766 -0.015313245
1403637232338319104.000000 3.109004736 3.171806574 -1.634426951 0.794773221 -0.180787206 0.574922085 0.071527988
1403637232788318976.000000 3.272714853 2.806813002 -1.637405276 0.776679039 -0.301917732 0.539941430 0.118653558
1403637233288318976.000000 3.404695749 2.164044619 -1.532543778 0.796957076 -0.332175314 0.479433507 0.157042623
1403637235938319104.000000 7.143736362 1.551628590 -2.377466202 0.804679751 -0.032355301 0.585157931 0.095046721
1403637236288318976.000000 7.588656902 2.049579144 -2.287326336 -0.803962708 -0.045721721 -0.588563740 -0.071738213
1403637238938319104.000000 5.908379555 5.912109852 -0.776583076 0.855742693 -0.160549849 0.482832015 -0.093816504
1403637239288318976.000000 5.561481953 5.389109612 -0.647365510 0.860466719 -0.146397710 0.487730473 -0.016847834
1403637239588318976.000000 5.444155693 4.748882771 -0.589012384 0.837536633 -0.191104978 0.510690868 0.034730613
1403637239938319104.000000 5.394334316 3.888082027 -0.698013365 0.785490870 -0.252181709 0.549446404 0.132352084
1403637240438319104.000000 5.313135624 2.661125422 -1.006014109 0.753850162 -0.354180634 0.505960643 0.224209249
1403637240788318976.000000 5.295160770 1.826938629 -1.163354039 0.755977869 -0.362294555 0.486910045 0.245272890
1403637241088318976.000000 5.348563194 1.131928921 -1.228677273 0.742494881 -0.342701852 0.513093889 0.260751963
1403637241388318976.000000 5.438117981 0.500071228 -1.334264040 0.750655472 -0.326231599 0.508867085 0.266727507
1403637241688318976.000000 5.578227520 -0.046731532 -1.433383942 0.748085260 -0.302351117 0.516545773 0.286588132
1403637241988318976.000000 5.774443626 -0.453162491 -1.476995349 0.724387228 -0.304310232 0.553666115 0.275884539
1403637242288318976.000000 5.962453365 -0.711749494 -1.470892310 0.727868676 -0.301070511 0.545028269 0.287242115
1403637242688318976.000000 6.213816166 -0.815477610 -1.470851541 0.729786575 -0.276437998 0.548395336 0.300426602
1403637242988318976.000000 6.411168098 -0.680252850 -1.436931133 0.732482672 -0.255425036 0.576715291 0.256177276
1403637243288318976.000000 6.575209141 -0.413226843 -1.407219887 0.750602424 -0.247626528 0.562157393 0.243426070
1403637243588318976.000000 6.716290951 -0.043087967 -1.418854833 0.757099628 -0.260414392 0.555429816 0.224682346
1403637243888318976.000000 6.847719669 0.379992396 -1.380050182 0.765558302 -0.291855365 0.541514218 0.188423127
1403637244188318976.000000 6.957619190 0.776776016 -1.254603505 0.763960123 -0.301925302 0.539310932 0.185336918
1403637244488318976.000000 7.046395779 1.121302128 -1.073572993 0.770434380 -0.300801039 0.531680167 0.182388887
1403637244788318976.000000 7.140328407 1.420437098 -0.891226709 0.792441487 -0.254386067 0.523515165 0.182363018
1403637245088318976.000000 7.272518158 1.694881439 -0.766341150 0.803909123 -0.247086197 0.519221008 0.151947364
1403637245438319104.000000 7.489790916 1.941497445 -0.677175283 0.806603014 -0.236855075 0.518167257 0.157461315
1403637245738319104.000000 7.740710258 2.109397411 -0.645715117 0.813850284 -0.203870073 0.524714291 0.144081831
1403637246038319104.000000 8.036851883 2.274859428 -0.657613814 0.808593154 -0.125537857 0.566125035 0.099598996
1403637246338319104.000000 8.327103615 2.462970495 -0.716683149 0.811756134 -0.009647515 0.583513379 0.021703579
1403637246638319104.000000 8.581806183 2.677566528 -0.810520232 -0.791937947 -0.120615989 -0.596842289 0.045445509
1403637246938319104.000000 8.747636795 2.932185173 -0.905112684 -0.766333759 -0.217721775 -0.593599260 0.113884471
1403637247438319104.000000 8.824007034 3.407961369 -1.014671206 -0.758828759 -0.254481226 -0.576144874 0.165756717
1403637247888318976.000000 8.736006737 3.847846508 -1.163024545 -0.735140562 -0.292642474 -0.587125897 0.170915067
1403637248238319104.000000 8.498306274 4.186431885 -1.212799907 -0.735590816 -0.331582993 -0.550439000 0.214419842
1403637248538319104.000000 8.234058380 4.465522289 -1.274137139 -0.730219424 -0.341332436 -0.544406533 0.232149541
1403637248888318976.000000 7.877954006 4.771803856 -1.311000347 -0.739655256 -0.340981841 -0.536469221 0.221003249
1403637249538319104.000000 7.133881092 5.359181881 -1.198866129 -0.745683014 -0.326884210 -0.538783789 0.216369212
1403637249838319104.000000 6.767680645 5.636530876 -1.253074884 -0.734947264 -0.326645404 -0.549890161 0.225335777
1403637250138319104.000000 6.373765469 5.903649807 -1.273436666 -0.733765721 -0.346048772 -0.527180612 0.252821475
1403637252988318976.000000 4.536746979 6.830388069 -0.971598804 -0.685698152 -0.447007865 -0.468724817 0.332113177
1403637253988318976.000000 4.416874409 6.633331776 -0.969909668 -0.673928797 -0.448934734 -0.489675432 0.323257864
1403637255938319104.000000 3.782526493 5.933286667 -0.804515719 -0.586144865 -0.568822742 -0.421284199 0.394201189
1403637257188318976.000000 3.147064209 5.376176834 -0.774422348 -0.557003677 -0.594481945 -0.396006346 0.423694700
1403637257538319104.000000 2.971899986 5.224414349 -0.736852527 -0.543230057 -0.612150013 -0.390460670 0.421561301
1403637257888318976.000000 2.782945633 5.089286327 -0.748668373 -0.545400858 -0.625662684 -0.367345214 0.419692457
1403637258188318976.000000 2.610614061 5.011507988 -0.782033384 -0.515013039 -0.648138821 -0.345381260 0.442028791
1403637258638319104.000000 2.351481676 4.951786995 -0.819401681 -0.481555700 -0.663124740 -0.323240578 0.473165184
1403637258988318976.000000 2.178701639 4.918911934 -0.882454038 -0.478320599 -0.657918215 -0.325524181 0.482065499
1403637259288318976.000000 2.060053825 4.897459984 -0.862569630 -0.481784940 -0.654125631 -0.326184899 0.483328491
1403637259738319104.000000 1.952920556 4.865152359 -0.827476442 -0.489132166 -0.649017394 -0.321836054 0.485744596
1403637260238319104.000000 1.943732500 4.835540771 -0.872108936 -0.480769306 -0.656340301 -0.333644092 0.476193100
1403637260588318976.000000 1.956985474 4.804947376 -0.945340633 -0.474426717 -0.670733035 -0.340123832 0.457550228
1403637260888318976.000000 1.937648654 4.783545971 -1.013239026 -0.475278258 -0.665537536 -0.337190509 0.466340065
1403637261188318976.000000 1.903956413 4.762525558 -1.081616044 -0.477829069 -0.668564677 -0.332341611 0.462871134
1403637261488318976.000000 1.858715057 4.748604774 -1.120574594 -0.479311943 -0.663505673 -0.330496252 0.469885737
1403637261788318976.000000 1.811997175 4.753283978 -1.124971032 -0.483672231 -0.671344876 -0.325569183 0.457560837
1403637262038319104.000000 1.768599033 4.777348518 -1.116807342 -0.477638543 -0.658408821 -0.337194979 0.473981827
1403637262288318976.000000 1.731760979 4.794585228 -1.158127189 -0.482959777 -0.651049256 -0.333571613 0.481263667
1403637262638319104.000000 1.750902176 4.778239727 -1.163427353 -0.500963986 -0.608233750 -0.356739670 0.501820326
1403637262838319104.000000 1.750746727 4.780300617 -1.169911265 -0.506106675 -0.615719676 -0.349561542 0.492495716
1403637263338319104.000000 1.750173330 4.781707287 -1.171010137 -0.506606162 -0.616240740 -0.348499745 0.492082864
1403637263838319104.000000 1.750078559 4.781417370 -1.170582652 -0.506615639 -0.616303563 -0.348618031 0.491910666
1403637264338319104.000000 1.750229001 4.780875206 -1.170548558 -0.506938696 -0.616087973 -0.348129660 0.492193550
1403637264838319104.000000 1.750101566 4.781379700 -1.170671940 -0.507086992 -0.616065502 -0.347964048 0.492186040
1403637265338319104.000000 1.750339746 4.781260014 -1.170515418 -0.507298887 -0.616075039 -0.347593367 0.492217720
