1413393889605760512.000000 0.107186660 -0.768390357 0.397626668 -0.599750936 -0.559364915 -0.409250289 0.399904937
1413393892205760512.000000 -0.493106186 -1.319283485 0.800539136 -0.594331384 -0.555587888 -0.425998271 0.395749599
1413393893955760384.000000 -1.190695882 -1.884507179 0.863774002 -0.631511509 -0.552319527 -0.379141897 0.390368938
1413393894955760384.000000 -1.009493232 -0.599125326 0.853750288 -0.604176521 -0.545831800 -0.414638937 0.406340897
1413393895355760384.000000 -0.854779720 -0.099520802 0.815459609 -0.594970942 -0.546560764 -0.422741950 0.410572886
1413393898255760384.000000 0.373739243 1.156649947 0.874821007 -0.774503827 -0.092169173 -0.625631571 0.015292780
1413393900955760384.000000 -0.029201217 1.176521301 1.038283825 -0.740802705 -0.011355520 -0.670613527 0.036877096
1413393902255760384.000000 0.122549646 0.810869455 0.947965562 -0.821095407 -0.038692698 -0.569343388 -0.012388881
1413393904655760384.000000 1.872824788 1.460403562 1.202540040 0.803396046 -0.178464383 0.557760715 0.107742399
1413393905305760512.000000 2.218717337 1.144994855 1.210574865 0.745867729 -0.306100428 0.539279222 0.243232310
1413393907855760384.000000 2.660919905 0.408430040 0.621138334 0.569524944 -0.572427690 0.427169800 0.406809270
1413393909805760512.000000 2.730625868 1.117624760 0.353625000 0.575789332 -0.606334031 0.360268056 0.413560897
1413393910105760512.000000 2.776901722 1.213639498 0.224970624 0.578446805 -0.630968332 0.332498878 0.395882338
1413393910605760512.000000 2.894331932 1.010227323 0.210969746 0.564708710 -0.669150651 0.333821654 0.349148571
1413393910905760512.000000 2.905567646 0.657347202 0.185152948 0.562702417 -0.636442184 0.374199241 0.371863306
1413393912055760384.000000 2.813256264 -0.735579610 0.090669081 0.571012795 -0.617856383 0.395297945 0.368696988
1413393912255760384.000000 2.802938938 -0.930127203 0.210346922 0.575182021 -0.646145463 0.372390300 0.336135685
1413393912655760384.000000 2.686193943 -1.502619982 0.463208169 0.547477186 -0.617206514 0.408063084 0.390908480
1413393913605760512.000000 2.099961996 -2.732018232 0.503123999 0.352125227 -0.707026780 0.367675781 0.490851790
1413393913805760512.000000 1.891541481 -2.852421761 0.506676078 0.288755417 -0.721914589 0.325806499 0.537875354
1413393914405760512.000000 1.305967093 -2.786139727 0.618754208 0.151061103 -0.787176251 0.119716235 0.585834682
1413393914705760512.000000 1.095144272 -2.666251421 0.701717377 0.054383725 -0.808558583 0.077302419 0.580775082
1413393917505760512.000000 -0.769361973 -2.533133507 1.248919964 -0.397043139 -0.724632263 -0.207606509 0.523607194
1413393917705760512.000000 -0.795984387 -2.531276464 1.249066710 -0.469791085 -0.691487014 -0.265923560 0.480027825
1413393918355760384.000000 -0.757985771 -2.391853094 1.223933458 -0.665143609 -0.492214233 -0.407174498 0.386675686
1413393919005760512.000000 -0.329541206 -2.242409229 1.279267073 -0.778047502 -0.200084537 -0.548353553 0.232199743
1413393919405760512.000000 0.011357233 -2.334314346 1.319117427 -0.765795827 0.004538913 -0.635769963 0.096605986
1413393922155760384.000000 -0.599819899 -3.794961929 0.070794478 0.804243684 -0.052837141 0.588947654 0.059506729
1413393922455760384.000000 -0.586908400 -3.762747049 -0.098334275 0.850091398 -0.069220051 0.519597650 0.050710335
1413393922905760512.000000 -0.372103423 -3.755874634 -0.272218555 0.833035886 -0.092477486 0.544976354 0.022358095
1413393923305760512.000000 -0.017012775 -3.844725847 -0.279516846 0.845963061 -0.070345551 0.525119841 0.060390964
1413393924605760512.000000 1.719300628 -4.215641499 -0.048848532 -0.745701313 -0.345235944 -0.565932214 0.066802837
1413393924805760512.000000 1.883853555 -4.084118843 0.034329571 -0.715623856 -0.357093573 -0.597375631 0.059238177
1413393925005760512.000000 1.936790943 -3.840069771 0.174478307 -0.750194073 -0.310736537 -0.572427273 0.113923587
1413393927805760512.000000 2.883706808 -0.514483631 1.268352032 -0.618906856 -0.529630184 -0.495336801 0.301807404
1413393928055760384.000000 2.932031155 -0.261721253 1.409777403 -0.591662347 -0.537915707 -0.513923407 0.310588211
1413393928505760512.000000 2.744365931 0.162553236 1.544444442 -0.624707997 -0.496737689 -0.477584690 0.367293388
1413393928905760512.000000 2.474255323 0.432820469 1.576907039 -0.618523598 -0.476973742 -0.501114964 0.372570187
1413393930305760512.000000 1.100161195 0.530325651 1.855828047 -0.804807127 -0.136055544 -0.552988112 0.167267755
1413393933005760512.000000 0.083071753 -0.970478594 0.815260947 -0.780554116 -0.194208100 -0.583143175 0.113853194
1413393935305760512.000000 -0.417748243 -2.528927565 0.296851844 -0.778336287 -0.339842469 -0.484029055 0.210749924
1413393935955760384.000000 -0.256753445 -2.697446823 0.316746563 -0.639490306 -0.541038036 -0.474238217 0.270976394
1413393936205760512.000000 -0.310640156 -2.609313250 0.357447296 -0.616958022 -0.557034135 -0.410034508 0.375429928
1413393936455760384.000000 -0.376824260 -2.479969025 0.408613801 -0.565938473 -0.603369474 -0.336916894 0.449606359
1413393939105760512.000000 -0.074347287 -2.813100815 0.862947464 -0.066591650 -0.781922877 -0.048162777 0.617934048
1413393939555760384.000000 0.151782721 -3.119552612 0.832221866 -0.044944115 -0.870577693 0.013921318 0.489776224
1413393939955760384.000000 0.092965543 -3.290985584 0.751168370 -0.044133022 -0.827001452 -0.009649499 0.560381889
1413393940255760384.000000 -0.021160610 -3.369773388 0.734578788 -0.057047725 -0.704299510 0.003594722 0.707598031
1413393940705760512.000000 0.188230276 -3.405878305 0.700513303 -0.089350447 -0.874767542 0.027238628 0.475453883
1413393943255760384.000000 -0.027716622 -1.794600844 0.974329174 -0.049901206 -0.791777015 -0.049280223 0.606770575
1413393943705760512.000000 -0.061361477 -1.663559914 0.938285708 -0.053627368 -0.809912562 -0.052212540 0.581755638
1413393946555760384.000000 -0.082897812 -1.430380225 1.018335462 -0.503576279 -0.628400087 -0.345259488 0.481996030
1413393949205760512.000000 -0.232914209 -1.994361520 0.689632416 -0.803519368 -0.099901490 -0.583137631 0.065779492
1413393951755760384.000000 -0.493587404 -3.619192362 0.592234969 0.825317919 -0.035685811 0.561474860 0.048196971
1413393953855760384.000000 0.546228290 -3.886511564 0.584205866 -0.790957630 -0.037315395 -0.610486746 0.017309148
1413393954255760384.000000 0.627824605 -3.966810942 0.563165188 -0.828975499 -0.084084362 -0.550913632 0.047156308
1413393955755760384.000000 1.808625698 -3.470840454 0.715232968 -0.715640664 -0.348062098 -0.565157354 0.217504933
1413393956105760512.000000 2.022207022 -3.264801979 0.665699005 -0.721658647 -0.397243768 -0.508268178 0.251136631
1413393957005760512.000000 2.282050610 -2.639965773 0.666109025 -0.588932037 -0.574107468 -0.387022942 0.416860819
1413393957305760512.000000 2.351290703 -2.445489407 0.679577827 -0.510782182 -0.645985305 -0.337345004 0.456073523
1413393960055760384.000000 2.462838650 -1.507779837 0.237534046 -0.290155381 -0.761438489 -0.208533749 0.540865123
1413393961055760384.000000 2.354791164 -1.517419100 -0.046604510 -0.185495779 -0.818884671 -0.109642580 0.531975269
1413393961305760512.000000 2.257703304 -1.496714234 -0.086165808 -0.174375549 -0.774698615 -0.104373947 0.598783314
1413393961805760512.000000 2.263401747 -1.469638944 0.102230981 -0.162922204 -0.783933163 -0.126360193 0.585609436
1413393962055760384.000000 2.340630531 -1.496102810 0.334436357 -0.166993991 -0.802728951 -0.121896252 0.559357345
1413393962305760512.000000 2.389675617 -1.531510353 0.648315847 -0.169987097 -0.817475915 -0.114575028 0.538247347
1413393962555760384.000000 2.391819000 -1.558417439 0.931090593 -0.183254570 -0.844680190 -0.114012420 0.489831030
1413393962805760512.000000 2.315434456 -1.555112958 1.106950641 -0.216050610 -0.827563226 -0.175670564 0.487443566
1413393963055760384.000000 2.150081396 -1.551304817 1.225516081 -0.271403581 -0.774037421 -0.270216852 0.504171729
1413393963305760512.000000 1.923783422 -1.600791454 1.273685932 -0.360257059 -0.710723460 -0.321707368 0.511460125
1413393963555760384.000000 1.667657495 -1.706080794 1.252531767 -0.442044228 -0.659818649 -0.357894182 0.491068304
1413393963805760512.000000 1.401254296 -1.850423217 1.176473379 -0.495187134 -0.615804851 -0.398491859 0.465594590
1413393965055760384.000000 0.091762230 -2.955315590 0.521822989 -0.750497997 -0.380828649 -0.425059021 0.333237499
1413393965305760512.000000 0.041497439 -3.191661835 0.467497915 -0.803850472 -0.341026306 -0.388765842 0.293916136
1413393965555760384.000000 0.171629488 -3.357107401 0.471923053 -0.778572261 -0.401737124 -0.443514377 0.189017519
1413393968155760384.000000 -0.445248008 -1.911635637 0.661611617 -0.818762958 -0.166199759 -0.532645404 0.135254160
1413393971005760512.000000 -0.729549170 -1.632326841 0.783549249 0.802684307 -0.017140245 0.581942320 0.129411712
1413393973455760384.000000 -1.838094473 -0.812161505 0.679944754 0.766884446 -0.054413173 0.632576168 0.093674906
1413393973705760512.000000 -1.955317974 -0.643853664 0.649418294 0.754482567 -0.063875087 0.649957418 0.065048538
1413393974005760512.000000 -2.212889433 -0.428020865 0.613653004 0.812193871 -0.139860436 0.563095391 -0.060858335
1413393974305760512.000000 -2.439212322 -0.434953868 0.634417951 0.901801467 -0.102890432 0.419490993 -0.013964744
1413393974805760512.000000 -2.053552628 -0.645162225 0.841211855 -0.846065938 -0.023188768 -0.519560516 -0.117010951
1413393977455760384.000000 -0.491503537 0.284779578 0.803377867 0.816535830 -0.015680134 0.576512873 0.025620822
1413393980355760384.000000 -0.653800011 0.059540138 1.002864480 0.651226699 -0.538846254 0.398892492 0.355574638
1413393981105760512.000000 -0.851654530 -0.617937386 0.999579966 0.626154900 -0.557131648 0.419293880 0.348894179
1413393981605760512.000000 -0.916262925 -1.207729816 1.144047618 0.632250309 -0.544248998 0.422944367 0.353794664
1413393983755760384.000000 0.172478229 -3.099990606 1.089916468 -0.770454228 -0.259120584 -0.577762842 0.073802777
1413393984055760384.000000 0.311099976 -2.876681089 1.131817818 -0.726293206 -0.357963532 -0.564326882 0.160921127
1413393984355760384.000000 0.307932794 -2.547864914 1.194124460 -0.668975830 -0.448714465 -0.544103742 0.234686747
1413393984955760384.000000 -0.104879215 -1.808777809 1.270117044 -0.663465500 -0.476309448 -0.454173326 0.355906487
1413393987655760384.000000 -0.513762653 0.151002675 1.035269499 0.810248196 -0.083957627 0.574823499 0.077634297
1413393990355760384.000000 0.402906328 1.718522191 0.952458680 0.708710730 -0.375050306 0.553778350 0.224490359
1413393993205760512.000000 0.168372169 1.519622684 1.066820741 0.682884395 -0.477461219 0.444607317 0.328670025
1413393993905760512.000000 0.244483575 1.398143530 1.171511769 0.619183481 -0.417214304 0.528158426 0.404466122
1413393994305760512.000000 0.309755534 1.568426609 1.139568329 0.600391269 -0.447189122 0.558025599 0.357993990
1413393994605760512.000000 0.259833455 1.881737232 1.156457543 0.696541607 -0.523458064 0.416822076 0.258999735
1413393995105760512.000000 0.236635923 1.981112242 1.040485382 0.670093954 -0.498996228 0.443572283 0.324377269
1413393995455760384.000000 0.279193044 1.862486362 0.931063473 0.660371840 -0.472676635 0.517747343 0.269116223
1413393995755760384.000000 0.237282410 1.732737660 0.862648427 0.711965799 -0.363037676 0.551398993 0.239306539
1413393996055760384.000000 0.137315214 1.621791840 0.816225290 0.745187461 -0.241442695 0.593721032 0.184109986
1413393996355760384.000000 -0.037294075 1.552753806 0.760974824 0.773588240 -0.203566656 0.586182773 0.128497615
1413393996655760384.000000 -0.252609968 1.486980081 0.651227295 0.803653359 -0.193620771 0.549222052 0.122505248
1413393996955760384.000000 -0.425937355 1.414786816 0.546051264 0.812544167 -0.161950022 0.547803044 0.116000451
1413393997455760384.000000 -0.582853377 1.310239315 0.441138744 0.808677971 -0.120131060 0.567418277 0.098209344
1413393997755760384.000000 -0.638772726 1.276460290 0.321868688 0.804728568 -0.116263449 0.574160099 0.096099369
1413393998055760384.000000 -0.681798637 1.277145505 0.250444412 0.809488773 -0.119264297 0.566007614 0.100694992
1413393998505760512.000000 -0.698578119 1.340871692 0.201289237 0.810905755 -0.141117811 0.559058309 0.099857077
1413393998905760512.000000 -0.670299411 1.410143733 0.185649514 0.798371434 -0.165822685 0.574539959 0.070779398
1413393999205760512.000000 -0.661027312 1.421783686 0.152756304 0.805088162 -0.136878878 0.566338062 0.111167908
1413393999505760512.000000 -0.637706161 1.446140289 0.104073219 0.810164869 -0.159487128 0.558130801 0.081773214
1413393999955760384.000000 -0.569959760 1.418254256 0.020711154 0.800819695 -0.168679208 0.570668221 0.067624025
1413394000405760512.000000 -0.571163654 1.404095531 0.008537853 0.787950754 -0.156928316 0.585182428 0.109857932
1413394000555760384.000000 -0.570526004 1.404061079 0.004467629 0.789491177 -0.157343924 0.583038986 0.109600067
1413394001055760384.000000 -0.568934679 1.403934717 0.003725138 0.788934588 -0.158066928 0.583763659 0.108706787
1413394001555760384.000000 -0.568626523 1.403819084 0.003532011 0.788916588 -0.158449933 0.583772600 0.108230732
1413394002055760384.000000 -0.569504857 1.404283166 0.003188483 0.788806021 -0.158762366 0.583909333 0.107840084
1413394002555760384.000000 -0.569128275 1.404071569 0.003371058 0.788764477 -0.158912271 0.583964705 0.107622668
1413394003055760384.000000 -0.569188058 1.404106379 0.003473278 0.788813233 -0.159235030 0.583866715 0.107320033
