1403638147795097088.000000 -0.795671940 -0.060009070 0.477788299 -0.589783669 -0.596071720 -0.379311234 0.391122341
1403638148095097088.000000 -0.795752287 -0.029715536 0.512835681 -0.581113875 -0.578850448 -0.399994344 0.408953965
1403638149595097088.000000 -0.876818955 0.227845684 0.887777925 -0.563668430 -0.594311655 -0.393100560 0.417784095
1403638152445096960.000000 -2.212813139 0.996562421 1.023596287 -0.402202040 -0.721536636 -0.291583776 0.482283473
1403638152745096960.000000 -2.468909025 1.068321705 1.012785554 -0.404033870 -0.722614467 -0.285400361 0.482837170
1403638152995097088.000000 -2.707360029 1.130656719 1.043120503 -0.384369105 -0.727304101 -0.267477483 0.501742065
1403638153445096960.000000 -3.144213200 1.251187086 1.126761436 -0.346463531 -0.755442917 -0.237092242 0.503046870
1403638154545096960.000000 -4.400635242 1.508360147 1.186081171 -0.260725379 -0.762156546 -0.205512434 0.555791557
1403638155195097088.000000 -5.098046780 1.441583395 1.260611892 -0.215147048 -0.786373258 -0.176803485 0.551424921
1403638155695097088.000000 -5.609656811 1.248432875 1.290998936 -0.165645704 -0.784361362 -0.137505114 0.581748426
1403638156295097088.000000 -6.091806412 0.877099395 1.268969417 -0.061773777 -0.823173642 -0.033718903 0.563411236
1403638156595097088.000000 -6.317656517 0.706150591 1.282722831 -0.037525486 -0.830493510 -0.009855172 0.555675566
1403638156945096960.000000 -6.613460541 0.542204380 1.240519762 -0.036210913 -0.831981361 -0.010647913 0.553518236
1403638157195097088.000000 -6.852757931 0.447379500 1.229952812 -0.042312343 -0.836386561 -0.014465552 0.546312928
1403638158245096960.000000 -8.039464951 0.068669245 1.323536634 0.062070355 -0.819930255 0.055019315 0.566422701
1403638158595097088.000000 -8.427700043 -0.053782165 1.319500566 0.078383997 -0.816814303 0.047177836 0.569600403
1403638158845096960.000000 -8.692630768 -0.147066832 1.303132296 0.069488131 -0.819975138 0.053590205 0.565632582
1403638159095097088.000000 -8.953986168 -0.239064634 1.323532820 0.062475357 -0.832416475 0.056256846 0.547736168
1403638159945096960.000000 -9.912874222 -0.405702561 1.492725968 0.048297040 -0.792940378 0.070961639 0.603222489
1403638160395097088.000000 -10.238056183 -0.321477354 1.770478725 0.066740729 -0.823337317 0.053031370 0.561114192
1403638160595097088.000000 -10.376029968 -0.280460894 1.911934257 0.066751443 -0.827020168 0.052835990 0.555688858
1403638160995097088.000000 -10.675426483 -0.195436567 2.145528555 0.035262764 -0.807780027 0.056390248 0.585720181
1403638161195097088.000000 -10.807909012 -0.129246414 2.241459370 0.002901387 -0.807402372 0.030386891 0.589211166
1403638162195097088.000000 -11.360411644 0.345609456 2.536677837 -0.107900314 -0.815900624 -0.042591110 0.566436052
1403638162495097088.000000 -11.521271706 0.542268693 2.612644196 -0.117457747 -0.814678490 -0.039769039 0.566498995
1403638162895097088.000000 -11.724020004 0.862338185 2.740309238 -0.116382107 -0.816372931 -0.048274118 0.563613474
1403638165595097088.000000 -11.840188026 3.723953485 3.277278900 -0.231575161 -0.771337509 -0.136426002 0.576887548
1403638166595097088.000000 -11.180063248 4.704806328 3.341555357 -0.210885346 -0.793018162 -0.152111307 0.550919056
1403638166995097088.000000 -10.943706512 5.032855988 3.438058853 -0.232394785 -0.806414306 -0.114496998 0.531581581
1403638167195097088.000000 -10.845844269 5.220446110 3.472550392 -0.226998270 -0.812452853 -0.121692546 0.523051679
1403638167395097088.000000 -10.781915665 5.432023048 3.536443949 -0.221355319 -0.811362863 -0.130518541 0.525030494
1403638168795097088.000000 -10.480168343 7.326833248 3.808348417 -0.326109767 -0.770552337 -0.223279148 0.500048101
1403638168995097088.000000 -10.459955215 7.628363609 3.812922478 -0.325457662 -0.772625387 -0.225304261 0.496352017
1403638169395097088.000000 -10.488062859 8.225818634 3.758919477 -0.343026459 -0.739855528 -0.203438967 0.541811109
1403638169595097088.000000 -10.484079361 8.529532433 3.719844341 -0.368565649 -0.717394590 -0.215299636 0.550590992
1403638169795097088.000000 -10.438402176 8.830737114 3.705491066 -0.390255719 -0.708628595 -0.254345536 0.529956996
1403638169995097088.000000 -10.369738579 9.116965294 3.725091696 -0.408352137 -0.692719460 -0.306816012 0.509168208
1403638170895097088.000000 -9.937768936 10.038380623 3.766334772 -0.567184687 -0.563377500 -0.384223610 0.461822122
1403638171445096960.000000 -9.444795609 10.322314262 3.768194199 -0.607791424 -0.512722671 -0.419797808 0.437578559
1403638171695097088.000000 -9.164942741 10.365984917 3.750138283 -0.618230462 -0.493409067 -0.426062137 0.439100981
1403638172345096960.000000 -8.226370811 10.138537407 3.739344835 -0.630740583 -0.468420148 -0.451447219 0.423018247
1403638172745096960.000000 -7.552496433 9.773365974 3.607950926 -0.626636207 -0.466249555 -0.448622286 0.434368998
1403638172945096960.000000 -7.188485146 9.523039818 3.506552696 -0.626852214 -0.468314439 -0.441041052 0.439568847
1403638174345096960.000000 -4.294691563 7.124392033 2.326042414 -0.629923820 -0.516033709 -0.434486866 0.384871960
1403638174545096960.000000 -3.907524347 6.758152008 2.142752409 -0.634992778 -0.520455241 -0.425747603 0.380328208
1403638174745096960.000000 -3.526994944 6.412247181 1.981903434 -0.637479544 -0.530289233 -0.421195120 0.367434233
1403638175045096960.000000 -2.980131388 5.943944454 1.794723034 -0.638520658 -0.534609377 -0.420287192 0.360337287
1403638177145096960.000000 -0.387296855 5.254280090 1.485165477 -0.622894406 -0.541028440 -0.445687801 0.347351640
1403638177595097088.000000 -0.217524290 5.400467396 1.424712539 -0.631437123 -0.532042921 -0.436545640 0.357275039
1403638179245096960.000000 0.467412144 5.574698448 1.207995653 -0.751081109 -0.365640014 -0.485643506 0.257555872
1403638179495097088.000000 0.641473651 5.558381081 1.135996461 -0.759853363 -0.333859533 -0.503884554 0.239293113
1403638179745096960.000000 0.829135656 5.548769474 1.061735749 -0.771032691 -0.282422721 -0.527684808 0.217473477
1403638180595097088.000000 1.535924315 5.480558872 0.955174625 -0.802383780 -0.220979854 -0.531189620 0.158700645
1403638180895097088.000000 1.833801270 5.475499153 0.925566852 -0.806625068 -0.230942592 -0.520641565 0.157968327
1403638181595097088.000000 2.654824018 5.507609367 0.814493239 -0.792091072 -0.166452795 -0.559474468 0.178531617
1403638182245096960.000000 3.404211283 5.311295033 0.803642094 -0.826734602 -0.087590493 -0.549245954 0.084656127
1403638182545096960.000000 3.757614136 5.193964958 0.833945632 -0.834303439 -0.087377578 -0.539085329 0.075432494
1403638182795097088.000000 4.083091736 5.095338345 0.900641501 -0.833930552 -0.098664775 -0.538435996 0.070085399
1403638183445096960.000000 5.002535343 4.895355701 0.973492205 -0.828625560 -0.112436153 -0.544057190 0.068844087
1403638183945096960.000000 5.744986057 4.835441589 0.978823841 -0.812704742 -0.115050517 -0.567428887 0.065566540
1403638184195097088.000000 6.099922657 4.843330860 1.030426621 -0.823221684 -0.113150515 -0.552529573 0.064916439
1403638184645096960.000000 6.734087944 4.911530495 1.077182651 -0.817769110 -0.110409729 -0.561123431 0.064836860
1403638184845096960.000000 7.009243488 4.963291168 1.092162848 -0.818156600 -0.108894289 -0.560784161 0.065443821
1403638185095097088.000000 7.343783379 5.042456150 1.119210362 -0.817077100 -0.109455988 -0.562440872 0.063756011
1403638185345096960.000000 7.667526722 5.138577938 1.152203083 -0.816299260 -0.115918420 -0.563109875 0.055908117
1403638186195097088.000000 8.616941452 5.646921158 1.252461791 -0.811327696 -0.153207272 -0.552571416 0.113752544
1403638186445096960.000000 8.875339508 5.791564465 1.279739618 -0.810834944 -0.158379987 -0.553260565 0.106608175
1403638186645096960.000000 9.076334953 5.907670975 1.314304590 -0.810303748 -0.160834029 -0.554610670 0.099736243
1403638189395097088.000000 9.878565788 7.584079266 1.732326627 -0.726275444 -0.351551771 -0.530988157 0.258818418
1403638190545096960.000000 9.190345764 7.702235222 1.843355894 -0.694770336 -0.409848273 -0.529489875 0.262600571
1403638190745096960.000000 9.049619675 7.749878883 1.818815112 -0.693690538 -0.416149527 -0.521159768 0.272039503
1403638192745096960.000000 7.274451733 8.187170982 2.130635023 -0.691137552 -0.404159337 -0.519772470 0.298028052
1403638192895097088.000000 7.121165276 8.226791382 2.176115751 -0.684727907 -0.393427968 -0.527743340 0.312808454
1403638193045096960.000000 6.962155342 8.246146202 2.213799238 -0.677916586 -0.378505945 -0.532162368 0.337587893
1403638193245096960.000000 6.746647358 8.223169327 2.273783445 -0.679126620 -0.398416430 -0.517459750 0.335092425
1403638193845096960.000000 6.084263325 7.920027256 2.526011467 -0.685306489 -0.433953196 -0.492013335 0.316168576
1403638194245096960.000000 5.642684937 7.650865555 2.590664148 -0.681715846 -0.429344326 -0.499199092 0.318947136
1403638194445096960.000000 5.424834251 7.505368710 2.598596573 -0.687839150 -0.430472463 -0.491558045 0.316135198
1403638197045096960.000000 3.697285652 6.936379910 2.579077244 -0.705395520 -0.436131895 -0.470189840 0.301873714
1403638197895097088.000000 3.476506948 7.265741825 2.762643576 -0.685036004 -0.434831470 -0.498121649 0.305813819
1403638198295097088.000000 3.309870958 7.392811775 2.735248566 -0.683587372 -0.428758115 -0.499362648 0.315454811
1403638198545096960.000000 3.190302610 7.439206600 2.636723042 -0.683032215 -0.441361606 -0.499440134 0.298708260
1403638198795097088.000000 3.042886734 7.480912209 2.534423590 -0.660536826 -0.458739907 -0.527878106 0.273118138
1403638199245096960.000000 2.576480627 7.557959557 2.478187084 -0.663641334 -0.453981578 -0.524395823 0.280160427
1403638199645096960.000000 1.957754135 7.626615524 2.581337452 -0.660049379 -0.463841140 -0.523793340 0.273544878
1403638200045096960.000000 1.188024879 7.699734688 2.719899893 -0.665542543 -0.469626188 -0.487486452 0.314422369
1403638200245096960.000000 0.786413312 7.733276844 2.769900322 -0.642440379 -0.490202904 -0.490699679 0.325860977
1403638200445096960.000000 0.366971135 7.761260033 2.839383841 -0.616412282 -0.512521923 -0.489555448 0.343063533
1403638200645096960.000000 -0.074408606 7.778556347 2.934007406 -0.595743895 -0.538760483 -0.486219317 0.344118059
1403638200845096960.000000 -0.546683252 7.786324024 3.040584564 -0.582779348 -0.560753942 -0.476157606 0.345249385
1403638201045096960.000000 -1.049665570 7.788453102 3.123869181 -0.589951515 -0.557212055 -0.455995440 0.365431607
1403638201445096960.000000 -2.083446980 7.776472569 3.201881170 -0.596415281 -0.549475670 -0.450928748 0.372865379
1403638201645096960.000000 -2.601010799 7.765654087 3.197463274 -0.595747828 -0.545717895 -0.456088632 0.373175204
1403638201845096960.000000 -3.119717360 7.746272087 3.160191536 -0.597542584 -0.542089641 -0.456781805 0.374742717
1403638202245096960.000000 -4.165029049 7.654394150 3.079776764 -0.598639727 -0.553841949 -0.428571790 0.388864845
1403638202645096960.000000 -5.163097858 7.549723148 3.035408020 -0.601787567 -0.560051620 -0.412890106 0.392065912
1403638202845096960.000000 -5.629870892 7.512443066 2.981129646 -0.600845337 -0.559364974 -0.415214837 0.392036200
1403638203245096960.000000 -6.501540661 7.441332340 2.892638922 -0.595351875 -0.555446029 -0.425141275 0.395336300
1403638203445096960.000000 -6.909970284 7.400334835 2.877509117 -0.594591677 -0.551462352 -0.425769389 0.401335746
1403638203845096960.000000 -7.669269085 7.296499729 2.834665537 -0.596535921 -0.551658869 -0.422352582 0.401790619
1403638204245096960.000000 -8.347728729 7.160714149 2.889758587 -0.603775322 -0.554068565 -0.407553405 0.402943671
1403638204445096960.000000 -8.648775101 7.093928814 2.945949078 -0.619809628 -0.549136758 -0.385308683 0.407212585
1403638204745096960.000000 -9.027820587 7.017389774 3.002454042 -0.609690428 -0.557328105 -0.385978520 0.410711229
1403638204995097088.000000 -9.295390129 6.969476223 3.004144192 -0.560169220 -0.601249933 -0.388741076 0.416640639
1403638205245096960.000000 -9.563222885 6.926606655 2.985971212 -0.488292724 -0.658790112 -0.350746483 0.452263951
1403638205495097088.000000 -9.836771965 6.880122185 3.011430264 -0.399365395 -0.707873642 -0.307657033 0.494741827
1403638205695097088.000000 -10.051408768 6.824808121 3.064862728 -0.343965709 -0.727664113 -0.306695998 0.508065104
1403638205895097088.000000 -10.278863907 6.732563972 3.138797045 -0.311127156 -0.741106570 -0.292242438 0.518223345
1403638206595097088.000000 -11.131734848 6.119509220 3.439723492 -0.232553288 -0.765154481 -0.189894825 0.569559216
1403638207095097088.000000 -11.616974831 5.544025421 3.481518269 -0.209046215 -0.765370250 -0.166898146 0.585365832
1403638207345096960.000000 -11.792511940 5.232653618 3.436634302 -0.196666300 -0.765152395 -0.155966371 0.592907012
1403638207595097088.000000 -11.914080620 4.896947861 3.382082939 -0.158908814 -0.774512112 -0.128966421 0.598537207
1403638208045096960.000000 -11.997279167 4.291801929 3.387367725 -0.141814858 -0.801972866 -0.088583484 0.573481619
1403638208295097088.000000 -12.007155418 3.986705065 3.396697521 -0.142263591 -0.793685675 -0.091434166 0.584349215
1403638208545096960.000000 -11.994715691 3.697705030 3.368917704 -0.139849886 -0.801218927 -0.087855682 0.575127602
1403638208795097088.000000 -11.965986252 3.421789408 3.370294571 -0.117756642 -0.805068135 -0.069424644 0.577216566
1403638209045096960.000000 -11.921339035 3.168659925 3.377781153 -0.102443002 -0.804965794 -0.062367599 0.581073046
1403638209295097088.000000 -11.858271599 2.932356834 3.343060493 -0.099502422 -0.805711150 -0.056749340 0.581126809
1403638209545096960.000000 -11.783860207 2.715091467 3.268542051 -0.100082293 -0.803399146 -0.054495119 0.584434569
1403638209845096960.000000 -11.679607391 2.482023001 3.057565689 -0.099797428 -0.803238988 -0.059288356 0.584236741
1403638210095097088.000000 -11.575035095 2.302790642 2.809432507 -0.096629575 -0.793390095 -0.065310836 0.597435653
1403638210345096960.000000 -11.432034492 2.127823114 2.586891174 -0.096385367 -0.788951457 -0.065849729 0.603265584
1403638210595097088.000000 -11.240936279 1.955887556 2.363945484 -0.098270237 -0.788376987 -0.064793050 0.603826642
1403638210945096960.000000 -10.898810387 1.722432017 2.044708252 -0.102276959 -0.791703999 -0.060618870 0.599224091
1403638211245096960.000000 -10.548274040 1.539252281 1.841818094 -0.105228953 -0.799833596 -0.054622330 0.588395834
1403638211545096960.000000 -10.180261612 1.388867497 1.676895380 -0.128287807 -0.798329949 -0.069098040 0.584326148
1403638211795097088.000000 -9.852513313 1.287482977 1.506404996 -0.181792974 -0.787710249 -0.093701400 0.581105709
1403638212045096960.000000 -9.506840706 1.216633320 1.348088861 -0.243732050 -0.773066878 -0.126290679 0.571850538
1403638212295097088.000000 -9.142134666 1.179399729 1.241292477 -0.292001158 -0.756351113 -0.171150267 0.559799790
1403638212545096960.000000 -8.757274628 1.158167005 1.185950756 -0.340982765 -0.735959709 -0.209307894 0.546154141
1403638212795097088.000000 -8.352598190 1.144855499 1.176955342 -0.391062409 -0.712864041 -0.245649427 0.527779877
1403638213045096960.000000 -7.930090427 1.137008190 1.203924775 -0.446289748 -0.682546914 -0.281906337 0.505454183
1403638213295097088.000000 -7.494197369 1.138974786 1.237655640 -0.512734830 -0.647725344 -0.301404119 0.476141244
1403638213545096960.000000 -7.038745880 1.168215752 1.234494209 -0.577210724 -0.605736911 -0.312406331 0.449792176
1403638213795097088.000000 -6.549710274 1.236391783 1.228937030 -0.576082230 -0.582180560 -0.372678936 0.436240286
1403638214045096960.000000 -6.056529522 1.312819839 1.256274462 -0.575592518 -0.582797289 -0.385260195 0.424988478
1403638214445096960.000000 -5.293635368 1.450963855 1.324681759 -0.579253197 -0.605610788 -0.363529116 0.406875938
1403638215795097088.000000 -3.043721437 2.011940956 1.120403886 -0.546352088 -0.602884591 -0.388220519 0.432798475
1403638218345096960.000000 -0.814759672 1.968723655 0.888866007 -0.585215092 -0.557286441 -0.446289062 0.384423316
1403638221045096960.000000 -0.851375043 0.850283206 0.906721175 -0.622470140 -0.532182276 -0.437988579 0.370781511
1403638221545096960.000000 -0.874134600 0.605725765 0.878168643 -0.631569684 -0.529563487 -0.428459346 0.370276868
1403638222045096960.000000 -0.885682344 0.397161543 0.862495124 -0.624918282 -0.527744830 -0.437461883 0.373616964
1403638222545096960.000000 -0.897719979 0.218318477 0.865924656 -0.634150505 -0.536426425 -0.424728155 0.360146940
1403638222945096960.000000 -0.909292877 0.132126793 0.812184632 -0.619980156 -0.523170829 -0.444384366 0.380051911
1403638223345096960.000000 -0.932839751 0.029822480 0.779357493 -0.637147963 -0.531427383 -0.420278639 0.367414385
1403638223595097088.000000 -0.937126458 -0.023391785 0.761792064 -0.638293266 -0.518572867 -0.418626934 0.385247082
1403638223845096960.000000 -0.918546438 -0.070643216 0.734123051 -0.626756430 -0.530760944 -0.436043471 0.367879450
1403638224095097088.000000 -0.905794919 -0.113293692 0.697327256 -0.627028465 -0.536946297 -0.435208768 0.359329045
1403638224395097088.000000 -0.908704340 -0.140654892 0.652780533 -0.629804194 -0.533752382 -0.431625456 0.363530666
1403638224695097088.000000 -0.921773434 -0.148721159 0.614139915 -0.628563344 -0.530285954 -0.433072507 0.368989289
1403638224995097088.000000 -0.939846098 -0.147729024 0.598419011 -0.632206857 -0.522770941 -0.426886678 0.380516499
1403638225295097088.000000 -0.944108784 -0.138656512 0.608092427 -0.630798161 -0.533519506 -0.426501781 0.368167013
1403638225545096960.000000 -0.944552779 -0.124788955 0.609174728 -0.618000567 -0.526120484 -0.444515973 0.379048973
1403638225795097088.000000 -0.951830268 -0.123655900 0.561793685 -0.614683867 -0.524746180 -0.448912263 0.381159961
1403638226045096960.000000 -0.971586108 -0.134798557 0.480162680 -0.633887112 -0.543935120 -0.418350816 0.356797427
1403638226345096960.000000 -0.995140612 -0.116435952 0.484683424 -0.632663548 -0.543955266 -0.419705749 0.357346773
1403638226845096960.000000 -0.990925193 -0.108003214 0.511305988 -0.632677674 -0.543460846 -0.419500023 0.358314365
1403638227345096960.000000 -0.988994420 -0.104024187 0.530377805 -0.633155584 -0.543757856 -0.418851852 0.357777178
1403638227845096960.000000 -0.989068031 -0.101266146 0.540320337 -0.633338332 -0.544011295 -0.418495059 0.357486099
1403638228345096960.000000 -0.989070296 -0.097040944 0.539653599 -0.633645535 -0.543954134 -0.418089658 0.357503027
1403638228845096960.000000 -0.988600254 -0.092464030 0.537745595 0.633835673 0.543955922 0.417853534 -0.357439101
