#Stereo rect[ms], MP culling[ms], MP creation[ms], LBA[ms], KF culling[ms], Total[ms]
9.458522,0.214403,2.294270,0.015648,0.015648,11.995515
11.985466,0.403941,5.840652,0.004800,0.004800,18.239179
8.441709,0.356229,4.818398,0.345733,0.345733,61.897887
14.004948,0.591080,14.466587,1.259792,1.259792,80.344908
15.137507,0.355301,17.990920,1.794840,1.794840,96.224794
15.754923,0.420774,22.357600,2.698339,2.698339,122.818193
16.592918,0.431750,27.048380,3.177513,3.177513,132.021639
17.700100,0.474662,30.156421,2.774148,2.774148,128.933311
18.662033,0.466406,35.379881,3.606286,3.606286,141.052860
18.461294,0.490854,37.453731,82.414311,82.414311,224.643410
19.323161,0.443206,35.307560,4.367800,4.367800,126.440767
20.355271,0.473254,45.669549,5.257476,5.257476,183.055834
16.512789,0.448870,36.279252,5.177027,5.177027,134.553832
22.280831,0.572968,50.089574,6.357234,6.357234,161.637317
22.158590,0.610696,54.807075,6.268305,6.268305,189.437132
23.218859,0.552039,62.546471,8.440557,8.440557,207.417972
24.486267,0.620776,50.806192,8.295467,8.295467,189.493804
19.646814,0.502150,42.612358,8.988052,8.988052,358.418992
13.762258,0.371109,34.382875,9.759613,9.759613,165.968189
17.493282,0.470054,46.197492,10.814316,10.814316,194.369260
17.720933,0.434405,47.915562,11.626934,11.626934,201.418886
15.607593,0.359717,39.468605,12.970184,12.970184,197.819448
13.629072,0.361573,33.838484,12.606050,12.606050,190.227350
13.366668,0.328740,33.985015,11.957146,11.957146,199.090792
14.066997,0.361829,36.161746,11.214032,11.214032,194.772080
15.561449,0.374853,39.952803,13.233963,13.233963,199.498702
12.063548,0.336004,32.448227,12.203838,12.203838,194.487277
13.451533,0.391494,34.894818,14.921505,14.921505,200.071573
14.628605,0.404389,43.554098,12.355744,12.355744,202.632246
11.711544,0.362660,33.074187,14.750558,14.750558,197.704919
11.858648,0.408998,31.043600,11.505461,11.505461,192.274064
15.879277,0.396549,43.675444,13.840083,13.840083,210.565757
14.695422,0.447750,41.122034,10.876909,10.876909,195.459994
12.186621,0.420326,33.917973,12.904647,12.904647,191.364517
10.974126,0.396069,31.484246,13.258795,13.258795,193.057659
17.646820,0.575847,42.207201,10.909485,10.909485,202.407891
21.306163,0.785578,58.426674,12.344448,12.344448,228.958250
20.980687,0.703689,57.463141,11.970650,11.970650,226.020131
21.449941,0.664520,55.596397,11.896505,11.896505,223.694853
14.608892,0.522823,42.036126,10.446950,10.446950,201.123586
21.968827,0.746026,58.077517,12.226750,12.226750,254.008268
20.010370,0.785194,57.781450,11.463636,11.463636,252.711196
19.197752,0.745961,49.350365,11.887577,11.887577,220.954402
18.951509,0.700393,48.171661,11.620470,11.620470,219.254925
19.619229,0.663945,48.949783,11.653878,11.653878,218.462370
9.728829,0.416326,22.701285,11.237553,11.237553,172.604914
14.166550,0.539911,35.314024,10.608169,10.608169,194.763216
12.316767,0.532711,30.554314,9.045109,9.045109,193.096091
12.845894,0.535751,32.407810,12.323967,12.323967,197.195599
10.379846,0.483718,26.686872,8.506990,8.506990,171.968170
14.548956,0.660073,38.066986,12.426784,12.426784,211.088195
9.837407,0.448486,24.436699,9.069429,9.069429,168.748673
11.795320,0.725482,32.458434,11.790424,11.790424,194.649551
10.521992,0.528902,26.078737,8.711472,8.711472,170.226899
13.782546,0.653928,35.585387,10.339845,10.339845,195.336215
11.810840,0.617256,30.232806,8.627632,8.627632,196.065793
11.922618,0.686857,30.829581,9.485946,9.485946,448.811709
12.962983,0.792394,34.001111,8.031656,8.031656,198.561345
9.829182,0.689161,27.121694,8.188873,8.188873,196.529958
11.091567,0.786986,28.995990,8.060680,8.060680,192.711445
12.375295,1.028846,41.185459,9.968705,9.968705,214.997909
15.852652,0.904108,41.606776,9.089781,9.089781,214.701937
9.500090,0.686249,27.306080,8.888082,8.888082,192.955161
8.842546,0.795914,26.468374,13.127241,13.127241,195.603195
7.932807,0.814122,23.169739,11.619061,11.619061,194.704559
8.745297,0.831082,26.620376,9.546811,9.546811,190.214709
7.237374,0.756297,21.248499,12.454784,12.454784,197.254352
7.578273,0.940941,23.033833,10.545832,10.545832,186.003519
5.147330,0.897580,13.345804,7.435552,7.435552,170.076305
7.789508,1.261136,21.599223,5.955757,5.955757,199.976147
13.058377,0.921612,35.831182,8.991188,8.991188,217.468533
13.785106,1.160399,39.747361,8.793074,8.793074,228.490915
13.117385,0.833483,22.559747,8.418605,8.418605,200.759197
10.224932,1.075885,29.314810,7.947207,7.947207,210.616668
14.717181,0.812907,37.127231,7.497665,7.497665,221.095171
15.223716,0.645704,42.578789,5.959149,5.959149,222.914362
10.908813,0.610088,30.540777,8.412620,8.412620,205.911103
16.646487,0.689225,45.675309,8.209642,8.209642,230.802433
11.129583,0.555303,32.862344,5.597352,5.597352,207.955641
11.465396,0.601928,34.065911,6.546165,6.546165,214.071049
17.432897,0.754762,49.965700,9.078325,9.078325,236.472202
11.951354,0.616104,36.582744,8.656752,8.656752,220.730623
14.163094,0.635112,35.597643,8.880243,8.880243,221.799596
18.311052,0.914284,52.192033,10.563976,10.563976,248.925706
18.021160,0.864235,52.456549,11.248433,11.248433,260.584160
12.809445,0.711562,37.670181,10.051649,10.051649,227.083280
18.852435,0.810090,57.615399,8.975188,8.975188,267.102260
19.262713,0.751113,51.555897,9.346520,9.346520,259.977336
19.734655,0.837611,56.162804,12.068347,12.068347,261.189096
15.846253,0.635048,45.625772,9.211639,9.211639,237.815451
13.483406,0.683369,43.521041,10.895661,10.895661,239.388847
20.400871,0.706665,56.167476,15.728683,15.728683,257.433111
20.027874,0.761674,57.089888,12.887014,12.887014,267.964607
10.305061,0.511142,28.788339,14.230104,14.230104,220.021173
21.673367,0.834795,63.113742,13.471438,13.471438,280.995943
22.235071,0.821835,64.149083,13.270731,13.270731,282.931392
22.663812,0.757738,62.831370,12.597699,12.597699,275.163004
22.638756,0.773834,58.656532,13.527183,13.527183,269.598068
16.599510,0.618536,42.706918,13.644880,13.644880,253.637414
11.661558,0.552743,30.654636,13.762001,13.762001,221.931661
19.328185,0.724906,49.599327,14.087222,14.087222,267.359383
21.140592,0.694153,58.270800,12.112700,12.112700,261.863888
12.515361,0.731754,36.968605,14.247352,14.247352,171.334721
22.461857,0.955053,60.700142,17.201789,17.201789,264.719924
16.375603,0.811530,44.474109,13.721296,13.721296,233.864422
23.921205,0.868139,65.318314,14.335289,14.335289,277.679548
23.183691,0.712586,64.488191,17.602499,17.602499,277.038580
23.940532,0.751338,67.739273,15.367142,15.367142,271.395434
24.426010,0.755850,63.372113,13.394253,13.394253,268.425476
24.562493,0.817258,64.501376,16.245777,16.245777,271.671438
21.336692,0.736969,60.493420,16.415923,16.415923,264.895223
18.912532,0.781194,54.791714,15.983182,15.983182,248.314337
18.170538,0.765834,54.215675,16.188785,16.188785,248.366978
19.340441,0.720297,53.484146,16.403475,16.403475,260.775969
12.726884,0.488422,34.632959,11.035887,11.035887,211.759786
12.073116,1.057934,42.548900,13.575567,13.575567,233.602500
17.740484,0.725322,54.969636,13.068009,13.068009,262.826396
17.509442,0.828971,55.397482,12.828262,12.828262,271.261033
15.740715,0.596007,36.382389,13.775122,13.775122,225.041973
16.140880,0.618216,41.047409,12.795973,12.795973,233.460481
17.495681,0.802155,55.036741,12.243550,12.243550,245.538109
17.897543,0.830666,54.751106,10.317573,10.317573,253.389570
17.739492,0.842219,54.388189,10.532424,10.532424,259.001514
12.648387,0.749002,38.706099,10.818924,10.818924,230.138967
12.331839,0.739082,39.976227,11.842264,11.842264,232.853081
12.368671,0.790314,37.512740,15.229509,15.229509,252.924252
13.671536,0.992845,44.400092,17.294815,17.294815,265.803266
17.895911,1.054862,58.150989,15.932142,15.932142,263.807881
16.273810,0.991149,54.518750,12.845861,12.845861,261.478954
15.580009,1.148303,54.768289,12.540578,12.540578,270.324540
15.804107,1.084878,54.106042,12.596226,12.596226,263.612485
16.493556,1.051502,57.055711,15.256101,15.256101,270.950788
15.504776,0.870443,52.137184,14.010229,14.010229,267.520568
8.007399,0.634664,25.964559,13.261931,13.261931,219.694223
14.174039,1.151023,55.325001,11.855800,11.855800,270.412669
14.816063,1.077902,56.465976,11.139247,11.139247,269.425648
8.266602,0.836715,23.288396,12.755173,12.755173,209.580077
15.546248,1.026158,51.921757,13.966452,13.966452,258.230560
8.228714,0.746921,23.973941,13.729617,13.729617,209.763119
14.151702,0.898860,38.318158,11.700535,11.700535,236.510312
11.911546,0.826635,35.933967,15.216196,15.216196,247.550071
16.776761,0.825066,54.094201,14.892256,14.892256,265.308348
8.765489,0.677001,25.244069,10.911084,10.911084,220.559099
17.046140,0.861803,54.640256,15.212580,15.212580,269.522962
9.893919,0.564039,26.066608,16.148784,16.148784,227.926585
10.787627,0.793226,34.317467,12.257822,12.257822,237.896186
8.507470,0.757961,31.183442,15.707979,15.707979,232.320626
10.404870,0.992877,39.409723,16.972475,16.972475,243.689732
15.340166,1.244080,59.333724,10.982574,10.982574,273.761576
17.770981,1.254032,60.767023,16.713591,16.713591,281.936273
13.408973,0.888011,42.655782,12.945446,12.945446,264.877781
9.787454,0.692905,27.210079,13.681424,13.681424,216.832586
10.273380,0.639048,28.276077,15.796300,15.796300,215.348631
21.963515,0.926188,63.702453,19.767135,19.767135,272.593657
21.686392,0.848779,61.707419,16.800761,16.800761,265.688512
10.377414,0.599464,28.668305,19.470171,19.470171,214.795920
10.875693,0.654856,26.889691,19.084118,19.084118,213.663202
10.818700,0.645288,28.390574,20.092930,20.092930,213.189979
16.145616,0.709801,40.512490,16.314290,16.314290,231.214435
22.407137,0.938956,59.692577,20.153860,20.153860,261.426985
14.629436,0.668777,40.277863,16.193809,16.193809,227.320081
11.495892,0.655049,30.828589,15.774379,15.774379,210.170420
24.195000,0.871883,60.692943,18.390701,18.390701,261.171782
11.540372,0.576584,31.345812,16.001326,16.001326,210.659642
12.190653,0.510695,34.680831,17.940551,17.940551,210.191092
11.094959,0.506023,32.377697,18.855219,18.855219,206.964203
11.128815,0.480486,33.502256,15.557320,15.557320,205.032369
11.079631,0.474214,33.327437,14.843423,14.843423,206.602566
10.770731,0.518215,33.486831,16.328274,16.328274,205.281909
11.061646,0.542823,34.602814,19.558972,19.558972,210.076915
10.363654,0.650024,33.650546,16.816600,16.816600,207.055468
12.393312,0.832395,44.597758,19.211000,19.211000,227.342034
12.350783,0.767274,40.976720,18.726897,18.726897,216.473669
10.168483,0.612744,35.682475,16.113775,16.113775,205.638425
10.477735,0.676905,35.354727,23.898132,23.898132,211.363683
19.641853,0.919948,60.411050,19.974849,19.974849,259.132362
12.500385,0.681737,47.085374,17.335775,17.335775,221.135265
19.588701,0.969708,68.417138,16.245041,16.245041,268.925641
18.123274,0.917963,61.016019,20.096099,20.096099,272.994653
12.888646,0.687529,44.061560,11.521172,11.521172,232.299217
12.031643,0.746985,42.006302,10.641225,10.641225,230.572474
12.717028,0.761738,43.659218,11.290898,11.290898,237.883449
18.858770,0.807563,59.278940,11.361107,11.361107,261.508489
18.659760,0.845483,56.982750,9.265207,9.265207,262.612855
18.278508,0.878507,57.247938,13.692849,13.692849,280.312828
15.257668,0.652361,41.596248,12.911687,12.911687,267.252723
15.651210,0.796714,37.665253,8.344875,8.344875,272.546679
17.419232,0.992301,56.439959,15.907597,15.907597,287.016402
17.930087,0.906796,54.160282,15.867725,15.867725,284.374352
12.343743,0.913100,42.523683,15.944461,15.944461,270.728223
17.443168,0.942380,54.275100,10.267524,10.267524,285.176633
16.927162,0.848875,51.900093,10.600776,10.600776,286.202183
16.384275,1.106575,50.844399,9.571643,9.571643,287.384118
16.545205,0.955373,50.024164,16.189233,16.189233,291.758927
17.145021,1.005741,51.290324,12.005306,12.005306,292.770683
20.023137,1.010989,57.292515,12.671043,12.671043,300.393053
22.422401,0.874379,59.304764,16.195537,16.195537,308.000448
23.401198,0.799850,53.730260,28.049481,28.049481,308.256067
13.056840,0.546983,36.303060,23.384205,23.384205,276.783501
10.556392,0.445829,29.623806,34.719872,34.719872,294.382256
18.736465,0.825515,59.255227,19.493307,19.493307,298.462980
10.968493,0.616552,30.864334,19.488987,19.488987,255.928705
15.919469,0.962125,50.370568,22.605155,22.605155,285.133593
15.931150,0.944364,60.979377,16.479604,16.479604,294.740757
17.439649,0.866027,64.767746,15.922029,15.922029,297.467928
16.962427,0.952364,61.500600,19.207447,19.207447,291.449706
9.984609,0.593127,33.508144,16.132688,16.132688,238.345566
9.650844,0.580968,32.775142,8.927475,8.927475,234.786032
14.685885,0.769450,56.137875,13.241130,13.241130,282.634840
14.779582,0.843083,54.492862,13.718705,13.718705,271.267046
15.377030,0.853163,54.018328,8.098441,8.098441,268.703685
15.941261,0.676137,55.574955,14.404634,14.404634,273.458402
16.558517,0.645833,54.781793,13.216170,13.216170,275.045783
17.031963,0.762858,58.762613,8.727185,8.727185,284.874869
11.638198,0.612552,40.312615,16.090415,16.090415,269.197099
15.322245,0.571303,41.698170,12.791301,12.791301,271.672107
18.556015,0.750218,57.939626,8.939027,8.939027,284.559953
19.153911,0.798442,62.245890,13.674960,13.674960,295.466269
19.569692,0.836331,60.725454,11.044782,11.044782,293.402722
17.162045,0.575783,41.304628,10.260132,10.260132,279.481455
20.886445,0.706409,57.605542,11.508725,11.508725,285.113080
21.266386,0.702985,56.796668,14.412121,14.412121,282.036368
21.410580,0.731209,54.703201,16.621046,16.621046,279.515312
20.108963,0.801450,56.298613,14.220407,14.220407,273.216222
19.647037,0.739561,60.011525,18.176747,18.176747,280.618782
19.106134,0.814603,56.524248,17.872486,17.872486,272.246962
13.331979,0.715049,48.723732,17.868614,17.868614,261.267940
17.334047,0.869387,56.554648,18.064297,18.064297,274.814035
18.779474,0.838538,58.061900,10.166563,10.166563,277.078032
17.755173,0.799658,59.763522,16.447060,16.447060,273.093053
18.678864,0.784618,59.961476,16.435220,16.435220,261.724554
18.286604,0.840522,61.598106,16.420628,16.420628,267.367987
17.523362,0.749353,58.566258,16.210929,16.210929,281.109444
18.212875,0.857963,59.176058,16.605398,16.605398,269.223403
18.048744,0.766474,59.135898,14.371289,14.371289,274.079881
10.745899,0.630888,31.178961,14.582620,14.582620,203.492989
18.009768,0.790026,44.859746,15.188548,15.188548,231.226050
14.193847,0.676457,35.967887,15.106338,15.106338,221.049118
9.700477,0.555975,23.916820,15.151651,15.151651,197.365165
11.244593,0.800394,32.143582,12.575202,12.575202,209.674956
11.039502,0.771818,36.384469,16.342931,16.342931,221.840233
10.999310,0.765673,37.195231,12.409888,12.409888,217.388591
13.903187,0.790666,37.658981,11.946809,11.946809,217.979606
16.266737,0.909932,52.218368,11.451220,11.451220,237.980664
16.038958,0.795722,51.481207,12.689667,12.689667,236.900938
16.277777,0.779658,52.203168,14.527291,14.527291,252.763030
11.578165,0.665544,33.107115,15.447207,15.447207,213.754496
8.481326,0.461574,25.573097,13.828754,13.828754,201.030941
11.958234,0.627944,40.107684,14.795710,14.795710,231.873993
10.268836,0.574824,35.610986,10.067169,10.067169,214.943599
9.824094,0.549063,31.395573,9.565852,9.565852,212.333870
15.144963,0.629576,42.088094,12.165020,12.165020,228.541886
15.747179,0.701801,45.885550,13.976276,13.976276,233.154778
15.917549,0.678632,50.114470,13.768465,13.768465,234.620524
16.236369,0.810698,50.877743,15.798732,15.798732,240.368439
10.491815,0.693353,35.928270,15.975182,15.975182,215.646200
16.684279,0.988941,51.500791,14.447450,14.447450,260.109877
10.767531,0.868299,36.144689,15.951406,15.951406,218.305755
9.165590,0.668680,27.207775,10.646345,10.646345,203.628189
15.340421,0.792810,45.352328,14.307928,14.307928,232.261070
13.824370,0.689065,40.346343,12.928550,12.928550,228.056760
12.003803,0.653672,35.908142,10.382630,10.382630,218.865922
9.636028,0.585704,26.818681,15.497927,15.497927,208.454076
17.530466,0.691177,45.520682,15.879308,15.879308,242.300751
11.360306,0.572999,34.095767,14.739549,14.739549,214.757676
9.192151,0.439365,26.252210,19.211928,19.211928,210.066545
9.140278,0.475974,24.380250,17.809061,17.809061,210.991932
10.082626,0.460838,37.005372,56.389622,56.389622,264.355531
12.732260,0.436421,39.446812,31.564855,31.564855,255.781853
20.161988,0.820938,61.840732,30.582313,30.582313,296.050180
19.534172,0.794730,63.950295,22.208798,22.208798,281.930926
19.790495,0.656840,60.549004,27.664932,27.664932,282.680855
19.539707,0.589992,59.620320,28.715250,28.715250,283.520130
20.090306,0.666985,60.357289,28.835123,28.835123,277.437331
12.838405,0.460614,41.464758,27.787142,27.787142,240.909437
20.673130,0.771242,65.708206,24.869696,24.869696,279.046024
20.757675,0.796555,59.550494,24.908641,24.908641,281.899341
13.153354,0.609735,38.646578,26.849561,26.849561,248.833251
22.229790,0.751082,57.759335,26.270098,26.270098,278.696611
23.272555,0.762794,60.818159,23.148586,23.148586,289.722097
24.486779,0.663753,62.225249,26.640247,26.640247,293.109949
25.307814,0.763658,63.692115,26.591479,26.591479,296.124644
25.405191,0.853707,67.738888,21.746392,21.746392,292.509013
25.420455,0.912748,74.072186,24.332953,24.332953,310.538717
14.049685,0.618664,44.826529,26.864154,26.864154,281.183172
25.851533,1.006349,76.943934,29.609437,29.609437,335.562815
20.821100,0.756618,59.210106,24.613405,24.613405,289.063113
15.964813,0.683785,48.791284,22.985448,22.985448,281.361349
26.840825,0.944556,84.926310,24.503932,24.503932,340.187195
13.321611,0.489799,43.010313,26.992379,26.992379,276.753930
16.790393,0.588327,52.178560,32.796934,32.796934,290.507004
22.438497,0.740137,67.880586,26.685111,26.685111,333.476900
21.084624,0.625640,50.683084,27.722885,27.722885,285.808831
16.526805,0.560391,42.883016,28.929588,28.929588,278.388223
19.479387,0.510470,47.984618,23.793970,23.793970,273.239549
11.156912,0.389253,27.646660,30.810509,30.810509,242.702644
10.081314,0.350148,28.938517,25.090659,25.090659,158.457047
8.436109,0.191618,20.181796,28.720626,28.720626,221.531300
10.101122,0.290627,32.254367,26.293779,26.293779,150.365871
13.521998,0.355973,37.586340,26.991771,26.991771,165.342064
7.320095,0.087809,19.920672,22.309151,22.309151,116.128855
12.656098,0.282084,44.579230,20.561865,20.561865,151.857730
12.996040,0.094465,42.316160,29.718847,29.718847,158.166516
12.995687,0.098722,36.368372,21.742808,21.742808,146.618655
12.101212,0.083137,33.664530,25.827693,25.827693,152.080870
13.163945,0.086850,30.899213,22.696100,22.696100,126.701727
12.991015,0.073825,28.157610,23.479310,23.479310,116.685405
13.655120,0.055137,26.560118,23.184234,23.184234,105.411213
13.887698,0.033761,24.058293,22.488194,22.488194,100.863954
14.106453,0.052193,16.683286,20.502984,20.502984,89.494047
13.945524,0.046944,16.211697,22.393120,22.393120,93.464979
