1413394887055760384.000000 1.270306110 -1.300230742 -5.634163380 -0.518894911 -0.620844960 -0.368796855 0.457480609
1413394887905760512.000000 1.252566218 -1.325383306 -5.387157440 -0.536609530 -0.639389694 -0.361971080 0.414979547
1413394890605760512.000000 0.748683691 -0.785339117 -5.060097218 -0.508018076 -0.559136748 -0.399306357 0.519459605
1413394892455760384.000000 0.723738432 -0.067052931 -4.963483334 -0.423726708 -0.647981763 -0.370656341 0.513019681
1413394895105760512.000000 -0.416196704 -2.101743221 -5.152260780 -0.032953147 -0.812994003 0.005775921 0.581310213
1413394897855760384.000000 -0.679888725 -2.196456671 -5.277531147 -0.039801363 -0.798734725 -0.025735352 0.599813700
1413394900305760512.000000 -0.549627960 -2.006423950 -4.959164143 0.247538000 -0.761406600 0.194764867 0.566614270
1413394902705760512.000000 1.201216936 -3.817253113 -4.880911350 0.659750104 -0.404134750 0.572348952 0.271701485
1413394902805760512.000000 1.283805966 -3.768958569 -4.885961056 0.659771502 -0.417562306 0.574953854 0.244481936
1413394905705760512.000000 0.985019147 -3.861446381 -5.150485039 0.306131601 -0.820845485 0.179464012 0.447536528
1413394907605760512.000000 0.815448880 -3.454568863 -5.009528637 0.066932328 -0.877352178 0.170307413 0.443585992
1413394908505760512.000000 0.750748754 -2.809695482 -5.282095432 0.110483803 -0.876427770 0.053905409 0.465577066
1413394911455760384.000000 0.700513005 -1.578083158 -4.932835102 0.030916812 -0.871477604 0.007285628 0.489405483
1413394912605760512.000000 0.765012741 -1.323669553 -5.038741112 -0.097846918 -0.840396225 -0.056889147 0.530022502
1413394914405760512.000000 0.024609007 -1.750177026 -5.020399570 0.254682004 -0.777293622 0.130305171 0.560332358
1413394915655760384.000000 0.160589889 -3.111748695 -5.129920483 0.523459733 -0.596979082 0.344854772 0.500680625
1413394917355760384.000000 1.463621974 -3.968855858 -5.476377964 0.829700589 -0.155751944 0.522761703 0.118568957
1413394917455760384.000000 1.500493765 -4.032924652 -5.516263008 0.835946679 -0.132668868 0.521928906 0.105747178
1413394917655760384.000000 1.613372326 -4.154965878 -5.581782341 0.830548823 -0.092466503 0.536879122 0.115756288
1413394918555760384.000000 2.583470583 -4.151570797 -5.686477184 0.829149544 -0.044796117 0.555517077 -0.043648992
1413394918655760384.000000 2.719111204 -4.147521019 -5.691058636 0.828363359 -0.015724702 0.557812274 -0.049116299
1413394919155760384.000000 3.371264219 -4.156640053 -5.613009930 -0.778479099 -0.114194244 -0.612939537 0.072354555
1413394919255760384.000000 3.471812010 -4.150942326 -5.554800987 -0.767237604 -0.132934257 -0.619981885 0.096423224
1413394919555760384.000000 3.664698601 -4.129935265 -5.348917007 -0.740140498 -0.236345068 -0.619533360 0.111855291
1413394919655760384.000000 3.691284418 -4.119192123 -5.290942192 -0.753482103 -0.262387633 -0.589092016 0.128016084
1413394919855760384.000000 3.716832399 -4.078042507 -5.205187798 -0.778486490 -0.291883439 -0.522282898 0.189693287
1413394919955760384.000000 3.729551315 -4.047630310 -5.175499439 -0.779435933 -0.314878315 -0.497348547 0.214419365
1413394920055760384.000000 3.747130394 -4.010706902 -5.155097961 -0.772153139 -0.345676780 -0.477860838 0.236507878
1413394920155760384.000000 3.771412849 -3.968074083 -5.146290302 -0.760766506 -0.378813326 -0.460157186 0.256885469
1413394920355760384.000000 3.841654062 -3.861357212 -5.160737514 -0.719537020 -0.450623095 -0.446296334 0.282886952
1413394920555760384.000000 3.923495531 -3.717670918 -5.183833599 -0.664210320 -0.506863475 -0.461794913 0.297757596
1413394920755760384.000000 3.980924129 -3.541201115 -5.195070744 -0.629288137 -0.541683674 -0.475814551 0.290130675
1413394920955760384.000000 3.986500025 -3.336320639 -5.210044384 -0.636151195 -0.540430963 -0.462581307 0.298771739
1413394922755760384.000000 4.185961723 -1.363006115 -5.537842274 -0.575901926 -0.594796717 -0.388149410 0.404838234
1413394922955760384.000000 4.185730457 -1.190552831 -5.426638603 -0.584012985 -0.601313710 -0.371112466 0.399532497
1413394923155760384.000000 4.188894272 -0.990589261 -5.337842941 -0.585941017 -0.606203079 -0.369799614 0.390434593
1413394923755760384.000000 4.115362644 -0.252019823 -5.114643097 -0.524875402 -0.647859633 -0.365308166 0.413924754
1413394923955760384.000000 4.047137737 0.024595900 -5.088192940 -0.470868915 -0.675808489 -0.354816586 0.442346543
1413394924155760384.000000 3.952684879 0.290880620 -5.095656872 -0.425357580 -0.699331164 -0.322064102 0.475690633
1413394924355760384.000000 3.837938309 0.541907549 -5.097907066 -0.392775238 -0.719669402 -0.258361071 0.510933697
1413394924555760384.000000 3.725828171 0.787223220 -5.089068890 -0.339233369 -0.742049575 -0.222163543 0.533785164
1413394924755760384.000000 3.618363380 1.024993300 -5.070586681 -0.268711776 -0.768802106 -0.201015547 0.544361949
1413394924855760384.000000 3.564836502 1.134792924 -5.054810524 -0.227957770 -0.774785876 -0.199901059 0.554780900
1413394925305760512.000000 3.312648773 1.470776320 -4.969225883 -0.114557870 -0.803249240 -0.198598623 0.549750745
1413394925605760512.000000 3.091428757 1.492434740 -4.954785824 -0.110294819 -0.808843017 -0.167558447 0.552749813
1413394925805760512.000000 2.917300940 1.438472033 -4.983728409 -0.136744440 -0.806009769 -0.122626759 0.562682807
1413394926705760512.000000 2.004420519 1.027489901 -5.050580978 -0.101749003 -0.821559131 -0.037635691 0.559706569
1413394926955760384.000000 1.702826500 0.919523120 -5.053362370 -0.065171652 -0.816728473 0.068196416 0.569259703
1413394927205760512.000000 1.404263735 0.911626399 -5.089991093 0.013319459 -0.814944208 0.053779200 0.576885104
1413394928855760384.000000 -0.345463872 0.833660245 -4.902949333 0.047854282 -0.802249014 0.036795270 0.593929887
1413394929155760384.000000 -0.529791474 0.742206037 -4.936930656 0.048993364 -0.794798851 0.027461365 0.604268491
1413394929905760512.000000 -0.740017354 0.550315142 -4.995751381 0.037769865 -0.814527035 0.034772675 0.577849567
1413394931105760512.000000 -0.827141047 0.455861360 -5.324572086 0.039343983 -0.787813187 0.013540714 0.614507198
1413394931505760512.000000 -0.850152552 0.415161669 -5.247127056 0.029992396 -0.782022357 0.012345660 0.622406006
1413394934005760512.000000 0.275800973 -0.229783148 -5.286280155 0.554434538 -0.583686531 0.407909095 0.430723429
1413394934155760384.000000 0.361510336 -0.219301313 -5.326087475 0.577476025 -0.562304735 0.423886180 0.413104385
1413394934305760512.000000 0.447389483 -0.206879690 -5.370366573 0.597585380 -0.529754102 0.449267805 0.400513083
1413394935055760384.000000 0.805319011 -0.087882645 -5.672486782 0.656202316 -0.468517244 0.487378776 0.335189521
1413394935455760384.000000 0.918222189 -0.001526474 -5.689279556 0.623522818 -0.482234001 0.492464751 0.368982524
1413394935755760384.000000 0.971895754 0.115842730 -5.770542145 0.629175425 -0.499174207 0.464879364 0.372626722
1413394936005760512.000000 1.015337944 0.232210189 -5.777676582 0.629430354 -0.506886780 0.456636816 0.371976048
1413394936205760512.000000 1.058810830 0.332615942 -5.823391438 0.662689865 -0.502811432 0.440724105 0.337320536
1413394936405760512.000000 1.119787097 0.419718623 -5.881778717 0.692903459 -0.434465736 0.482738823 0.313189268
1413394936605760512.000000 1.194595098 0.507039785 -5.926156521 0.737147689 -0.338720411 0.515700638 0.275562376
1413394936805760512.000000 1.278755426 0.606839418 -5.955591202 0.771307409 -0.273874193 0.531058669 0.219213143
1413394937005760512.000000 1.376404405 0.717140198 -5.973623753 0.797826171 -0.216670617 0.534417748 0.175855085
1413394937205760512.000000 1.496765852 0.835321128 -5.987152576 0.819898784 -0.155542746 0.534887135 0.132167876
1413394937305760512.000000 1.566153884 0.894880414 -5.993912220 0.827186823 -0.138807788 0.534388185 0.104515746
1413394937455760384.000000 1.682198644 0.978270173 -6.001636982 0.829162240 -0.124448292 0.539340794 0.078193493
1413394937555760384.000000 1.766669154 1.027581573 -6.006083012 0.827659726 -0.118493468 0.543884873 0.071610183
1413394937755760384.000000 1.949401259 1.113934755 -6.015051842 0.820514441 -0.119338155 0.554939747 0.067501925
1413394937955760384.000000 2.141971827 1.180601716 -6.018186569 0.814864516 -0.145602539 0.556979597 0.067596652
1413394938155760384.000000 2.341247797 1.215308070 -5.997579098 0.813144743 -0.189836144 0.546650827 0.062695876
1413394938355760384.000000 2.550178289 1.193048000 -5.915216446 0.806221724 -0.214559585 0.543839335 0.090606242
1413394938455760384.000000 2.656373978 1.161882639 -5.851569176 0.796312749 -0.224109724 0.550494492 0.112324230
1413394938655760384.000000 2.866738558 1.080731273 -5.735493660 0.786998749 -0.249865085 0.540018022 0.163036913
1413394938855760384.000000 3.077388287 0.989645839 -5.665992737 0.773949504 -0.309851170 0.517486572 0.192878440
1413394939055760384.000000 3.285772324 0.881438732 -5.636158466 0.722518027 -0.403036833 0.524462759 0.201166436
1413394939255760384.000000 3.460848331 0.741563857 -5.642033577 0.673197269 -0.471031070 0.516775548 0.240579084
1413394939655760384.000000 3.696956635 0.397640944 -5.635352135 0.650253534 -0.493276030 0.471097618 0.334538817
1413394939855760384.000000 3.790651083 0.219644204 -5.565180779 0.614758193 -0.537476540 0.483659923 0.315062612
1413394940055760384.000000 3.844605207 0.031320881 -5.512730598 0.623870432 -0.552665770 0.433847040 0.342232466
1413394940255760384.000000 3.879296303 -0.172159478 -5.507301807 0.596575975 -0.581546187 0.414129823 0.366602868
1413394940455760384.000000 3.899184465 -0.392786622 -5.542584896 0.543046117 -0.616102397 0.402649403 0.404218078
1413394940655760384.000000 3.901034355 -0.612970352 -5.581981659 0.508327365 -0.639513612 0.355818778 0.453892738
1413394941055760384.000000 3.948750019 -1.063361526 -5.548115730 0.454300940 -0.688107550 0.336761892 0.454653919
1413394941205760512.000000 3.962774277 -1.234236360 -5.510091782 0.428317726 -0.718378365 0.342326641 0.428122610
1413394941405760512.000000 3.932886600 -1.466802597 -5.444375038 0.422883451 -0.733803391 0.327153742 0.419133186
1413394941755760384.000000 3.777527332 -1.926498175 -5.298151493 0.449228674 -0.700208545 0.270660043 0.484401464
1413394941905760512.000000 3.714283943 -2.147677898 -5.240294933 0.415241897 -0.712240815 0.297781587 0.481262326
1413394942405760512.000000 3.307589769 -2.791112423 -5.012802124 0.279439479 -0.778524518 0.366936028 0.425642014
1413394942705760512.000000 2.758846521 -2.993571281 -4.895453453 0.212303862 -0.792825222 0.292554170 0.490680546
1413394942855760384.000000 2.439532042 -3.044265032 -4.889975071 0.196900144 -0.773645878 0.214711756 0.562673330
1413394943005760512.000000 2.130774498 -3.073849440 -4.927131176 0.182849929 -0.741004109 0.130213782 0.632869065
1413394944955760384.000000 1.640203714 -3.943250895 -5.523503304 -0.243849158 -0.837669194 -0.106696226 0.476931751
1413394945205760512.000000 1.514101744 -3.913386345 -5.603387356 -0.317384601 -0.791645050 -0.195368469 0.484144926
1413394946205760512.000000 1.008882880 -3.644413710 -5.805330753 -0.647926629 -0.487350821 -0.418288946 0.409529775
1413394946455760384.000000 1.075741887 -3.616267443 -5.826824188 -0.715979278 -0.386452228 -0.465451002 0.348401636
1413394946655760384.000000 1.171769261 -3.627685785 -5.837079525 -0.752930105 -0.305244088 -0.506632864 0.288522959
1413394946755760384.000000 1.231436849 -3.645240068 -5.839647770 -0.759272277 -0.270467192 -0.538664043 0.245345011
1413394946855760384.000000 1.291545987 -3.669766188 -5.842501640 -0.767909706 -0.231568396 -0.561430871 0.203681380
1413394946955760384.000000 1.349080324 -3.698722601 -5.843939304 -0.775771737 -0.188923016 -0.579225719 0.164267883
1413394947055760384.000000 1.401967883 -3.732071877 -5.841554165 -0.781608641 -0.145569265 -0.593800187 0.123688661
1413394947255760384.000000 1.485235810 -3.798491240 -5.805583477 -0.801006138 -0.061739035 -0.593643129 0.046532914
1413394947655760384.000000 1.575986624 -3.891871929 -5.586836338 0.815817714 -0.032659933 0.576683581 0.028477343
1413394947955760384.000000 1.651130319 -3.920044899 -5.470146179 -0.856686413 0.001454287 -0.515780210 -0.007562871
1413394948455760384.000000 2.060460329 -3.906142473 -5.241619110 -0.793420494 -0.094918378 -0.599606454 0.044120047
1413394948655760384.000000 2.227225780 -3.879532337 -5.179564476 -0.729939342 -0.094830342 -0.674354136 0.058670864
1413394949155760384.000000 2.228649378 -3.810230494 -5.044610977 -0.846028209 -0.091821209 -0.524389267 0.028654752
1413394949755760384.000000 2.408820868 -3.523272038 -5.030362606 -0.775838315 -0.076137714 -0.625446260 0.033090658
1413394949955760384.000000 2.488795996 -3.382829905 -5.015585423 -0.759238541 -0.063967749 -0.644369245 0.065216795
1413394950155760384.000000 2.499897003 -3.256095886 -5.001875401 -0.768141747 -0.069046825 -0.624823153 0.121601768
1413394950355760384.000000 2.472305536 -3.178027391 -4.995773315 -0.824799120 -0.105497740 -0.540807426 0.126901910
1413394950555760384.000000 2.474884033 -3.130580664 -4.974059105 -0.855234087 -0.149295926 -0.489649624 0.080800347
1413394950755760384.000000 2.548367977 -3.052349567 -4.927577972 -0.829200745 -0.162523896 -0.529640555 0.074115269
1413394950955760384.000000 2.646535873 -2.935581684 -4.862336159 -0.740189612 -0.174159646 -0.639782727 0.111650869
1413394951055760384.000000 2.671318054 -2.875137329 -4.830304623 -0.700981498 -0.185606495 -0.675420582 0.134097993
1413394951555760384.000000 2.435168028 -2.714916945 -4.691130638 -0.827272892 -0.270501226 -0.457478642 0.182104424
1413394951655760384.000000 2.388089657 -2.692952156 -4.654597759 -0.850112200 -0.274600297 -0.415136784 0.171946153
1413394951755760384.000000 2.372303009 -2.656786919 -4.611431122 -0.861558735 -0.274735361 -0.394867063 0.162225276
1413394952955760384.000000 2.848016024 -1.859079957 -4.186301231 -0.713554859 -0.299104035 -0.588333547 0.235031977
1413394953055760384.000000 2.878319740 -1.807743311 -4.170711040 -0.687742531 -0.292927802 -0.616441071 0.247394294
1413394953155760384.000000 2.892115831 -1.768851161 -4.163525105 -0.672230959 -0.287600875 -0.632777512 0.254919529
1413394953355760384.000000 2.845388889 -1.750044823 -4.107650280 -0.650647879 -0.277214766 -0.656204581 0.263068199
1413394953455760384.000000 2.780758142 -1.774187922 -4.062367439 -0.662576377 -0.278221369 -0.645542383 0.258573979
1413394953555760384.000000 2.697625637 -1.813564539 -4.042341232 -0.713052571 -0.295240432 -0.591812849 0.232694432
1413394953955760384.000000 2.347738266 -1.958411217 -4.293828011 -0.812441826 -0.327345431 -0.453415632 0.164916724
1413394954055760384.000000 2.287764311 -1.957734466 -4.385746479 -0.787877500 -0.321705043 -0.493181586 0.180352122
1413394954155760384.000000 2.234920502 -1.944864988 -4.473875523 -0.755059242 -0.315120220 -0.539738417 0.198159724
1413394954555760384.000000 1.931412816 -1.918886900 -4.763428688 -0.721470892 -0.297949344 -0.579677284 0.233837917
1413394954755760384.000000 1.717226148 -1.950986743 -4.870044231 -0.811199605 -0.300759912 -0.457402766 0.205624223
1413394954955760384.000000 1.564679503 -1.954262137 -4.978802681 -0.817099631 -0.298239559 -0.457462192 0.184742585
1413394955155760384.000000 1.470489264 -1.911486626 -5.092691422 -0.747930765 -0.307233661 -0.549731970 0.209766179
1413394955355760384.000000 1.355768323 -1.862854719 -5.195150375 -0.704121470 -0.332008570 -0.570232570 0.262332290
1413394956755760384.000000 1.182339549 -1.464896321 -5.138080120 -0.681950152 -0.522380769 -0.402689189 0.316075832
1413394959505760512.000000 1.308584213 -1.099263191 -4.820980549 -0.360182136 -0.719871521 -0.271527320 0.527566910
1413394959905760512.000000 1.253161907 -1.054442167 -4.753536224 -0.303068191 -0.807254136 -0.213438898 0.459275723
1413394960705760512.000000 0.917262614 -0.971158206 -4.838335037 -0.096407749 -0.867365241 -0.052621629 0.485400975
1413394962505760512.000000 -0.066075340 -1.329250455 -4.896523952 -0.031257179 -0.775313199 -0.039943453 0.629537106
1413394964855760384.000000 0.831364334 -2.812075853 -5.328513145 -0.053346124 -0.860754073 0.029801909 0.505340040
1413394965055760384.000000 0.843889594 -2.890577793 -5.304651737 -0.066220753 -0.859826446 0.034820553 0.505075097
1413394967505760512.000000 1.470432997 -3.190845490 -5.157735348 0.451946914 -0.616373360 0.386525452 0.516164660
1413394968005760512.000000 1.667585015 -3.182705879 -5.042958736 0.556661487 -0.564222574 0.430993021 0.431307316
1413394968255760384.000000 1.761185646 -3.156188488 -5.005811691 0.620638609 -0.552281916 0.419670999 0.365607411
1413394968605760512.000000 1.889919877 -3.155294180 -5.024644375 0.654010415 -0.516869009 0.439192623 0.335002571
1413394968905760512.000000 2.007600307 -3.216733456 -5.033845425 0.669548333 -0.489906192 0.437562108 0.346751362
1413394969155760384.000000 2.135458946 -3.293372154 -5.032192707 0.657113850 -0.468992442 0.486259192 0.334364325
1413394969455760384.000000 2.270591974 -3.367519855 -5.123985767 0.650604725 -0.437898844 0.518830061 0.340254992
1413394969755760384.000000 2.379090309 -3.375381470 -5.244634151 0.694005370 -0.426550597 0.454405367 0.360453844
1413394970055760384.000000 2.564144611 -3.342622042 -5.312148571 0.697560191 -0.458214313 0.442641437 0.327899486
1413394970355760384.000000 2.817849159 -3.345628738 -5.275542736 0.662706494 -0.463908345 0.490835845 0.323557407
1413394970555760384.000000 2.976547480 -3.354045868 -5.275852203 0.622507870 -0.468409508 0.544135988 0.311436385
1413394970855760384.000000 3.091788530 -3.327465296 -5.327200413 0.629990995 -0.465418458 0.532678366 0.320547700
1413394971155760384.000000 3.105867624 -3.264526129 -5.315205097 0.684685230 -0.467065603 0.448823273 0.334086120
1413394971455760384.000000 3.164206505 -3.238517523 -5.284712315 0.710973620 -0.502032936 0.398022473 0.289926767
1413394971755760384.000000 3.284117937 -3.378847599 -5.250929356 0.663372457 -0.515280783 0.459543437 0.288517863
1413394971955760384.000000 3.340264082 -3.537214279 -5.216038227 0.607413054 -0.515484273 0.506982028 0.329081595
1413394972155760384.000000 3.344182968 -3.684368610 -5.205389977 0.557021618 -0.536338329 0.508078635 0.379373550
1413394972355760384.000000 3.293183804 -3.784854889 -5.231147289 0.500566244 -0.583902955 0.476325542 0.426151186
1413394972755760384.000000 3.055376291 -3.823526859 -5.328011513 0.399697214 -0.711798131 0.310807317 0.486810535
1413394972955760384.000000 2.904784203 -3.815661192 -5.346790314 0.339304358 -0.738916516 0.223027691 0.537711501
1413394973205760512.000000 2.741253853 -3.819618225 -5.367028236 0.229702845 -0.781926930 0.158589780 0.557383418
1413394973455760384.000000 2.593187809 -3.833965778 -5.385202885 0.115566373 -0.810961783 0.099315070 0.564908683
1413394973805760512.000000 2.374191999 -3.839108467 -5.387862682 -0.036029581 -0.816038489 -0.009047193 0.576802552
1413394974255760384.000000 2.111285925 -3.816426277 -5.362303257 -0.233160064 -0.778515875 -0.124595478 0.569232225
1413394974655760384.000000 1.952397823 -3.731209040 -5.314987659 -0.385725558 -0.715899944 -0.217920288 0.539642274
1413394975255760384.000000 1.875934005 -3.512361288 -5.354035378 -0.487246782 -0.631360114 -0.364868373 0.480464548
1413394975455760384.000000 1.859663367 -3.467604637 -5.428297520 -0.511804163 -0.613435447 -0.386589497 0.460762471
1413394975855760384.000000 1.802943349 -3.425004244 -5.533567905 -0.544759393 -0.615359724 -0.387846917 0.417306155
1413394976255760384.000000 1.685719132 -3.383340836 -5.562417507 -0.524341345 -0.602519512 -0.409752429 0.440612435
1413394977155760384.000000 1.386228561 -3.708698988 -5.580625534 -0.622618198 -0.616063058 -0.278191000 0.394236892
1413394977405760512.000000 1.413733125 -3.668261051 -5.516761780 -0.619307876 -0.640936434 -0.298040688 0.341804028
1413394977705760512.000000 1.453568578 -3.365921497 -5.375045776 -0.600224257 -0.650021911 -0.331214309 0.327871144
1413394978005760512.000000 1.432652950 -2.835211277 -5.193361282 -0.562699139 -0.621315002 -0.392076403 0.378963649
1413394979605760512.000000 0.594385087 -0.286562443 -4.973962784 -0.505918920 -0.486165702 -0.442600548 0.558384895
1413394979705760512.000000 0.591065347 -0.260757983 -4.961233139 -0.496079266 -0.490934789 -0.450920701 0.556380272
1413394981205760512.000000 0.423692375 -1.526952147 -4.805933952 -0.584114373 -0.572713614 -0.378809780 0.432796478
1413394981505760512.000000 0.402752936 -1.783644199 -4.874701500 -0.580815315 -0.579093695 -0.393285871 0.415488154
1413394981755760384.000000 0.402808011 -1.965563059 -4.919518948 -0.594593465 -0.578912377 -0.391055256 0.397988766
1413394982005760512.000000 0.415194690 -2.108211040 -4.959794998 -0.628664672 -0.548937380 -0.388576180 0.390457571
1413394982855760384.000000 0.948189676 -2.405197620 -4.928993702 -0.749880314 -0.336475372 -0.473830014 0.316147089
1413394983005760512.000000 1.142612934 -2.472362280 -4.899738312 -0.759870648 -0.310495853 -0.495947748 0.283239573
1413394983205760512.000000 1.423330545 -2.567084551 -4.856616974 -0.761544168 -0.297708213 -0.518807471 0.249517828
1413394983405760512.000000 1.711767673 -2.660650730 -4.811120987 -0.757103264 -0.300493985 -0.531062782 0.233389035
1413394984505760512.000000 2.868547440 -2.862556458 -4.976782799 -0.731941462 -0.381253272 -0.521867275 0.215782732
1413394984805760512.000000 3.013866663 -2.763614655 -5.033806324 -0.715387046 -0.423983365 -0.500358403 0.241041377
1413394985105760512.000000 3.107096910 -2.579690695 -5.057051182 -0.679470897 -0.470648080 -0.483833373 0.287602246
1413394985405760512.000000 3.149052620 -2.343032837 -5.027855396 -0.678609788 -0.478966057 -0.451747566 0.325583249
1413394987705760512.000000 3.269883156 0.367737144 -4.496181488 -0.626388133 -0.474373966 -0.527814150 0.322520703
1413394988005760512.000000 3.097493410 0.652128339 -4.450514317 -0.614088297 -0.462276518 -0.545579016 0.333975255
1413394988305760512.000000 2.805804968 0.830419660 -4.377905369 -0.636166036 -0.428482085 -0.522447944 0.372483790
1413394988505760512.000000 2.596004963 0.874147952 -4.347260475 -0.680880070 -0.378140122 -0.498181075 0.381087869
1413394988905760512.000000 2.263587952 0.783084393 -4.361330509 -0.731028497 -0.300904930 -0.545673549 0.278018206
1413394989305760512.000000 1.929139972 0.568666935 -4.417505264 -0.743510246 -0.300074548 -0.552068293 0.228841513
1413394989405760512.000000 1.837170601 0.510816455 -4.425756454 -0.747369468 -0.298567265 -0.545366943 0.234246656
1413394989505760512.000000 1.744079709 0.451718390 -4.434632778 -0.749817848 -0.297512382 -0.539745510 0.240695789
1413394989605760512.000000 1.651221275 0.390609801 -4.450443268 -0.752488434 -0.297032952 -0.533295155 0.247242764
1413394990355760384.000000 1.101041675 -0.062105320 -4.808246136 -0.643260598 -0.522323966 -0.438388824 0.348150641
1413394990505760512.000000 1.015397906 -0.131002903 -4.897962093 -0.611491919 -0.564802766 -0.415962011 0.366129845
1413394990905760512.000000 0.785039365 -0.227739245 -5.096067429 -0.593267679 -0.588011146 -0.389184713 0.388344705
1413394991055760384.000000 0.699824333 -0.227074295 -5.152714729 -0.595620811 -0.584687948 -0.392861634 0.386051208
1413394991405760512.000000 0.509254754 -0.161827937 -5.252427578 -0.624997497 -0.548638523 -0.400170565 0.385016263
1413394991705760512.000000 0.387000680 -0.054259215 -5.309158802 -0.661812782 -0.491638482 -0.441809833 0.353694111
1413394992105760512.000000 0.262895644 0.106252223 -5.357191563 -0.682327211 -0.421578348 -0.480922341 0.354139745
1413394992355760384.000000 0.221737072 0.163741678 -5.377124310 -0.715545177 -0.388987213 -0.477368534 0.329853445
1413394992855760384.000000 0.220103920 0.233884543 -5.361785889 -0.730228961 -0.347598672 -0.519670129 0.275470138
1413394993355760384.000000 0.230467707 0.270618677 -5.439517498 -0.738151312 -0.343143284 -0.526286364 0.245780587
1413394993705760512.000000 0.226392284 0.306072950 -5.546610832 -0.735370219 -0.348443389 -0.530004740 0.238564387
1413394994155760384.000000 0.206925243 0.353822559 -5.734307289 -0.779633522 -0.236564636 -0.537856281 0.216608986
1413394994505760512.000000 0.223660126 0.328208655 -5.783621788 -0.795881808 -0.171020493 -0.568663478 0.118093759
1413394994705760512.000000 0.228514314 0.323327124 -5.765213013 -0.796269655 -0.155848831 -0.577983320 0.087184235
1413394995105760512.000000 0.191657871 0.383211613 -5.721522808 -0.791809738 -0.133030668 -0.586105108 0.108724192
1413394995305760512.000000 0.152803034 0.419926703 -5.792046070 -0.809217036 -0.126804292 -0.559531987 0.126540348
1413394995705760512.000000 0.137936652 0.468925685 -5.946961403 -0.814595103 -0.138539642 -0.551637471 0.113744117
1413394996105760512.000000 0.174171373 0.509525180 -6.010889053 -0.791447103 -0.132574528 -0.585604429 0.114467472
1413394996505760512.000000 0.190154761 0.522870660 -6.004267693 -0.792623222 -0.143785045 -0.582224250 0.109951280
1413394997005760512.000000 0.228040129 0.544446349 -5.978947639 -0.791283488 -0.142226070 -0.584001422 0.112180725
1413394997505760512.000000 0.275453150 0.573705256 -5.951338291 -0.791395187 -0.142001063 -0.583877981 0.112320185
1413394998005760512.000000 0.330400556 0.610891581 -5.922080040 -0.791536570 -0.141750425 -0.583750844 0.112302102
