1403715278412143104.000000 1.201439857 -0.323964983 -1.604854107 -0.561366677 -0.611171126 -0.379077584 0.409435630
1403715280412143104.000000 1.161468744 -0.151305258 -1.376016498 -0.555679321 -0.614765823 -0.391734421 0.399784416
1403715282512143104.000000 1.043512940 0.308593988 -1.337790728 -0.772043884 -0.291771740 -0.530243933 0.194059312
1403715285312143104.000000 1.148821354 0.958951175 -1.582759142 0.814480484 -0.012202324 0.579816520 -0.016899545
1403715287912143104.000000 1.704386592 0.683531523 -1.030504107 0.800529420 -0.155945316 0.572283506 0.085587703
1403715289662142976.000000 1.802519321 0.421988130 -1.173218489 0.766166806 -0.307202935 0.521677792 0.215562224
1403715291562142976.000000 2.385242939 0.133608550 -1.205126524 0.740421534 -0.358574539 0.531716764 0.201190680
1403715292062142976.000000 2.458217382 -0.065341428 -1.261411309 0.742731810 -0.366878718 0.506625772 0.238913864
1403715293462142976.000000 2.912182808 -0.556247354 -1.168079615 0.802066267 -0.084005915 0.589335859 0.048123792
1403715295962142976.000000 3.112572193 -1.043806672 -1.288958788 -0.728662908 -0.350043148 -0.528529584 0.259184748
1403715298912143104.000000 3.882050037 -1.180064321 -1.479345918 -0.494637877 -0.656496286 -0.380803347 0.423479378
1403715301862142976.000000 3.679270983 -0.839238644 -1.435764790 -0.313394099 -0.751131654 -0.230564132 0.533315778
1403715304512143104.000000 3.452574253 -1.581014276 -1.560634732 -0.118702687 -0.805448472 -0.068954706 0.576547980
1403715305012143104.000000 3.452478170 -1.635381937 -1.649242640 -0.127263606 -0.806680620 -0.089818895 0.570090175
1403715307812143104.000000 4.009657860 -1.637911081 -1.286034107 -0.406778127 -0.723010778 -0.279262364 0.483528286
1403715310762142976.000000 4.553212166 -1.310986280 -1.347489238 -0.531755388 -0.623066127 -0.377670527 0.431728989
1403715313112143104.000000 5.371344566 -0.812732875 -1.256929159 -0.531819820 -0.599848151 -0.418121994 0.427228123
1403715315212143104.000000 5.200522423 -0.838442028 -1.042160630 -0.633270919 -0.518747151 -0.447946936 0.359461993
1403715317812143104.000000 4.638740063 -0.591600060 -1.310842037 -0.813266158 -0.111078493 -0.562538385 0.099047564
1403715320762142976.000000 5.438822269 -0.417858571 -1.246781111 0.732328475 -0.344105959 0.551919222 0.201671362
1403715321262142976.000000 5.521042347 -0.315812886 -1.183221102 0.720806777 -0.394003481 0.526128411 0.219972491
1403715321762142976.000000 5.439131260 -0.352242738 -1.140464783 0.720950663 -0.384870201 0.530122995 0.225997135
1403715324562142976.000000 4.820715904 -1.373416424 -1.042103291 0.678232431 -0.455214590 0.503016889 0.282408565
1403715327312143104.000000 4.222445488 -1.162769794 -1.084196210 0.675659060 -0.470598310 0.488200933 0.289278179
1403715328762142976.000000 3.537450552 -1.277132869 -1.169931293 0.727862120 -0.375360399 0.503772855 0.274834961
1403715331262142976.000000 3.354897499 -1.157597780 -1.262735367 0.806073427 -0.146263644 0.570027769 0.062618472
1403715334062142976.000000 3.224925041 -2.189426899 -1.016859770 0.821892202 -0.045180183 0.567699313 0.013024691
1403715336962142976.000000 3.559676409 -3.365291357 -1.041465044 -0.816345930 -0.063608505 -0.572141230 0.046772752
1403715337462142976.000000 3.681927204 -3.466232538 -0.998776734 -0.820511103 -0.097509064 -0.556820273 0.084881321
1403715338962142976.000000 4.259059429 -3.810000896 -0.889530778 -0.796975851 -0.193383977 -0.553113163 0.146621540
1403715339462142976.000000 4.466397762 -3.941431046 -0.894411981 -0.792523801 -0.211035371 -0.551578403 0.152090326
1403715339912143104.000000 4.649141312 -4.029568195 -0.936356544 -0.790907264 -0.217069715 -0.559613466 0.119076386
1403715340662142976.000000 4.814654827 -3.904131651 -0.909332097 -0.760645270 -0.319955677 -0.518586993 0.223863304
1403715342612143104.000000 5.250916004 -3.376431227 -0.784694433 -0.753956258 -0.348582268 -0.508000791 0.227981433
1403715342912143104.000000 5.300819874 -3.253375769 -0.780949473 -0.728218019 -0.388084590 -0.504573643 0.253957331
1403715345812143104.000000 4.733908653 -1.782297254 -0.955130756 -0.674745142 -0.451929808 -0.485976905 0.322962731
1403715347612143104.000000 3.719289780 -1.177819490 -0.942828000 -0.650925219 -0.491292596 -0.477903366 0.326399267
1403715350412143104.000000 3.749808788 -0.775831759 -1.376845598 -0.456014037 -0.700563788 -0.312408000 0.451290131
1403715351662142976.000000 3.592605352 -0.481059909 -1.478607535 -0.440945387 -0.681511402 -0.336693674 0.477228314
1403715354262142976.000000 2.699556828 -0.150373235 -1.417095065 -0.375271320 -0.729035616 -0.233603045 0.522597492
1403715356862142976.000000 2.357252836 0.181839824 -1.158933043 -0.255952746 -0.789274037 -0.160463467 0.534589648
1403715357162142976.000000 2.239150524 0.225278765 -1.137728453 -0.197698608 -0.800760984 -0.117854074 0.552998781
1403715358162142976.000000 1.816041350 0.398870558 -1.044538498 -0.127626404 -0.816555321 -0.121410832 0.549734890
1403715359412143104.000000 1.021116853 0.209600180 -1.121591091 -0.079544827 -0.804366231 -0.064718299 0.585217297
1403715359662142976.000000 0.920897722 0.148603976 -1.131748796 -0.077950388 -0.803343832 -0.075699791 0.585518658
1403715360362142976.000000 0.743496180 -0.096386850 -1.109448314 -0.099610090 -0.812024772 -0.059259359 0.571998179
1403715360662142976.000000 0.696618795 -0.173056066 -1.094547153 -0.157230392 -0.802578926 -0.065610632 0.571700096
1403715362962142976.000000 0.185272798 -0.182413787 -1.126785040 -0.593415141 -0.563548684 -0.385241389 0.426451087
1403715363462142976.000000 0.063905597 -0.141668856 -1.107174397 -0.658599198 -0.485335767 -0.417975605 0.394959211
1403715363812143104.000000 0.111027151 -0.139660269 -1.071141720 -0.683572173 -0.446867347 -0.467322111 0.338598281
1403715366562142976.000000 0.598510802 -0.750092983 -0.764180183 -0.801873267 -0.156134725 -0.561701834 0.130813807
1403715369162142976.000000 1.669234514 -1.932910085 -0.688896358 -0.797906220 -0.204088077 -0.547438145 0.148342073
1403715371412143104.000000 2.875533819 -2.413654089 -0.744541466 -0.768987834 -0.343302727 -0.493981004 0.216295689
1403715374262142976.000000 4.806562424 -1.937044382 -0.683941007 -0.647708476 -0.498087525 -0.460787147 0.346493691
1403715377112143104.000000 4.835448742 -0.802393317 -0.818175554 -0.602295280 -0.528559089 -0.459884673 0.382585764
1403715377412143104.000000 4.711748123 -0.772154629 -0.845440149 -0.602898419 -0.539112985 -0.448433280 0.380497485
1403715377712143104.000000 4.559929371 -0.770289481 -0.873212516 -0.603036463 -0.540999830 -0.443684936 0.383157879
1403715380362142976.000000 3.198963642 -0.723048985 -0.862641096 -0.612172782 -0.541014075 -0.433840722 0.379908562
1403715383212143104.000000 1.293568015 -0.209956884 -0.863354623 -0.744103909 -0.374899983 -0.487175614 0.261571020
1403715385812143104.000000 1.237020969 0.545274913 -0.882454216 -0.820881009 -0.027650390 -0.566751778 0.064670719
1403715388712143104.000000 1.781047463 -0.917590499 -0.964490354 -0.817583442 -0.068227910 -0.568518162 0.060741369
1403715390212143104.000000 2.302372932 -1.837312460 -0.961837292 -0.815608561 -0.163595185 -0.544170678 0.109075591
1403715393012143104.000000 4.348424911 -1.754145741 -0.806047022 -0.665682614 -0.478554040 -0.470377833 0.326492488
1403715394612143104.000000 4.801549911 -1.539793491 -0.816054106 -0.343623728 -0.734900117 -0.263257474 0.522053838
1403715395512143104.000000 4.721222401 -1.671153545 -0.854255795 -0.101840124 -0.819688559 -0.075599186 0.558591187
1403715396512143104.000000 4.462607861 -1.834010243 -0.984716117 -0.029008895 -0.819219112 -0.022486895 0.572305024
1403715398012143104.000000 3.822199106 -1.835183024 -1.178506494 0.001735455 -0.813938975 0.022435285 0.580514312
1403715398412143104.000000 3.611675024 -1.725189686 -1.208441257 0.001417505 -0.807478905 0.006148877 0.589862704
1403715399412143104.000000 3.482762814 -1.670670867 -1.266570807 0.009774880 -0.806101501 -0.016419690 0.591468751
1403715399912143104.000000 3.593606234 -1.836438656 -1.271767139 -0.002055463 -0.834086239 -0.010440105 0.551531374
1403715401362142976.000000 3.299374342 -2.644124269 -1.219733000 -0.246179983 -0.805880308 -0.153719515 0.516064644
1403715402812143104.000000 2.429247618 -2.931507587 -1.120917082 -0.297844082 -0.750546038 -0.236177564 0.540545821
1403715403162142976.000000 2.267804146 -3.058710575 -1.122757673 -0.339409202 -0.759167373 -0.200536221 0.517930090
1403715403462142976.000000 2.135394573 -3.114334345 -1.105928540 -0.340256661 -0.762317598 -0.210335955 0.508779049
1403715403812143104.000000 1.972450495 -3.103820562 -1.091472149 -0.390853226 -0.741445184 -0.236458123 0.491508186
1403715404112143104.000000 1.827814937 -3.029006958 -1.075705647 -0.440787613 -0.708971083 -0.275227487 0.476776868
1403715404712143104.000000 1.492161989 -2.799758434 -1.059193611 -0.468246102 -0.672336638 -0.340260684 0.461445183
1403715405012143104.000000 1.290734053 -2.699117661 -1.078955293 -0.492037266 -0.649282873 -0.341144383 0.468990058
1403715405612143104.000000 0.996592283 -2.541289091 -1.131499171 -0.613037288 -0.550377965 -0.402422398 0.399156332
1403715405862142976.000000 0.919278920 -2.476923704 -1.152323842 -0.653300643 -0.514798045 -0.432872534 0.347566813
1403715406112143104.000000 0.850296736 -2.396291733 -1.176672220 -0.686178148 -0.456569970 -0.467530102 0.319560707
1403715406662142976.000000 0.730817199 -2.205460548 -1.274297476 -0.759533226 -0.331208378 -0.499398828 0.253004342
1403715406962142976.000000 0.715716839 -2.108830452 -1.333392978 -0.779667258 -0.272520959 -0.524452984 0.206882164
1403715407562142976.000000 0.792117536 -1.919855475 -1.405093670 -0.813494205 -0.206374019 -0.523996413 0.145137072
1403715410262142976.000000 1.448023915 -0.955347180 -1.083936572 -0.742500484 -0.360419512 -0.507252932 0.247962415
1403715410762142976.000000 1.508908391 -0.825713813 -1.101649642 -0.730628967 -0.365085751 -0.522517681 0.244681358
1403715411162142976.000000 1.511594415 -0.720862925 -1.126394749 -0.726106465 -0.369541943 -0.515935242 0.264611304
1403715411512143104.000000 1.493649721 -0.660376251 -1.142285228 -0.719723582 -0.364346921 -0.515962422 0.288153023
1403715412012143104.000000 1.464005470 -0.652272224 -1.169873238 -0.720310628 -0.379101515 -0.509008586 0.279901654
1403715412362142976.000000 1.435962319 -0.675799966 -1.188794613 -0.724046469 -0.380801260 -0.504534006 0.276030034
1403715412662142976.000000 1.413071394 -0.700742483 -1.203853130 -0.728433371 -0.382219940 -0.499253660 0.272100508
1403715413162142976.000000 1.388379097 -0.721776545 -1.228541851 -0.726417601 -0.382758826 -0.503547728 0.268798947
1403715413462142976.000000 1.373772383 -0.724483967 -1.314205647 -0.727320433 -0.373606145 -0.502339900 0.281208307
1403715413762142976.000000 1.367163777 -0.740494430 -1.375990868 -0.723567128 -0.377124488 -0.508486211 0.275081009
1403715414062142976.000000 1.358423829 -0.765412986 -1.441892147 -0.722342551 -0.380958945 -0.510491192 0.269240439
1403715414362142976.000000 1.335392952 -0.784102201 -1.438495994 -0.737581730 -0.387534708 -0.489937663 0.256420046
1403715414612143104.000000 1.321658134 -0.769247413 -1.432966709 -0.731356919 -0.386892438 -0.499304235 0.257151157
1403715414862142976.000000 1.305609941 -0.735449374 -1.460211754 -0.730926335 -0.371637225 -0.502049863 0.274915487
1403715415112143104.000000 1.294862866 -0.707958579 -1.507803321 -0.737293959 -0.353068769 -0.496769756 0.291478783
1403715415512143104.000000 1.316755414 -0.709006190 -1.565027118 -0.730042994 -0.364526659 -0.518282294 0.256010085
1403715415962142976.000000 1.315529108 -0.709835291 -1.588471174 -0.726958752 -0.364420176 -0.526022315 0.249057218
1403715416112143104.000000 1.316111326 -0.709743857 -1.587399721 -0.727565706 -0.366071284 -0.525500596 0.245945558
1403715416612143104.000000 1.317436457 -0.709774494 -1.588502765 -0.730481267 -0.365303427 -0.521666765 0.246605605
1403715417112143104.000000 1.315676451 -0.711939275 -1.589518785 -0.730924606 -0.364876747 -0.521075904 0.247172475
1403715417412143104.000000 1.314048767 -0.712748349 -1.589209557 -0.730982840 -0.364712447 -0.521008849 0.247383952
1403715417862142976.000000 1.312235475 -0.714560747 -1.588828087 -0.731040955 -0.364489049 -0.520978332 0.247605667
1403715418362142976.000000 1.311183214 -0.716158092 -1.587621450 -0.731116652 -0.364400327 -0.520921171 0.247632697
