1403715528412143104.000000 1.276884317 -0.843830347 -0.295476109 -0.483077258 -0.663425922 -0.345307052 0.455264151
1403715529662142976.000000 1.100625157 -0.785212815 -0.004329998 -0.428426057 -0.705869794 -0.297720075 0.479126036
1403715532062142976.000000 -0.052330010 -0.654652238 0.698201776 -0.350383699 -0.725875318 -0.251941055 0.535595059
1403715532412143104.000000 -0.158848107 -0.609475791 0.690322876 -0.350024849 -0.726723909 -0.240397736 0.539966702
1403715532862142976.000000 -0.199217543 -0.588070393 0.661068916 -0.368535072 -0.710944593 -0.199762240 0.564654648
1403715535562142976.000000 2.829641104 0.409400553 0.437744260 -0.605777383 -0.588295996 -0.360996425 0.395756543
1403715537662142976.000000 3.289734840 2.180932999 0.371092230 -0.489115298 -0.636101305 -0.350418925 0.483061165
1403715540562142976.000000 3.051105499 -0.750265181 0.340751529 -0.771915793 -0.372183621 -0.458926797 0.234545842
1403715542612143104.000000 5.378055096 -0.370583296 0.617205024 -0.649058282 -0.438265443 -0.526254416 0.331214577
1403715544112143104.000000 5.581013203 -0.269780636 0.418454677 -0.667955041 -0.413057685 -0.558458149 0.267102808
1403715545412143104.000000 4.564831734 -1.029574037 0.087286860 -0.802229583 -0.146608576 -0.566897333 0.116451964
1403715546812143104.000000 3.325186253 -2.084111929 0.198353663 -0.701564074 -0.461418122 -0.453245252 0.299115419
1403715547212143104.000000 3.030309200 -2.292303324 0.245832965 -0.602589130 -0.601499319 -0.382689685 0.358655304
1403715547512143104.000000 2.798497677 -2.332635880 0.277556866 -0.528428555 -0.677072346 -0.330722839 0.391099334
1403715547712143104.000000 2.613077641 -2.301637173 0.288258255 -0.475341409 -0.721531451 -0.293710798 0.408872753
1403715547912143104.000000 2.392654181 -2.220517397 0.299795598 -0.418076664 -0.755021930 -0.260636687 0.432691902
1403715548112143104.000000 2.138454199 -2.097417831 0.313446075 -0.371489525 -0.756453335 -0.248388216 0.477574348
1403715548312143104.000000 1.867183566 -1.959778666 0.320229292 -0.345653653 -0.748894572 -0.257867634 0.503174722
1403715548912143104.000000 1.009218454 -1.595514417 0.202173054 -0.369620472 -0.734630704 -0.257344484 0.507417202
1403715549162142976.000000 0.646373749 -1.460625410 0.157805026 -0.354223609 -0.731284499 -0.253566355 0.524835885
1403715549662142976.000000 0.016904466 -1.271035910 0.089708343 -0.358811170 -0.727193952 -0.201902285 0.549253225
1403715550012143104.000000 -0.257785052 -1.114807606 0.056183584 -0.436190903 -0.685822189 -0.208289102 0.544059932
1403715550262142976.000000 -0.327325881 -0.948466718 0.063286081 -0.501451492 -0.655130506 -0.259599268 0.501954794
1403715550562142976.000000 -0.286185533 -0.697489560 0.161893174 -0.559866607 -0.607779026 -0.339431494 0.449377775
1403715550812143104.000000 -0.199418187 -0.475290686 0.198079586 -0.624545097 -0.539849758 -0.372274548 0.424166739
1403715551112143104.000000 -0.013428167 -0.214660630 0.172955602 -0.689048231 -0.456328392 -0.410651177 0.385152549
1403715551362142976.000000 0.241891265 -0.019250005 0.213113979 -0.731229663 -0.381291121 -0.445251942 0.348813593
1403715551662142976.000000 0.651377439 0.153261334 0.279578477 -0.762390375 -0.291027158 -0.501107335 0.288020045
1403715551912143104.000000 1.037670732 0.220244259 0.336882323 -0.761861324 -0.212716028 -0.564568639 0.235757351
1403715552262142976.000000 1.519871473 0.178806722 0.402680933 -0.769635975 -0.124968484 -0.612041295 0.132093817
1403715552512143104.000000 1.767016292 0.085129149 0.437996894 -0.767661870 -0.045595270 -0.636237681 0.061790708
1403715552762142976.000000 1.901815891 -0.036457784 0.460577369 0.763711333 -0.065118425 0.642227113 -0.006996745
1403715555312143104.000000 0.817885816 -1.007208228 0.119806446 0.705944598 -0.425862163 0.523305118 0.215488955
1403715557662142976.000000 1.176462770 -1.130240440 0.516442180 0.754301608 -0.365539938 0.487398148 0.244648188
1403715558212143104.000000 1.355117440 -1.717388630 0.558322310 0.738625050 -0.382253736 0.490524113 0.260194570
1403715559062142976.000000 1.778436780 -2.451763391 0.633490443 0.724461675 -0.311675996 0.546932876 0.280852079
1403715559312143104.000000 1.877053499 -2.512215137 0.636551797 0.743378699 -0.257961273 0.563531339 0.251548380
1403715561412143104.000000 3.172773838 -1.260486960 0.466395915 -0.819627404 -0.118351564 -0.549854159 0.108922638
1403715564162142976.000000 2.861045837 0.794952631 0.354659706 -0.494774759 -0.611234963 -0.371088266 0.493845403
1403715566062142976.000000 2.037300587 0.005243488 0.766708553 0.228011429 -0.763528407 0.170002282 0.579771101
1403715566412143104.000000 2.159691334 -0.140475184 0.866718471 0.386428267 -0.698520362 0.280972362 0.532726109
1403715566812143104.000000 2.388105392 -0.211190343 0.866524577 0.526091933 -0.595153868 0.386286318 0.468830615
1403715567112143104.000000 2.615741014 -0.174988911 0.844480813 0.628533065 -0.491518676 0.471434861 0.375639141
1403715567412143104.000000 2.847637415 -0.062223449 0.820608556 0.733876884 -0.350849241 0.523939550 0.252620071
1403715568112143104.000000 3.326196432 0.336242765 0.558746517 -0.805604160 -0.027921630 -0.591748118 -0.007519855
1403715568362142976.000000 3.441054583 0.528091192 0.471119255 -0.787603021 -0.143647596 -0.593667865 0.081273995
1403715568612143104.000000 3.497290134 0.731409013 0.403270751 -0.759103119 -0.253025323 -0.577442288 0.162176445
1403715570912143104.000000 2.338995934 1.361813903 0.230623379 -0.175848216 -0.781895757 -0.154684901 0.577744901
1403715573212143104.000000 1.002411842 0.620729446 -0.149598777 0.171020091 -0.792967796 0.108207852 0.574669600
1403715574012143104.000000 0.491496474 0.309754640 0.020907851 0.397301853 -0.744939923 0.249516979 0.474296421
1403715574262142976.000000 0.310189277 0.166966230 0.075385012 0.476542890 -0.694133759 0.305272788 0.444852501
1403715574512143104.000000 0.127702832 -0.013468897 0.129372388 0.546389639 -0.618406892 0.326209635 0.461105764
1403715575312143104.000000 -0.042303607 -0.706311822 0.254436672 0.554105759 -0.568544388 0.398275971 0.459456503
1403715575562142976.000000 -0.000899665 -0.882701099 0.298236966 0.557763457 -0.586863339 0.367231667 0.457856208
1403715576012143104.000000 0.261951298 -1.133433819 0.397536457 0.546749830 -0.595219731 0.350029945 0.473558098
1403715576912143104.000000 1.292931080 -1.335360646 0.579624653 0.506724536 -0.610749483 0.369722486 0.483239859
1403715578812143104.000000 3.105640888 -0.340069473 0.137665331 0.315033883 -0.824790597 0.168016255 0.438457131
1403715579312143104.000000 2.925297022 -0.406487077 0.020997193 0.340107530 -0.749413431 0.111449011 0.557032824
1403715582162142976.000000 2.993846178 -2.633178473 -0.001379542 0.313890010 -0.740229905 0.208811522 0.556714118
1403715583862142976.000000 2.680337906 -3.336019993 -0.211720437 -0.260971069 0.644195855 -0.285432547 -0.659874260
1403715586712143104.000000 3.720280409 -1.709801316 0.061037406 0.320823252 -0.722938657 0.221774846 0.570305228
1403715587212143104.000000 3.820239544 -1.684815526 0.080721311 0.312554300 -0.755360305 0.221791863 0.531553328
1403715587812143104.000000 3.946997643 -1.603726149 0.166047677 0.247738510 -0.779851913 0.244163379 0.520423710
1403715588062142976.000000 3.947523355 -1.483650684 0.204338968 0.181900471 -0.788488686 0.178661108 0.559712589
1403715588312143104.000000 3.947442293 -1.321086764 0.181438237 0.104158275 -0.785512447 0.111360848 0.599766672
1403715588562142976.000000 3.993886948 -1.130269289 0.086049132 0.027877321 -0.790834725 0.055039760 0.608912230
1403715588812143104.000000 4.089852810 -0.915008068 -0.008338861 -0.037558462 -0.814933300 0.000872636 0.578335881
1403715589062142976.000000 4.188112736 -0.690394521 -0.106725097 -0.095362864 -0.849266768 -0.059020407 0.515915155
1403715589362142976.000000 4.190021992 -0.423032165 -0.140318513 -0.158728004 -0.853638172 -0.102665909 0.485352576
1403715589612143104.000000 4.064401627 -0.188044116 -0.105367817 -0.204330564 -0.855028272 -0.125812501 0.459724844
1403715591412143104.000000 1.507657647 0.827566683 0.659614325 0.195953876 -0.810645044 0.065843396 0.547833264
1403715591712143104.000000 1.066816449 0.696747184 0.704068959 0.302228361 -0.780569315 0.144690782 0.527668536
1403715592012143104.000000 0.663521588 0.477723718 0.638974786 0.397746533 -0.732946455 0.193666682 0.516798317
1403715592312143104.000000 0.355021179 0.164418206 0.531380355 0.491527557 -0.658722281 0.247143567 0.513230622
1403715592562142976.000000 0.236437261 -0.156976685 0.513804615 0.566170573 -0.592547476 0.290681303 0.493804395
1403715592812143104.000000 0.266436785 -0.494779766 0.505849540 0.630268693 -0.526153505 0.338764668 0.459524065
1403715593112143104.000000 0.470343709 -0.889976680 0.495413452 0.665254474 -0.489302844 0.446149588 0.344920129
1403715593412143104.000000 0.712178111 -1.267521381 0.483736455 0.723185360 -0.388350993 0.487853140 0.296960980
1403715593912143104.000000 1.197309732 -1.754769802 0.471824497 0.775036752 -0.207647428 0.552851915 0.224844888
1403715594212143104.000000 1.523731589 -1.883193493 0.459470421 0.811383307 -0.113123991 0.556504607 0.138429582
1403715594712143104.000000 2.085677862 -1.861448526 0.458332300 -0.828487456 -0.070315830 -0.554416478 -0.035868417
1403715595012143104.000000 2.443623066 -1.697364688 0.445409924 -0.838599920 -0.156660154 -0.516593874 0.073064521
1403715595712143104.000000 3.467030287 -1.115928769 0.411615014 -0.700465322 -0.396307260 -0.540158331 0.246004000
1403715597612143104.000000 3.028628111 0.223828718 0.839144468 -0.532563746 -0.612891734 -0.358467549 0.460695833
1403715597962142976.000000 2.887088299 0.768952191 0.886391461 -0.473657876 -0.650643349 -0.336369991 0.489046663
1403715598312143104.000000 2.794538975 1.237614274 0.898393750 -0.444138110 -0.640127778 -0.356748611 0.515468895
1403715598712143104.000000 2.771822453 1.533861756 0.829801559 -0.438090950 -0.607135296 -0.373631179 0.547597349
1403715600412143104.000000 3.451837301 1.159234881 0.160491377 -0.394176006 -0.720380783 -0.348280907 0.452081054
1403715600762142976.000000 3.466638565 0.974171042 0.032247871 -0.329200864 -0.776022673 -0.226295888 0.488063216
1403715601262142976.000000 3.297240257 0.766572714 0.106469639 -0.210346967 -0.802697659 -0.171323642 0.531111062
1403715601612143104.000000 3.097497702 0.608422637 0.247360632 -0.198800281 -0.802020431 -0.165114909 0.538496673
1403715601912143104.000000 2.887753248 0.446134925 0.344843149 -0.206341639 -0.788156271 -0.164938554 0.555902898
1403715602262142976.000000 2.668178082 0.220775619 0.432449341 -0.255487382 -0.738409758 -0.203462213 0.589983463
1403715602762142976.000000 2.508016586 -0.190115958 0.473848224 -0.365348756 -0.732098281 -0.272668481 0.506166279
1403715603112143104.000000 2.392443180 -0.486122757 0.358007342 -0.436020613 -0.696680903 -0.318222940 0.472499758
1403715603412143104.000000 2.260400057 -0.732629538 0.226076305 -0.489235520 -0.671651900 -0.340231985 0.440198243
1403715603712143104.000000 2.093814850 -0.946490645 0.126398668 -0.526158273 -0.640252113 -0.325716853 0.455129862
1403715604012143104.000000 1.970599055 -1.104035258 0.085431904 -0.550796270 -0.638309240 -0.295450747 0.449325770
1403715604462142976.000000 1.885815501 -1.175137281 0.066967979 -0.523507237 -0.654450893 -0.336776376 0.429203749
1403715604962142976.000000 1.771518826 -1.136580586 0.025037926 -0.511126637 -0.645266533 -0.355054557 0.443076730
1403715605262142976.000000 1.685999036 -1.100997090 0.018806025 -0.508625746 -0.645580471 -0.353071630 0.447063982
1403715605612143104.000000 1.583539367 -1.047922730 -0.004872540 -0.514475346 -0.641943514 -0.334178418 0.459944040
1403715605962142976.000000 1.507743478 -0.978807747 -0.069438823 -0.499865472 -0.647945404 -0.350587189 0.455400944
1403715606262142976.000000 1.439669967 -0.919715703 -0.143479526 -0.497222096 -0.648341060 -0.347667515 0.459947139
1403715606512143104.000000 1.379963517 -0.875345170 -0.174752757 -0.499422878 -0.645452440 -0.337144732 0.469362736
1403715606762142976.000000 1.334548831 -0.834060490 -0.186861590 -0.500923336 -0.640723288 -0.324550271 0.482925028
1403715607012143104.000000 1.319332838 -0.797149599 -0.217425600 -0.484848052 -0.642169356 -0.341780722 0.485517174
1403715607262142976.000000 1.317911386 -0.781055987 -0.253779411 -0.479924798 -0.654962480 -0.346535474 0.469690889
1403715607712143104.000000 1.297827005 -0.800240636 -0.283910394 -0.481680334 -0.654986501 -0.349180728 0.465885878
1403715608112143104.000000 1.277585745 -0.823719084 -0.308616221 -0.479917139 -0.660343170 -0.347883701 0.461089462
1403715608612143104.000000 1.277109742 -0.822973311 -0.310581267 -0.480529249 -0.659775913 -0.347401798 0.461627036
1403715609112143104.000000 1.277394652 -0.824067295 -0.310244381 -0.480720192 -0.659479082 -0.347254783 0.461962730
