1413393216555760384.000000 -0.682143271 0.189639509 1.148152351 -0.594250739 -0.543679178 -0.430801094 0.407049686
1413393219205760512.000000 -1.213145733 -0.251038373 1.402737975 -0.621079445 -0.546916485 -0.410938621 0.382455319
1413393222155760384.000000 -1.409847498 -0.164226010 1.900376916 -0.600976348 -0.544967175 -0.434413731 0.391309440
1413393223555760384.000000 -1.442280293 0.249777198 1.906426191 -0.594935834 -0.560252964 -0.424195200 0.390161902
1413393223805760512.000000 -1.456089377 0.376077831 1.822513819 -0.594701648 -0.552930355 -0.433039337 0.391247898
1413393224255760384.000000 -1.516515970 0.592377186 1.785747886 -0.600177824 -0.544637382 -0.440611482 0.386028945
1413393226655760384.000000 -1.545756817 1.290189862 1.436843276 -0.777633607 -0.279995412 -0.521276176 0.212508380
1413393229555760384.000000 -0.632728338 2.004535437 1.301585436 -0.807418227 -0.104851812 -0.575210690 0.078832634
1413393231505760512.000000 0.641823530 2.450531483 1.300794363 0.812219381 -0.005581934 0.583305657 -0.004812332
1413393232155760384.000000 1.042293191 2.550091267 1.221318483 0.811638951 -0.078511640 0.578779578 0.009609099
1413393232555760384.000000 1.231907964 2.488827705 1.175263762 0.805584550 -0.143304095 0.570924759 0.067396618
1413393232755760384.000000 1.325103164 2.436444521 1.125951529 0.802559257 -0.160897031 0.568759441 0.080768377
1413393233555760384.000000 1.724441528 2.118190765 1.139410853 0.784478605 -0.180648282 0.578661382 0.130807742
1413393233755760384.000000 1.815338373 2.041414499 1.213705420 0.783588767 -0.211104199 0.561694384 0.161006346
1413393233955760384.000000 1.904357553 1.977201462 1.307409763 0.766750336 -0.238772377 0.567566872 0.181519836
1413393234155760384.000000 1.982868791 1.927690864 1.390385032 0.757441640 -0.277663082 0.559968054 0.188736111
1413393237055760384.000000 1.948513627 1.582128048 1.503385544 0.534781456 -0.617055058 0.396610290 0.419466645
1413393239955760384.000000 2.090358019 0.564976513 1.622574329 0.528617501 -0.625038326 0.397725165 0.414373487
1413393242755760384.000000 1.983019590 -0.491208643 1.442300200 0.519636750 -0.632569909 0.404904515 0.407290310
1413393245355760384.000000 1.893769145 -0.389758229 1.443052292 0.647539973 -0.502729237 0.456289262 0.346057117
1413393248055760384.000000 2.003119707 -0.161896780 1.026923418 0.663663208 -0.451149404 0.513689637 0.303543031
1413393250555760384.000000 1.840677857 -0.234502628 0.938756287 0.648878932 -0.471214622 0.492632926 0.337973058
1413393250955760384.000000 1.918926239 -0.204730958 0.911059439 0.658524334 -0.482441634 0.480312645 0.320773512
1413393253355760384.000000 1.916014075 0.031960890 1.098780632 0.384396255 -0.735630095 0.258234620 0.494371146
1413393254355760384.000000 1.840500712 -0.226236194 1.262349963 0.322592288 -0.746939182 0.236990795 0.530896962
1413393254855760384.000000 1.794495463 -0.410411835 1.381960154 0.301213652 -0.754988670 0.221215263 0.538819253
1413393257355760384.000000 1.265016675 -1.138069749 1.458058596 0.301398724 -0.760100961 0.227230579 0.528934419
1413393260005760512.000000 0.643968821 -2.210162640 1.420711160 0.645639420 -0.500623286 0.462441832 0.344490469
1413393262505760512.000000 0.864842355 -2.425930262 1.471923232 0.769242942 -0.270126402 0.548257887 0.186307207
1413393265305760512.000000 1.355205059 -2.918323994 1.046005011 0.764640152 -0.220310569 0.582081079 0.167243332
1413393268155760384.000000 1.331600428 -2.908329725 1.205036879 -0.802459836 -0.144776344 -0.567235172 0.115509562
1413393269555760384.000000 1.305867910 -2.872328997 1.227847099 -0.782656193 -0.174052477 -0.580174506 0.143361822
1413393269955760384.000000 1.258279562 -2.871189356 1.102899790 -0.794393599 -0.191684857 -0.558731914 0.141472548
1413393270255760384.000000 1.234994411 -2.880738020 1.016663074 -0.797876596 -0.198629990 -0.552131653 0.138165310
1413393272505760512.000000 1.251781106 -2.517094612 1.013337851 0.809231937 -0.003339770 0.587478280 -0.001370448
1413393275405760512.000000 1.007764339 -1.761942625 1.307625294 0.615273356 -0.521013677 0.461053580 0.370692760
1413393278255760384.000000 0.464513749 -1.814328432 1.304169059 0.481408149 -0.648362517 0.375883788 0.454514831
1413393278755760384.000000 0.254354596 -1.812436581 1.306541085 0.443761766 -0.691587567 0.345033556 0.453579098
1413393279105760512.000000 0.034575447 -1.818842411 1.345933795 0.465281129 -0.667530596 0.321872801 0.484060228
1413393279605760512.000000 -0.214149952 -1.863810420 1.324379206 0.483517915 -0.666010380 0.319716215 0.469491512
1413393280105760512.000000 -0.378767818 -1.981210113 1.309553146 0.478198081 -0.651237607 0.347852975 0.475620061
1413393280605760512.000000 -0.502895594 -2.052428961 1.335040331 0.468318582 -0.656670690 0.383325487 0.450025499
1413393280955760384.000000 -0.654718637 -2.047565937 1.292252898 0.472388566 -0.667403817 0.384568751 0.428401798
1413393281205760512.000000 -0.817363501 -2.038523197 1.282903552 0.493235379 -0.652485192 0.356766611 0.451330811
1413393281555760384.000000 -1.042632341 -2.046924114 1.310427070 0.495979518 -0.649062097 0.343316406 0.463526160
1413393281955760384.000000 -1.244999766 -2.084042549 1.362966657 0.472731471 -0.647423565 0.354551673 0.481311589
1413393282455760384.000000 -1.451454878 -2.104713202 1.455427885 0.471494466 -0.661763251 0.347307414 0.468123972
1413393282955760384.000000 -1.629040837 -2.128427029 1.476908207 0.494252443 -0.637559295 0.362991631 0.466336638
1413393283455760384.000000 -1.710962057 -2.154345751 1.496630669 0.584680319 -0.577295363 0.396182060 0.409779042
1413393283955760384.000000 -1.700991154 -2.233330011 1.413613558 0.651939809 -0.486991107 0.460585922 0.354506373
1413393284705760512.000000 -1.531502604 -2.322670937 1.335744739 0.748352766 -0.323340684 0.533194005 0.226104259
1413393287655760384.000000 -0.854112387 -2.817496300 1.375599265 -0.806887031 -0.133797333 -0.565226674 0.107472904
1413393290405760512.000000 -0.184516564 -2.833959579 1.271073580 -0.767842174 -0.274589211 -0.542176485 0.202642441
1413393293155760384.000000 0.090242811 -2.807121038 1.233672619 -0.723201931 -0.354888380 -0.533085406 0.258559942
1413393294655760384.000000 -0.591048181 -2.842530489 1.307063103 -0.729103863 -0.364619076 -0.521483004 0.252023965
1413393295505760512.000000 -1.084512472 -2.756707907 1.364495754 -0.741844654 -0.346439183 -0.508177161 0.267212331
1413393296455760384.000000 -1.442059755 -2.599438906 1.327128649 -0.738430798 -0.362452120 -0.512926161 0.245469525
1413393297755760384.000000 -1.656742334 -2.155319214 1.153991580 -0.763179600 -0.287616432 -0.530097663 0.232013240
1413393300405760512.000000 -1.378575087 -1.465629339 1.155614734 -0.752786756 -0.309028029 -0.525290668 0.248763829
1413393300705760512.000000 -1.403565168 -1.410476565 1.191694498 -0.729968369 -0.359104753 -0.503956139 0.290203840
1413393302855760384.000000 -1.863353848 -1.348088503 1.058406234 -0.638383210 -0.508592546 -0.432811379 0.382720381
1413393303505760512.000000 -2.007277250 -1.302082777 1.178188801 -0.629350364 -0.520036817 -0.447972715 0.364417851
1413393304055760384.000000 -2.133155823 -1.242666006 1.324540496 -0.637779891 -0.504294991 -0.443955868 0.376598775
1413393304505760512.000000 -2.205012083 -1.186409593 1.311027288 -0.637602687 -0.522950172 -0.439112514 0.356603801
1413393305205760512.000000 -2.309829950 -1.009992361 1.293984652 -0.626840293 -0.529653788 -0.439577043 0.365116566
1413393305655760384.000000 -2.403743982 -0.851826489 1.336140871 -0.638508856 -0.515145421 -0.447982311 0.355307698
1413393308005760512.000000 -2.917362452 0.125552773 1.473587155 -0.791562676 -0.208956078 -0.556394100 0.142097041
1413393308305760512.000000 -2.887718439 0.259197921 1.504994750 -0.801872611 -0.146780759 -0.571516812 0.093937747
1413393310555760384.000000 -2.650830984 0.891444564 1.323546886 0.812178791 -0.061905097 0.578190267 0.047215153
1413393311055760384.000000 -2.539653778 0.895783484 1.319276571 0.817629516 -0.074744657 0.569180310 0.043919500
1413393313905760512.000000 -1.660560131 0.763297200 1.209995747 0.795323491 -0.050395269 0.603487909 0.026895691
1413393316805760512.000000 -1.160625696 1.090682268 1.484837532 -0.809093356 -0.100530751 -0.574645162 0.071024485
1413393317805760512.000000 -1.092873812 1.525723457 1.397209048 -0.795121968 -0.101513289 -0.593161821 0.075067252
1413393318205760512.000000 -1.158323407 1.707630634 1.306126714 -0.807497501 -0.086433142 -0.579587281 0.067495070
1413393318555760384.000000 -1.222246289 1.861544609 1.211265326 -0.808292389 -0.067183390 -0.579642057 0.078517132
1413393318905760512.000000 -1.280587792 1.970142603 1.130197167 -0.802311301 -0.067483723 -0.587915003 0.078093804
1413393319205760512.000000 -1.347551823 2.028334618 1.105087876 -0.803600609 -0.070947640 -0.585536718 0.079620101
1413393319505760512.000000 -1.425476789 2.059833288 1.084436774 -0.819573581 -0.072979145 -0.562465489 0.081275783
1413393319755760384.000000 -1.461442709 2.067655802 1.029848814 -0.829076767 -0.071528651 -0.547512054 0.088011511
1413393320005760512.000000 -1.456356168 2.061902285 0.955558956 -0.815590739 -0.092986479 -0.567375302 0.065196171
1413393320255760384.000000 -1.440425754 2.065737009 0.869048595 -0.800723433 -0.093595885 -0.588256538 0.063528925
1413393320505760512.000000 -1.436175704 2.084824562 0.839485645 -0.812912345 -0.087235406 -0.572360337 0.062985860
1413393320905760512.000000 -1.434863806 2.123081446 0.781919539 -0.800209463 -0.084405743 -0.591351330 0.053329792
1413393321105760512.000000 -1.448776722 2.111159563 0.773630679 -0.815150440 -0.093418516 -0.570068002 0.042722329
1413393321505760512.000000 -1.454623699 2.105912447 0.769367576 -0.800039649 -0.077548154 -0.592703342 0.051240604
1413393321855760384.000000 -1.453578830 2.104966879 0.769322455 -0.800461233 -0.075610518 -0.592151940 0.053860303
1413393322355760384.000000 -1.453436732 2.105049372 0.769207776 -0.800314724 -0.075547881 -0.592336774 0.054093633
1413393322855760384.000000 -1.453969955 2.104958057 0.769097805 -0.800396204 -0.075458966 -0.592229009 0.054191511
1413393323355760384.000000 -1.454635859 2.104811668 0.769947886 -0.800398111 -0.075334363 -0.592214346 0.054495245
1413393323855760384.000000 -1.454363942 2.104851484 0.768859923 -0.800470412 -0.075128533 -0.592125237 0.054685429
1413393324355760384.000000 -1.454334974 2.105001926 0.769235253 -0.800567925 -0.074947752 -0.592010140 0.054752767
1413393324855760384.000000 -1.454592466 2.104853153 0.769821167 -0.800649941 -0.074972406 -0.591884136 0.054882366
1413393325355760384.000000 -1.454873562 2.104920626 0.769428611 -0.800698757 -0.074930720 -0.591791570 0.055223983
1413393325855760384.000000 -1.454023361 2.104630947 0.769221842 -0.800694346 -0.074548602 -0.591844380 0.055238735
