1403636579963555584.000000 4.392510414 1.732211113 -9.578425407 -0.605970144 -0.549391806 -0.407321334 0.406273514
1403636582913555456.000000 4.391029358 1.739391327 -9.388494492 -0.614824593 -0.532723188 -0.430299520 0.391202062
1403636585413555456.000000 4.408555508 1.757735252 -9.453696251 -0.614347816 -0.531505942 -0.451102674 0.369573414
1403636588313555456.000000 4.736108303 1.693886280 -9.597109795 -0.716150522 -0.566718876 -0.302357584 0.273016840
1403636590913555456.000000 4.324163437 1.651458263 -9.572681427 -0.683372080 -0.600603044 -0.288865954 0.298052102
1403636593763555584.000000 4.248342514 1.659236073 -9.635362625 -0.652336717 -0.629328907 -0.241780803 0.346329391
1403636594463555584.000000 4.609333038 1.615530252 -9.641388893 -0.749632061 -0.498000234 -0.348783821 0.261529088
1403636596163555584.000000 4.521778107 1.576984048 -9.687303543 -0.697547197 -0.569981277 -0.322196811 0.291098893
1403636596513555456.000000 4.420131683 1.456769228 -9.653464317 -0.699678957 -0.557923615 -0.334378809 0.295569599
1403636597013555456.000000 4.366481781 1.481689215 -9.645309448 -0.686430573 -0.569943428 -0.345138311 0.291302621
1403636598963555584.000000 4.426623344 1.803747654 -9.785437584 -0.571615219 -0.649514139 -0.315918505 0.389336526
1403636601663555584.000000 4.453168392 1.883397460 -9.874053001 -0.543467879 -0.582984030 -0.380844653 0.468753368
1403636604163555584.000000 4.453152180 1.883336186 -9.874123573 -0.543497384 -0.582891941 -0.380858511 0.468822420
1403636606663555584.000000 4.453191757 1.883523583 -9.874162674 -0.543502867 -0.582846701 -0.380855411 0.468874812
1403636609163555584.000000 4.453095913 1.883378148 -9.874160767 -0.543548584 -0.582837820 -0.380859852 0.468829304
1403636611663555584.000000 4.453448772 1.883310318 -9.874306679 -0.543829024 -0.582720518 -0.380556911 0.468895704
1403636614163555584.000000 4.453668594 1.883350372 -9.874355316 -0.543341756 -0.582749426 -0.381263107 0.468851030
1403636616663555584.000000 4.453673363 1.883458853 -9.874359131 -0.543419302 -0.582692504 -0.381154776 0.468919992
1403636619163555584.000000 4.453701973 1.883542061 -9.874422073 -0.543599606 -0.582509696 -0.380948722 0.469105452
1403636621663555584.000000 4.453716755 1.883493662 -9.874407768 -0.543351471 -0.582689643 -0.381348133 0.468844891
1403636624613555456.000000 4.470683575 1.871185899 -9.873868942 -0.559831500 -0.588741124 -0.374474019 0.446924865
1403636627213555456.000000 4.573849678 1.889333606 -9.552589417 -0.540330410 -0.616519153 -0.376417518 0.431574970
1403636629963555584.000000 5.177622318 2.091933012 -9.447998047 -0.675486326 -0.487853706 -0.441338331 0.333072782
1403636632663555584.000000 6.173356056 3.078773499 -9.527124405 -0.674874246 -0.481083125 -0.445107430 0.339091599
1403636635113555456.000000 6.848117828 4.558789253 -9.603427887 -0.590386450 -0.571777940 -0.413094908 0.392258137
1403636637863555584.000000 7.513364315 6.246912003 -9.300709724 -0.583184004 -0.577361882 -0.406182855 0.401951671
1403636638563555584.000000 7.542283058 6.571688652 -9.330133438 -0.602514625 -0.579930365 -0.374355644 0.400642902
1403636641463555584.000000 8.262377739 8.172055244 -9.513858795 -0.555641711 -0.593871236 -0.388540447 0.433146179
1403636643213555456.000000 8.543796539 8.507896423 -9.520229340 -0.593844712 -0.560438573 -0.412795216 0.403555691
1403636644213555456.000000 8.745048523 8.803019524 -9.444684029 -0.601788163 -0.578356922 -0.393105388 0.385775119
1403636644513555456.000000 8.822217941 8.977585793 -9.480022430 -0.598170400 -0.549151003 -0.399435818 0.425530732
1403636646913555456.000000 9.930831909 10.636002541 -9.626360893 -0.669612050 -0.449881375 -0.482760698 0.340835035
1403636647363555584.000000 10.162457466 10.866800308 -9.547529221 -0.675437808 -0.454170167 -0.474103093 0.335766971
1403636649963555584.000000 11.465989113 11.055141449 -9.315225601 -0.750656426 -0.290745229 -0.549352765 0.224039391
1403636650363555584.000000 11.587468147 10.967484474 -9.293504715 -0.768612027 -0.243837759 -0.560167313 0.189713538
1403636652213555456.000000 11.696487427 10.304092407 -9.332765579 -0.803912997 -0.096150145 -0.580005348 0.089849614
1403636654763555584.000000 11.669414520 9.095324516 -9.346675873 0.816605866 -0.065080769 0.572337270 0.036733802
1403636655113555456.000000 11.611873627 8.975620270 -9.348917007 0.805607975 -0.081809506 0.584386349 0.052873343
1403636655463555584.000000 11.526606560 8.867494583 -9.386123657 0.795781314 -0.100955211 0.594159663 0.059281819
1403636656163555584.000000 11.222637177 8.633125305 -9.508555412 0.799036682 -0.197416633 0.557056665 0.110702388
1403636657163555584.000000 10.859101295 8.161235809 -9.470507622 0.779903471 -0.189547703 0.584130108 0.120890170
1403636657563555584.000000 10.648781776 7.986713886 -9.502261162 0.795110583 -0.199253410 0.562889338 0.106079236
1403636659113555456.000000 9.890033722 7.005441189 -9.720453262 0.787803471 -0.195274860 0.565495133 0.146453902
1403636659413555456.000000 9.793684959 6.871052265 -9.803591728 0.791415215 -0.197029546 0.560692728 0.143056184
1403636661813555456.000000 9.731604576 6.683961868 -10.505001068 0.783423483 -0.205965966 0.569986403 0.137626484
1403636663113555456.000000 9.648726463 7.077920437 -10.557273865 0.798902154 -0.232839510 0.543466210 0.110388726
1403636663563555584.000000 9.652236938 7.084283829 -10.641796112 0.818023324 -0.206462830 0.515414953 0.150194794
1403636663813555456.000000 9.718362808 7.072927952 -10.713047028 0.819432318 -0.193796813 0.513861001 0.164074123
1403636666613555456.000000 11.334728241 8.344684601 -10.756178856 0.794639170 -0.184531957 0.567191839 0.113092825
1403636668313555456.000000 11.937269211 8.937849045 -10.804023743 0.808020234 -0.177912146 0.548233569 0.122027397
1403636668563555584.000000 12.052058220 8.997778893 -10.857607841 0.804845750 -0.181015670 0.550426602 0.128402591
1403636669463555584.000000 12.514151573 9.372339249 -10.967832565 0.787284791 -0.182860121 0.572130084 0.139327765
1403636669863555584.000000 12.654335976 9.637408257 -11.020828247 0.770422399 -0.190148145 0.596468329 0.120493270
1403636670263555584.000000 12.665945053 9.888421059 -10.987774849 0.769761682 -0.216058686 0.597568095 0.060811654
1403636673063555584.000000 10.902263641 7.765699863 -10.430061340 -0.819303930 -0.118538447 -0.557628632 0.061156414
1403636673313555456.000000 10.906487465 7.726809025 -10.438092232 -0.832737923 -0.148995042 -0.528297722 0.072452985
1403636674313555456.000000 11.192952156 8.000327110 -10.456023216 -0.805762470 -0.152982414 -0.563133657 0.101112910
1403636677263555584.000000 12.465127945 9.942276001 -10.970088959 -0.709266067 -0.406288356 -0.506000161 0.275382280
1403636677813555456.000000 12.540307045 10.351661682 -11.017497063 -0.669668198 -0.447160691 -0.483738869 0.342911810
1403636680363555584.000000 12.464509010 11.023278236 -10.702962875 -0.389788121 -0.702616215 -0.341580927 0.487563491
1403636683263555584.000000 10.875423431 9.634614944 -10.590059280 -0.420773745 -0.692103267 -0.313472033 0.495659024
1403636685363555584.000000 9.895280838 8.307774544 -10.614520073 -0.411824286 -0.705172598 -0.306108534 0.489315927
1403636688163555584.000000 8.979173660 6.696480274 -10.808413506 -0.412871391 -0.700638592 -0.301333785 0.497836143
1403636689363555584.000000 8.650182724 6.110609055 -11.029326439 -0.397561878 -0.722172976 -0.268712759 0.498201102
1403636689963555584.000000 8.428148270 5.933734894 -10.902065277 -0.415776163 -0.719121397 -0.237413973 0.503616095
1403636690313555456.000000 8.327733994 5.945986271 -10.860038757 -0.407587349 -0.725059330 -0.256387830 0.492368519
1403636690613555456.000000 8.243825912 6.014299870 -10.804742813 -0.413035035 -0.717736959 -0.250510573 0.501497865
1403636690863555584.000000 8.187829018 6.105689526 -10.811424255 -0.426356584 -0.695864439 -0.230664238 0.529893279
1403636691263555584.000000 8.248438835 6.301416874 -10.841975212 -0.397678822 -0.673995614 -0.265426099 0.563143492
1403636693763555584.000000 9.586750031 6.613897800 -10.120283127 -0.399901241 -0.739010811 -0.252455682 0.479800165
1403636694763555584.000000 9.618924141 6.877753258 -10.067349434 -0.386955231 -0.719916940 -0.269282043 0.509384513
1403636697213555456.000000 9.711129189 7.229619026 -10.197846413 -0.379135549 -0.717271805 -0.314811289 0.492616773
1403636698063555584.000000 9.508909225 6.994844437 -10.060867310 -0.459752560 -0.677326441 -0.330038697 0.470033050
1403636701013555456.000000 9.006813049 6.338794708 -10.549178123 -0.743282378 -0.347595990 -0.510129750 0.257829547
1403636702913555456.000000 9.530948639 6.091400146 -10.830895424 -0.784799099 -0.274954289 -0.524966121 0.181386486
1403636704963555584.000000 10.404409409 6.241253376 -11.067041397 -0.789855599 -0.295150906 -0.503995180 0.187090844
1403636705363555584.000000 10.657967567 6.401388645 -11.131909370 -0.768811524 -0.294159532 -0.533176422 0.195248008
1403636705713555456.000000 10.881389618 6.594742775 -11.171520233 -0.776208341 -0.294648945 -0.523221254 0.192151412
1403636706013555456.000000 11.079793930 6.789882183 -11.215455055 -0.769282579 -0.278641880 -0.532334089 0.217217535
1403636706363555584.000000 11.315681458 6.988486290 -11.241229057 -0.763213694 -0.289956391 -0.538249373 0.209088340
1403636707263555584.000000 11.861746788 7.529430389 -11.252236366 -0.771881998 -0.289672494 -0.533652604 0.188422114
1403636709863555584.000000 13.218462944 9.370990753 -11.352918625 -0.767282784 -0.283858240 -0.545706391 0.181400940
1403636712463555584.000000 12.805847168 10.698382378 -11.385689735 -0.699759126 -0.393917978 -0.524200320 0.283513606
1403636715413555456.000000 11.226447105 9.759731293 -10.762131691 -0.644304216 -0.514990628 -0.437592089 0.358008355
1403636718113555456.000000 10.742981911 8.679217339 -10.739479065 -0.539211750 -0.611425221 -0.400519997 0.418322533
1403636720713555456.000000 9.804849625 7.515522957 -11.014659882 -0.495160967 -0.650404334 -0.335214764 0.468423873
1403636723213555456.000000 9.757845879 6.666272163 -11.058017731 -0.572806716 -0.577908754 -0.404986829 0.417012721
1403636726013555456.000000 9.427793503 5.805518150 -10.724309921 -0.658270717 -0.486889094 -0.454514086 0.350764245
1403636728913555456.000000 9.069755554 5.108938217 -10.185841560 -0.617288291 -0.526329458 -0.447360933 0.376564503
1403636731413555456.000000 8.300271034 4.251269341 -10.060356140 -0.609129727 -0.541173935 -0.423708886 0.395679861
1403636733913555456.000000 7.950602055 3.509561300 -10.062842369 -0.600674927 -0.557809711 -0.421959788 0.387282848
1403636736663555584.000000 7.125334263 2.726989031 -9.723587036 -0.564346433 -0.585433066 -0.416708916 0.406367987
1403636739013555456.000000 6.635841370 2.489776134 -9.570341110 -0.637824655 -0.509866059 -0.424283236 0.391407937
1403636741613555456.000000 7.061428547 2.382945061 -10.274694443 -0.732467711 -0.383756667 -0.490204632 0.275538117
1403636744363555584.000000 7.550778389 2.767194271 -11.043718338 -0.733485103 -0.345910072 -0.521433651 0.265429616
1403636747013555456.000000 7.823187828 3.067546368 -11.579696655 -0.755509794 -0.341715336 -0.494199455 0.261155963
1403636749413555456.000000 7.811867714 3.577394485 -11.000537872 -0.749205947 -0.313292354 -0.531240165 0.241500244
1403636750913555456.000000 7.733847618 3.502202988 -10.566040039 -0.735659957 -0.349028379 -0.525357544 0.246947616
1403636751913555456.000000 7.548968792 3.454449892 -10.114519119 -0.749527037 -0.353481323 -0.494442910 0.262271672
1403636754813555456.000000 7.146090031 3.376348019 -9.674459457 -0.562330365 -0.581718981 -0.419940770 0.411141574
1403636755763555584.000000 6.643509865 3.054128647 -9.631676674 -0.551277876 -0.607984841 -0.391597331 0.416051269
1403636756263555584.000000 6.337762833 2.907539129 -9.609695435 -0.547726095 -0.600190699 -0.397898197 0.425962806
1403636756763555584.000000 6.020938396 2.748058319 -9.588201523 -0.543202043 -0.600713015 -0.398103952 0.430800200
1403636757113555456.000000 5.801175594 2.598457336 -9.553378105 -0.542773724 -0.601118028 -0.394803435 0.433801770
1403636757513555456.000000 5.555398464 2.397542477 -9.558369637 -0.541022122 -0.609907687 -0.393162727 0.425124526
1403636757863555584.000000 5.321951866 2.227805614 -9.527901649 -0.539990246 -0.636220515 -0.362315655 0.415164322
1403636758363555584.000000 4.972800255 2.080071211 -9.413689613 -0.523309588 -0.622323871 -0.370216459 0.449221492
1403636758713555456.000000 4.754250050 1.992568254 -9.428533554 -0.551075995 -0.628478706 -0.331372559 0.437632203
1403636759213555456.000000 4.534697056 1.966830015 -9.481842995 -0.540640652 -0.605176210 -0.347388774 0.469883412
1403636759563555584.000000 4.474394798 1.944437981 -9.569711685 -0.527463317 -0.615695357 -0.364357620 0.458197773
1403636759913555456.000000 4.462249279 1.902531385 -9.615672112 -0.522588193 -0.624090850 -0.368531346 0.448995531
1403636760263555584.000000 4.454303265 1.855773449 -9.649683952 -0.528771698 -0.627205849 -0.361508816 0.443085462
1403636760763555584.000000 4.450136185 1.800559163 -9.726241112 -0.523349822 -0.634533226 -0.367446452 0.434114844
1403636761113555456.000000 4.425726414 1.761143446 -9.773633003 -0.525466561 -0.637000561 -0.361921430 0.432583153
1403636761463555584.000000 4.375200272 1.752203226 -9.804949760 -0.526426256 -0.637930751 -0.359763473 0.431844831
1403636761913555456.000000 4.305508137 1.774531722 -9.792914391 -0.531026065 -0.616613984 -0.356958896 0.458670765
1403636762263555584.000000 4.282702446 1.778287292 -9.765405655 -0.517285228 -0.638756871 -0.380135596 0.424149245
1403636762563555584.000000 4.228856087 1.790325403 -9.787386894 -0.542687953 -0.623478591 -0.345368862 0.444392532
1403636762863555584.000000 4.200541496 1.821575880 -9.857861519 -0.524178863 -0.597514153 -0.368936032 0.481767237
1403636763213555456.000000 4.237843037 1.777999043 -9.880390167 -0.558919787 -0.575216889 -0.383378088 0.457990617
1403636763513555456.000000 4.239064693 1.763191462 -9.903188705 -0.562860668 -0.576561570 -0.378005445 0.455934733
1403636763663555584.000000 4.239698887 1.750575662 -9.913969040 -0.562721133 -0.576566458 -0.378220409 0.455922723
1403636763813555456.000000 4.240556240 1.736205339 -9.924922943 0.563057601 0.576267481 0.377847075 -0.456194699
