1403715893384058112.000000 0.403595775 0.860406518 0.334898710 -0.546886683 -0.619071245 -0.383399129 0.413123339
1403715894134057984.000000 0.361115128 0.815787852 0.430188894 -0.551049650 -0.619003534 -0.373617649 0.416639835
1403715896934057984.000000 -0.589271605 0.722933590 1.082094312 -0.585411966 -0.562053800 -0.325741798 0.485057503
1403715899184058112.000000 2.738552570 0.739606082 1.157699704 -0.650915504 -0.513522029 -0.437486500 0.348151833
1403715899884058112.000000 3.628509998 0.950455725 1.009452462 -0.638896942 -0.542260766 -0.443195671 0.318341821
1403715901684058112.000000 3.803853989 2.032537460 1.084487319 -0.616321146 -0.489936024 -0.481124163 0.385526121
1403715902034057984.000000 3.643643141 1.850284100 1.129846096 -0.628635705 -0.501394808 -0.464844674 0.370593935
1403715902234057984.000000 3.541662455 1.719665408 1.147207975 -0.622454643 -0.507729948 -0.471739739 0.363623649
1403715902384058112.000000 3.456022263 1.614341617 1.154887795 -0.624214351 -0.517179906 -0.468109459 0.351788402
1403715905184058112.000000 1.621807218 1.513342738 1.445923567 -0.073961064 -0.781703055 -0.072868623 0.614947438
1403715905834057984.000000 1.573536634 1.367212772 1.160213351 0.097205684 -0.814872682 0.083293885 0.565328002
1403715906134057984.000000 1.576324344 1.262438655 1.051535726 0.223584294 -0.808090389 0.152615264 0.523171782
1403715906334057984.000000 1.557952166 1.180927634 0.995974839 0.317983031 -0.766607583 0.188672870 0.524978399
1403715908484058112.000000 2.105371714 0.594406307 1.122593999 0.791907668 -0.121815130 0.592301428 0.084984668
1403715909784058112.000000 1.885576487 1.109221101 1.087298036 -0.728859186 -0.364002258 -0.535337031 0.222892284
1403715911184058112.000000 0.912640274 1.392583966 0.827280819 -0.347044319 -0.705885291 -0.274655253 0.553037763
1403715913084058112.000000 0.525957108 0.011840414 1.063141584 0.125381947 -0.803844035 0.099930257 0.572824776
1403715915034057984.000000 1.684872866 -1.533583045 1.032642126 0.081660613 -0.862788260 0.151852369 0.475256681
1403715915484058112.000000 1.544197679 -1.778469086 1.061654806 0.111775212 -0.829186738 0.102801487 0.537947416
1403715915734057984.000000 1.381387830 -1.869512916 1.001506209 0.134712175 -0.818198979 0.085077919 0.552417219
1403715918484058112.000000 -0.027960531 -2.036430597 0.501406074 -0.179785952 -0.782120526 -0.082798116 0.590854585
1403715918984058112.000000 0.283365369 -1.892413259 0.352303922 -0.204574123 -0.813830256 -0.132261187 0.527576387
1403715919284058112.000000 0.399082422 -1.778322339 0.393433839 -0.172593042 -0.824263513 -0.167766377 0.512499571
1403715919784058112.000000 0.382676452 -1.681080818 0.330871105 -0.178425565 -0.802380800 -0.153949469 0.548314750
1403715920234057984.000000 0.258310139 -1.696393728 0.201011032 -0.183823302 -0.815080225 -0.138557449 0.531653285
1403715923034057984.000000 -0.463108152 -1.729850650 1.689011931 -0.098934956 -0.801392257 -0.078357697 0.584673047
1403715923434057984.000000 -0.427524388 -1.764214635 1.847871184 -0.109357722 -0.813663542 -0.061438825 0.567642331
1403715923634057984.000000 -0.408660144 -1.784798622 1.906675577 -0.125514463 -0.810099125 -0.037547380 0.571468174
1403715923984058112.000000 -0.362841725 -1.766747355 1.821415186 -0.124168053 -0.792058051 -0.036673553 0.596557975
1403715924384058112.000000 -0.231407315 -1.679673672 1.588512897 -0.106773168 -0.797495544 -0.062047057 0.590551078
1403715924584058112.000000 -0.136619508 -1.631511807 1.473718762 -0.110673815 -0.811698735 -0.060770486 0.570266128
1403715924784058112.000000 -0.040844049 -1.573311090 1.363416314 -0.138019279 -0.810293972 -0.053791583 0.566992819
1403715924984058112.000000 0.055625662 -1.488183379 1.258878708 -0.178392485 -0.795166671 -0.078982450 0.574149609
1403715925134057984.000000 0.137703255 -1.408974290 1.196978807 -0.206245229 -0.773844302 -0.120220095 0.586664259
1403715925334057984.000000 0.272147655 -1.303629994 1.157735109 -0.257039309 -0.756571233 -0.157104209 0.580387056
1403715926134057984.000000 1.036543727 -0.835911453 1.107518792 -0.465900034 -0.658653498 -0.297512710 0.510488927
1403715926284058112.000000 1.215861320 -0.744872034 1.061435342 -0.502796590 -0.620035529 -0.331690967 0.502725303
1403715926434057984.000000 1.409926891 -0.668099463 0.994611919 -0.532394528 -0.584286869 -0.373693317 0.485302210
1403715929034057984.000000 2.334401608 -1.545117259 0.363191009 -0.860998273 -0.055967070 -0.503407657 0.046156295
1403715929234057984.000000 2.273388863 -1.681967854 0.470272809 -0.875054061 -0.094364390 -0.471362710 0.056506075
1403715931934057984.000000 3.469779730 -1.500809312 0.936015964 -0.824591696 -0.101903051 -0.553195477 0.060325880
1403715932334057984.000000 3.964771032 -1.418558359 1.004146457 -0.745610356 -0.101504758 -0.654369593 0.074581869
1403715932584058112.000000 4.114314556 -1.371939421 1.069290042 -0.702969313 -0.094724879 -0.699854434 0.084055372
1403715934584058112.000000 3.812962294 -1.299484015 1.772171021 -0.670747459 -0.060911618 -0.736361265 0.064496174
1403715934984058112.000000 3.521407366 -1.322743893 1.806550741 -0.720879495 -0.066541731 -0.685170531 0.080288917
1403715936334057984.000000 2.544773102 -1.440157771 1.515929461 -0.795111239 -0.071781158 -0.600663900 0.042993780
1403715936834057984.000000 2.729545832 -1.320545077 1.449552178 -0.758274198 -0.047453478 -0.647465169 0.059643336
1403715938334057984.000000 2.281715870 -1.076748610 0.930915713 -0.799501181 -0.307825476 -0.482794672 0.181523427
1403715941034057984.000000 2.774078846 0.402250648 1.496097326 -0.800780356 -0.398111165 -0.399876297 0.200891152
1403715941634057984.000000 3.126401901 1.119011879 1.760764241 -0.625090122 -0.295216292 -0.637546897 0.340064347
1403715942084058112.000000 2.979704618 0.969602346 1.675024033 -0.636679053 -0.304969400 -0.625606537 0.332039088
1403715944484058112.000000 2.530708551 0.153276607 0.839813888 -0.755894363 -0.459439278 -0.383539915 0.265398800
1403715946334057984.000000 2.449878693 0.261800796 1.342479944 -0.633605778 -0.643023670 -0.296813518 0.311393887
1403715947034057984.000000 2.202748775 0.789549053 1.594595790 -0.479364723 -0.570872366 -0.436473072 0.503791094
1403715947534057984.000000 2.099379778 0.604940534 1.625597477 -0.512520969 -0.570764661 -0.415944219 0.488405824
1403715948084058112.000000 2.087302446 0.095459878 1.347352862 -0.594806910 -0.675420523 -0.277488023 0.336172938
1403715948334057984.000000 2.065079212 0.131679952 1.234264612 -0.586181402 -0.678007483 -0.282116830 0.342209488
1403715949734057984.000000 1.924375534 0.607946277 0.905501902 -0.487712711 -0.735108376 -0.254627377 0.396127492
1403715952084058112.000000 1.121494651 0.640168488 1.225987434 -0.253304094 -0.800936878 -0.138964966 0.524429023
1403715953534057984.000000 1.552245140 0.770155132 1.392797828 -0.132154897 -0.889526546 -0.046570782 0.434866339
1403715953734057984.000000 1.610912800 0.790301383 1.354367137 -0.095763542 -0.909250498 -0.024120478 0.404364944
1403715954534057984.000000 0.775305152 0.853448510 1.301777005 -0.011751273 -0.727014840 -0.038061671 0.685465276
1403715954934057984.000000 0.749816060 0.669503033 1.261505604 -0.017898722 -0.731843472 -0.027070152 0.680699706
1403715955134057984.000000 0.925471604 0.559855640 1.243355513 -0.026264841 -0.801964879 -0.025432395 0.596251428
1403715955534057984.000000 1.260221124 0.353181422 1.224898815 -0.055503905 -0.891004622 0.001273616 0.450587004
1403715955834057984.000000 1.224737167 0.267676175 1.266829491 -0.017222455 -0.887121737 0.022913557 0.460644573
1403715956484058112.000000 0.823496640 0.162195563 1.448889971 0.177742973 -0.705677569 0.116813034 0.675855994
1403715956684058112.000000 0.888725162 0.147120699 1.504783511 0.209017545 -0.675246835 0.160985366 0.688794017
1403715957484058112.000000 1.818243742 0.337365210 1.477199435 0.234032556 -0.876405835 0.128277183 0.400857210
1403715957684058112.000000 1.894279480 0.304838777 1.396930575 0.240192756 -0.892274559 0.112746581 0.365296930
1403715957884058112.000000 1.806673169 0.182541341 1.339063287 0.240203962 -0.854285121 0.131222665 0.441904455
1403715958384058112.000000 1.427965164 -0.249649465 1.240693569 0.271694094 -0.674617827 0.236511618 0.644310117
1403715958634057984.000000 1.426136613 -0.340713233 1.180005312 -0.293424070 0.632015944 -0.291653872 -0.655283332
1403715961084058112.000000 2.177403450 0.228079408 1.197887301 0.572967887 -0.685463667 0.268485755 0.360226035
1403715961484058112.000000 2.328590393 0.189914674 1.319619775 0.546700180 -0.697834492 0.307664603 0.345670998
1403715962084058112.000000 2.380592823 -0.357838392 1.519231796 -0.515696943 0.476931125 -0.510789454 -0.495668828
1403715962484058112.000000 2.402310371 -0.186926156 1.465400934 0.549604774 -0.461977661 0.559684277 0.413841546
1403715965284058112.000000 2.104172468 0.660915077 0.625297189 0.759978950 -0.270581037 0.562799156 0.180208370
1403715968234057984.000000 2.269526720 1.084172249 1.394103527 0.848942459 -0.240670040 0.459992826 0.098900355
1403715969534057984.000000 1.591912746 1.338783145 0.880948007 0.884826362 -0.224767178 0.390911251 0.117262945
1403715969934057984.000000 1.794818521 1.295882344 0.820372999 0.826555729 -0.163625523 0.505382836 0.186065942
1403715970934057984.000000 2.048999786 1.741490364 0.831692815 0.842711985 -0.252300531 0.473900437 0.039993655
1403715971184058112.000000 1.989401460 1.728940487 0.892283380 0.887298942 -0.222133562 0.400083125 0.057364516
1403715973184058112.000000 1.958337784 1.565286040 1.441490293 -0.814148247 -0.022717737 -0.576390803 0.066483684
1403715975884058112.000000 1.935120106 -0.004352607 1.288031220 -0.817881286 -0.076173246 -0.568603992 0.044243015
1403715978284058112.000000 2.498291016 0.738024712 1.325542688 -0.632723987 -0.502530932 -0.508453310 0.297654897
1403715980384058112.000000 0.991137624 0.684919477 1.396084428 0.064168595 -0.781161666 0.000482127 0.621022165
1403715980734057984.000000 1.007512093 0.247197166 1.413475752 0.188536763 -0.757182062 0.138434157 0.609889448
1403715981034057984.000000 1.144692063 -0.086675011 1.413561702 0.301726043 -0.722567856 0.248668134 0.570106447
1403715981334057984.000000 1.356428385 -0.322089851 1.418265462 0.419632018 -0.652994692 0.352790743 0.522537708
1403715981634057984.000000 1.600661755 -0.417040765 1.439211130 0.524312496 -0.551950872 0.459593564 0.457406133
1403715981884058112.000000 1.792744279 -0.355386555 1.450685859 0.623206973 -0.471616745 0.495101422 0.379559249
1403715982134057984.000000 1.964701533 -0.202549949 1.459236383 0.694317222 -0.391133636 0.520596921 0.306458741
1403715982434057984.000000 2.146715164 0.048211321 1.475189686 0.744565487 -0.291407824 0.554808140 0.229981765
1403715982734057984.000000 2.292761803 0.362593770 1.486693978 0.779529035 -0.176349849 0.582975686 0.146200523
1403715982984058112.000000 2.370486021 0.662840068 1.493968844 0.797425449 -0.072602905 0.595120370 0.068362460
1403715983234057984.000000 2.400841951 0.980565786 1.497559309 -0.799269617 -0.027352104 -0.600189149 0.013890244
1403715983484058112.000000 2.380869150 1.298118472 1.499610305 -0.782369077 -0.136095300 -0.599164188 0.101877823
1403715983734057984.000000 2.300605774 1.587858677 1.508625150 -0.735671401 -0.228685379 -0.603019297 0.207022384
1403715983984058112.000000 2.147050381 1.795653939 1.518209815 -0.696267664 -0.312128574 -0.578240752 0.288833410
1403715984134057984.000000 2.026006222 1.867315531 1.525045872 -0.679803133 -0.359741211 -0.549889266 0.325692862
1403715984384058112.000000 1.803979754 1.899863839 1.542764664 -0.646114349 -0.429077893 -0.503365874 0.380855858
1403715984634057984.000000 1.581250906 1.832594752 1.564704418 -0.603176773 -0.510176301 -0.457570821 0.408077031
1403715984734057984.000000 1.492835283 1.785441875 1.570873022 -0.584710479 -0.545246124 -0.431053132 0.418346256
1403715984834057984.000000 1.405164480 1.732247829 1.576201320 -0.562693834 -0.571178913 -0.402501851 0.441726923
1403715984934057984.000000 1.322152853 1.674179196 1.582052350 -0.536913931 -0.594326615 -0.377789319 0.464515328
1403715985534057984.000000 0.949947655 1.211424112 1.617045045 -0.470056087 -0.654078960 -0.357399344 0.472751319
1403715985984058112.000000 0.696625769 0.808238983 1.575742006 -0.564125538 -0.629955292 -0.320106447 0.427142382
1403715986234057984.000000 0.577536941 0.663337767 1.468983889 -0.568738043 -0.607683241 -0.332495570 0.443514258
1403715986484058112.000000 0.501178741 0.562732279 1.354115009 -0.547566354 -0.609228551 -0.364432812 0.442945272
1403715986734057984.000000 0.443184197 0.476166815 1.218668938 -0.559695542 -0.638309360 -0.339308321 0.405181378
1403715987234057984.000000 0.331329763 0.471022367 1.005234718 -0.567638576 -0.576097786 -0.371843487 0.455664754
1403715987734057984.000000 0.340731978 0.444169164 0.835684538 -0.576695681 -0.577758372 -0.400088340 0.416589439
1403715988034057984.000000 0.358929694 0.417793453 0.747800171 -0.583108604 -0.599756360 -0.380899429 0.393944651
1403715988284058112.000000 0.365512908 0.427523911 0.698257744 -0.566253662 -0.593009412 -0.396733105 0.412673652
1403715988784058112.000000 0.364792109 0.429056227 0.634774804 -0.579319298 -0.574604869 -0.376937807 0.438333452
1403715989034057984.000000 0.395972878 0.415046245 0.622614264 -0.579628348 -0.587340117 -0.380958855 0.417052627
1403715989384058112.000000 0.458887964 0.415796936 0.620241046 -0.578819692 -0.587347925 -0.387693197 0.411927581
1403715989834057984.000000 0.539747775 0.452284098 0.615927875 -0.567910552 -0.582026958 -0.403704047 0.419219822
1403715990234057984.000000 0.590385795 0.470206648 0.574539542 -0.561976850 -0.590021372 -0.405640870 0.414140433
1403715990634057984.000000 0.594986737 0.465999097 0.483537406 -0.561612129 -0.598079860 -0.402264923 0.406294405
1403715991084058112.000000 0.517980933 0.483568132 0.358749986 -0.561615825 -0.603623092 -0.399489135 0.400793195
1403715991534057984.000000 0.500825346 0.486394763 0.353378654 -0.560555518 -0.595762789 -0.400911748 0.412448704
1403715992034057984.000000 0.501631558 0.480164826 0.348755419 -0.561050117 -0.595063090 -0.400331378 0.413349181
1403715992534057984.000000 0.501012027 0.474034697 0.348518819 -0.561182082 -0.594974399 -0.400194943 0.413429767
1403715993034057984.000000 0.500323296 0.469080418 0.349677026 -0.561412156 -0.594921291 -0.399997532 0.413384914
1403715993534057984.000000 0.499659359 0.467519641 0.350368887 -0.561539888 -0.594916821 -0.399792612 0.413416147
1403715993934057984.000000 0.499847293 0.468668193 0.350486904 -0.562047958 -0.594902039 -0.399174601 0.413344115
