1403636859051666432.000000 0.957301140 -1.662797093 0.286869437 -0.609818816 -0.535793841 -0.411508173 0.414375544
1403636861901666560.000000 1.038085341 -1.669503093 0.512467742 -0.631407499 -0.533881485 -0.421708703 0.372097999
1403636864451666432.000000 1.033712149 -1.673657775 0.679028213 -0.649111867 -0.533754051 -0.413308680 0.350622863
1403636866201666560.000000 1.019122839 -1.658744097 0.756535828 -0.625562847 -0.499777168 -0.452464312 0.392644733
1403636868851666432.000000 0.968462348 -1.793745041 0.496092260 -0.729379296 -0.584407330 -0.262729973 0.239681035
1403636871751666432.000000 1.261774659 -1.756998658 0.481623590 -0.754991710 -0.542225003 -0.280451685 0.239429355
1403636874501666560.000000 1.301101208 -1.737847567 0.443759829 -0.757478058 -0.550054550 -0.263740480 0.232610941
1403636876101666560.000000 1.001371622 -1.939834714 0.424660057 -0.835632026 -0.394163311 -0.315584183 0.216242850
1403636876251666432.000000 1.070533872 -1.970787406 0.430546969 -0.845942378 -0.365172178 -0.333264470 0.199914262
1403636876451666432.000000 1.185664415 -1.963883638 0.428416908 -0.858348072 -0.344551980 -0.335676879 0.178447962
1403636876601666560.000000 1.278505921 -1.923407078 0.429095924 -0.852497816 -0.346623927 -0.351861835 0.171150520
1403636876951666432.000000 1.381206274 -1.739532709 0.439656019 -0.809817314 -0.408688486 -0.368177295 0.203998223
1403636878451666432.000000 1.000901222 -1.879062653 0.395691842 -0.778851390 -0.497346878 -0.287432432 0.251831472
1403636878901666560.000000 1.273769736 -1.885814071 0.424026042 -0.809882402 -0.431631297 -0.339382380 0.206408679
1403636879201666560.000000 1.388568997 -1.783420205 0.440204769 -0.803994775 -0.429766476 -0.348311901 0.218110278
1403636880951666432.000000 0.971074224 -1.977091193 0.520167947 -0.773053765 -0.484453052 -0.329326212 0.243387103
1403636881151666432.000000 0.901505113 -1.948105216 0.523521185 -0.746636927 -0.506051362 -0.335930020 0.271286547
1403636881301666560.000000 0.866153717 -1.900659323 0.526633620 -0.723214567 -0.530995250 -0.327327818 0.296413898
1403636881451666432.000000 0.864360154 -1.838646531 0.530528247 -0.704104722 -0.552303672 -0.324871272 0.306032717
1403636882651666432.000000 1.196015835 -1.706184983 0.420463800 -0.690267563 -0.540864289 -0.360397190 0.317978561
1403636885251666432.000000 1.104424357 -1.532808542 0.244302720 -0.529697955 -0.594815373 -0.378055930 0.471898735
1403636887751666432.000000 1.104334950 -1.533088565 0.244297475 -0.529711723 -0.594770014 -0.378107458 0.471899092
1403636890251666432.000000 1.104404449 -1.533419609 0.244395077 -0.529139757 -0.594521761 -0.378417850 0.472604364
1403636892751666432.000000 1.104416013 -1.533025622 0.244273126 -0.529474974 -0.594336689 -0.378547728 0.472357601
1403636895251666432.000000 1.104401112 -1.533266664 0.244467869 -0.529740810 -0.594262242 -0.378354400 0.472308069
1403636897951666432.000000 1.173169851 -1.615024090 0.289937258 -0.553317547 -0.627396405 -0.367263258 0.406609476
1403636900651666432.000000 1.464172363 -1.252162457 0.639221728 -0.605111539 -0.558098018 -0.414095044 0.388448298
1403636901151666432.000000 1.595896482 -1.158934116 0.657488465 -0.611099780 -0.551141918 -0.398008049 0.405449539
1403636904001666560.000000 2.835397482 -0.513642192 0.645995438 -0.604288816 -0.560341656 -0.403031081 0.398017973
1403636906351666432.000000 3.754452944 0.190039918 0.844396830 -0.589722395 -0.571171165 -0.412733465 0.394515157
1403636907051666432.000000 3.903146982 0.493411064 0.852232635 -0.587921441 -0.573794961 -0.411359042 0.394830823
1403636908501666560.000000 4.299466133 1.335463524 0.916723192 -0.578625917 -0.581888318 -0.402185589 0.406010866
1403636909151666432.000000 4.504992962 1.766309023 0.976291835 -0.584979057 -0.587765515 -0.383685231 0.406345814
1403636909451666432.000000 4.610572338 1.995062947 1.003046751 -0.583775938 -0.586160541 -0.388708889 0.405619353
1403636911951666432.000000 5.193654537 3.611535311 0.828319252 -0.584864199 -0.578704417 -0.388552547 0.414803535
1403636912801666560.000000 5.403467178 4.078623295 0.770321965 -0.589426577 -0.569921613 -0.388614357 0.420410007
1403636913601666560.000000 5.730822086 4.467545033 0.663275838 -0.581996799 -0.574929655 -0.399758190 0.413435668
1403636916351666432.000000 6.850760937 5.427678585 0.749865770 -0.577611625 -0.577857494 -0.409287483 0.406114787
1403636919001666560.000000 7.208577156 5.985698700 0.686422527 -0.674934745 -0.456994623 -0.459596336 0.352689952
1403636921751666432.000000 7.547214031 5.629843712 0.887372911 -0.697651088 -0.443440944 -0.463192195 0.319524676
1403636924351666432.000000 7.829407215 5.409273624 0.607928336 -0.745985806 -0.371854484 -0.497827381 0.239577398
1403636924801666560.000000 7.968737602 5.572508335 0.629583299 -0.735932469 -0.346478522 -0.506859958 0.285392731
1403636927701666560.000000 9.373850822 6.283827305 0.246287018 -0.805870593 -0.240651488 -0.518846035 0.153160572
1403636930601666560.000000 11.197938919 6.885759354 0.378970683 -0.777893424 -0.235658929 -0.556336403 0.172732681
1403636933301666560.000000 11.124571800 6.152454853 0.518968225 -0.818743885 -0.121199429 -0.555159926 0.082259394
1403636936051666432.000000 9.910187721 5.439584255 0.532450557 0.834891975 -0.046523131 0.548231065 0.015286963
1403636939001666560.000000 9.424609184 4.531097412 0.251224071 0.813741744 -0.093317658 0.572123647 0.042316273
1403636939601666560.000000 9.158346176 4.255883217 0.220118836 0.803603470 -0.078287847 0.588304996 0.044607654
1403636939851666432.000000 9.028519630 4.142853737 0.237087369 0.799611032 -0.077619538 0.593942285 0.042778526
1403636940101666560.000000 8.874143600 4.029820442 0.218447417 0.802401543 -0.093627676 0.587725997 0.044315368
1403636941201666560.000000 8.125526428 3.438439608 0.159092829 0.813409388 -0.111705996 0.566665232 0.069118537
1403636944001666560.000000 6.590050220 1.905850291 0.138817072 0.816827536 -0.104224116 0.563504517 0.066278048
1403636946851666432.000000 5.861536503 1.573347688 -0.217855707 0.811755598 -0.096417673 0.575338185 0.027250338
1403636948201666560.000000 5.897984028 1.394660711 -0.417576790 0.829675019 -0.070299707 0.550033808 0.064499639
1403636950051666432.000000 6.662601948 1.900581360 -0.672887027 0.827930689 -0.068238147 0.556104898 0.024933733
1403636950351666432.000000 6.769547939 1.957444549 -0.678356051 0.828006387 -0.063135616 0.556040525 0.035189062
1403636953251666432.000000 8.137986183 2.769974709 -0.893442392 0.823833644 -0.069954075 0.562051952 0.022411248
1403636954501666560.000000 8.824592590 3.135764360 -0.862576663 0.827811778 -0.052058492 0.557194948 0.039388064
1403636955751666432.000000 9.687447548 3.769825220 -0.962606311 0.812529147 -0.084419839 0.572511971 0.069998205
1403636956301666560.000000 10.025592804 4.102978230 -0.930907071 0.809758544 -0.112489663 0.574127436 0.044889178
1403636956651666432.000000 10.206292152 4.272825718 -0.950764418 0.805031896 -0.088293940 0.584031582 0.055090953
1403636957401666560.000000 10.458999634 4.571937084 -0.929523230 -0.812114120 -0.070171677 -0.576988697 0.051290926
1403636959901666560.000000 10.947854042 5.164082050 -1.119727135 -0.778166234 -0.252794296 -0.547046661 0.176896468
1403636961001666560.000000 10.979294777 5.545379639 -1.188294530 -0.759033620 -0.297801077 -0.539626241 0.209728226
1403636963951666432.000000 10.020692825 6.144844532 -0.683109999 -0.578241646 -0.569615424 -0.422261447 0.403571695
1403636964451666432.000000 9.747056961 6.063990116 -0.552145123 -0.572812796 -0.572065413 -0.427200317 0.402649462
1403636964751666432.000000 9.553903580 5.987903118 -0.531148374 -0.549718797 -0.594411194 -0.426506251 0.403208554
1403636965601666560.000000 8.805465698 5.647900105 -0.345947325 -0.503070831 -0.668872893 -0.330576539 0.436174184
1403636968051666432.000000 7.059402943 4.585773468 -0.197220013 -0.501102328 -0.628638387 -0.378701240 0.458579928
1403636968301666560.000000 6.927693367 4.382620335 -0.286661178 -0.503519952 -0.627418101 -0.374488443 0.461055905
1403636968701666560.000000 6.734299660 4.009649754 -0.329108149 -0.501579165 -0.631357670 -0.378408790 0.454546571
1403636969201666560.000000 6.479646683 3.493840694 -0.306538433 -0.509791970 -0.631692231 -0.368150562 0.453367680
1403636969551666432.000000 6.301254749 3.122766972 -0.217685804 -0.519975364 -0.641907752 -0.357195377 0.435880125
1403636971751666432.000000 5.173149586 1.860715270 -0.278458059 -0.515652537 -0.629152060 -0.353172332 0.462103307
1403636972751666432.000000 5.094487667 1.722104073 -0.316774875 -0.513154209 -0.635072052 -0.357913464 0.453050017
1403636973251666432.000000 5.113833427 1.666960955 -0.322165638 -0.538488150 -0.620349824 -0.369434893 0.434412807
1403636975851666432.000000 5.205121517 1.531275511 -0.605447173 -0.708575130 -0.424725294 -0.484912694 0.287035763
1403636978151666432.000000 5.843418598 1.400569081 -0.968780041 -0.772111654 -0.266047955 -0.539638638 0.204577953
1403636978501666560.000000 5.993876934 1.334121108 -0.964483082 -0.782410085 -0.272184610 -0.527494609 0.188413233
1403636980201666560.000000 6.964233398 1.602858663 -1.065505147 -0.778979361 -0.264009744 -0.540317118 0.177616343
1403636980701666560.000000 7.244690895 1.824097037 -1.151109338 -0.770397127 -0.251296312 -0.552172840 0.196070060
1403636982001666560.000000 7.824160576 2.304593801 -1.236097217 -0.793801427 -0.259865582 -0.525559962 0.161666438
1403636982301666560.000000 7.970121384 2.449576139 -1.228219986 -0.803812921 -0.250557780 -0.511946678 0.170340970
1403636982651666432.000000 8.199678421 2.650219679 -1.218188405 -0.785655081 -0.243045360 -0.536857247 0.188306361
1403636983051666432.000000 8.503231049 2.865844011 -1.192549109 -0.785310388 -0.253416300 -0.534877062 0.181588247
1403636985851666432.000000 10.294130325 4.847607136 -1.246998906 -0.760305643 -0.278347433 -0.559194267 0.178213075
1403636988751666432.000000 9.868246078 6.407121181 -0.966388941 -0.750677526 -0.259894282 -0.559310675 0.236875087
1403636991501666560.000000 8.388422012 4.401879311 -0.764106870 -0.766522110 -0.288351715 -0.539303124 0.196084887
1403636992001666560.000000 8.103027344 4.104696751 -0.657266319 -0.776019990 -0.266868830 -0.532762527 0.206731781
1403636993001666560.000000 7.635895729 3.549995899 -0.575426340 -0.775749803 -0.266914606 -0.544466496 0.174714744
1403636993801666560.000000 7.252221584 3.249381781 -0.439196795 -0.742337584 -0.338708848 -0.523982525 0.244240731
1403636996551666432.000000 5.483314514 1.484699130 -0.131377071 -0.730797231 -0.370509237 -0.510204434 0.261437953
1403636997901666560.000000 4.866973877 0.753410697 -0.042791478 -0.672202945 -0.483319193 -0.456136793 0.326320410
1403636999401666560.000000 4.473630428 0.556088209 0.395792872 -0.664611399 -0.467737317 -0.483762681 0.324787885
1403637000401666560.000000 4.032448769 0.344825089 0.393608183 -0.665583670 -0.463958889 -0.484534413 0.327057987
1403637000901666560.000000 3.746416807 0.187905431 0.429949760 -0.665470958 -0.461775690 -0.485940218 0.328289062
1403637001851666432.000000 3.156641960 -0.203482971 0.527013183 -0.675572932 -0.456621766 -0.478129953 0.326327473
1403637002251666432.000000 2.923950672 -0.383133292 0.503644943 -0.677780509 -0.457683146 -0.476105303 0.323208123
1403637002751666432.000000 2.643307209 -0.587041140 0.512700021 -0.674779415 -0.461530507 -0.481435031 0.316042274
1403637003251666432.000000 2.351890802 -0.771225631 0.503714144 -0.679156542 -0.453751802 -0.481528252 0.317783505
1403637003601666560.000000 2.152249098 -0.892015696 0.497971803 -0.679768920 -0.447585255 -0.483734429 0.321842551
1403637003901666560.000000 1.985527158 -1.000559211 0.525208294 -0.681296170 -0.449760199 -0.480802089 0.319969922
1403637004201666560.000000 1.825608850 -1.106804013 0.502076209 -0.682064950 -0.458708316 -0.475294590 0.313797921
1403637004551666432.000000 1.650384426 -1.201609731 0.520947218 -0.678421676 -0.451675504 -0.481153488 0.322838455
1403637004901666560.000000 1.490342498 -1.303425193 0.584983349 -0.693186939 -0.433602124 -0.468280047 0.334955186
1403637005251666432.000000 1.382578135 -1.409307361 0.530110955 -0.690605640 -0.443297714 -0.476975352 0.314715058
1403637005601666560.000000 1.296815872 -1.497932076 0.456377894 -0.684788585 -0.448649317 -0.480179965 0.314969450
1403637006101666560.000000 1.188556910 -1.585752726 0.480781227 -0.684162557 -0.449261755 -0.477277100 0.319831252
1403637006601666560.000000 1.111113191 -1.641477823 0.480385095 -0.694575369 -0.449922711 -0.457577825 0.325203449
1403637007101666560.000000 1.094993830 -1.651641726 0.442855150 -0.639066219 -0.510301888 -0.446564555 0.362996519
1403637007501666560.000000 1.091494203 -1.669838190 0.404407024 -0.610416651 -0.533302546 -0.447940975 0.377264977
1403637007801666560.000000 1.070143461 -1.699456334 0.363985747 -0.623983264 -0.542689443 -0.430019230 0.362238199
1403637008201666560.000000 1.031046867 -1.718605876 0.330329925 -0.631404877 -0.532418251 -0.430538923 0.363998622
1403637008701666560.000000 0.986498654 -1.700325966 0.335699946 -0.632500410 -0.515495479 -0.440198660 0.374743640
1403637009051666432.000000 0.981521189 -1.679812670 0.307061344 -0.646133006 -0.509996355 -0.425090939 0.376448780
1403637009351666432.000000 1.022487164 -1.658330441 0.257062674 -0.627981186 -0.529732347 -0.453366518 0.345661819
1403637009651666432.000000 1.045301318 -1.655562520 0.241073042 -0.601143658 -0.505305946 -0.446470469 0.428901315
1403637010001666560.000000 1.047032595 -1.654550552 0.230801061 -0.614010513 -0.499233902 -0.443369895 0.420927256
1403637010501666560.000000 1.043200135 -1.663860083 0.221570581 0.614543855 0.498596281 0.442459971 -0.421861112
