#Stereo rect[ms], MP culling[ms], MP creation[ms], LBA[ms], KF culling[ms], Total[ms]
9.090264,0.064545,0.710793,0.014273,0.014273,9.892035
9.980740,0.114433,1.375987,0.004448,0.004448,11.479928
10.300392,0.157922,1.895545,0.443941,0.443941,25.974295
10.505867,0.138818,2.552417,0.704233,0.704233,32.031815
10.965968,0.070145,3.225323,0.970477,0.970477,37.088169
11.363894,0.052321,3.780146,1.290769,1.290769,40.735738
11.691323,0.054624,4.519004,1.558101,1.558101,48.081467
12.155713,0.053280,5.622666,2.050619,2.050619,52.055631
12.508901,0.051616,6.362804,2.196701,2.196701,62.190420
12.978572,0.046976,7.735910,90.296231,90.296231,155.884169
13.262575,0.064257,8.573905,2.328319,2.328319,57.060337
9.247258,0.072161,0.873228,0.005216,0.005216,10.202183
9.886082,0.232611,1.931130,0.004768,0.004768,12.058175
10.089285,0.372037,9.608222,0.363589,0.363589,40.053488
10.906544,0.461414,14.629154,0.697481,0.697481,66.215466
11.723610,0.506023,15.766800,0.899052,0.899052,63.551622
9.318235,0.421446,18.401906,1.119695,1.119695,68.864205
9.937059,0.504999,13.811606,1.413779,1.413779,65.916262
10.572492,0.348644,18.885274,1.538644,1.538644,77.080537
12.631174,0.336709,24.597796,1.384274,1.384274,83.802801
9.986211,0.351269,29.856362,41.745447,41.745447,126.740904
13.554803,0.463494,38.354298,1.525556,1.525556,97.629512
10.920624,0.429382,22.193989,1.671575,1.671575,85.205029
12.668967,0.414021,27.703790,1.749047,1.749047,84.325272
12.523589,0.323204,28.994079,1.907289,1.907289,90.341256
13.666517,0.258211,28.628954,3.187690,3.187690,104.351457
14.757411,0.428678,51.604489,2.247773,2.247773,127.111597
15.924946,0.442374,45.614298,2.502145,2.502145,125.270517
15.941298,0.503751,40.114161,2.788037,2.788037,121.685926
15.212553,0.523175,31.949733,3.144521,3.144521,116.355967
10.038436,0.248547,16.338968,3.038313,3.038313,87.749830
11.555801,0.171170,22.344743,3.347276,3.347276,96.944799
12.203841,0.300452,45.622490,4.107254,4.107254,273.737468
12.913546,0.354437,46.164257,4.295097,4.295097,163.355788
13.272303,0.333316,40.147602,4.451291,4.451291,132.885817
13.424433,0.221347,36.281631,4.026421,4.026421,120.190194
14.094266,0.213955,40.741177,4.286360,4.286360,129.015558
16.231062,0.202978,46.973580,4.409339,4.409339,141.564972
16.879103,0.115553,43.452094,3.898163,3.898163,130.791870
9.640416,0.075329,0.874091,0.005568,0.005568,10.599148
10.167558,0.247427,1.739575,0.004768,0.004768,12.163104
10.467946,0.258436,2.403712,0.467623,0.467623,31.097755
10.878224,0.224195,3.175849,0.891852,0.891852,36.490850
11.350678,0.089281,3.772050,1.197776,1.197776,54.231820
11.666010,0.067457,4.360217,1.439155,1.439155,63.280323
12.079072,0.049920,5.169316,1.881497,1.881497,42.555538
12.519845,0.040705,5.953743,2.117788,2.117788,61.983314
13.730165,0.038529,6.886266,2.505730,2.505730,67.802495
13.546738,0.059617,7.254336,81.104558,81.104558,150.547362
14.402494,0.046593,9.197017,3.619951,3.619951,76.253038
9.320763,0.076737,0.925068,0.005248,0.005248,10.332488
10.131717,0.185731,1.777815,0.004864,0.004864,12.103935
10.586988,0.268260,2.248701,0.554952,0.554952,33.223319
11.190676,0.220035,3.198186,0.916716,0.916716,39.741933
11.461207,0.072257,3.597103,1.244625,1.244625,42.833237
11.902173,0.058753,3.994357,1.438963,1.438963,43.723905
12.299074,0.054657,5.282694,1.930233,1.930233,65.582401
12.579270,0.042336,5.932911,2.271134,2.271134,63.034336
11.628793,0.042593,5.844333,2.510433,2.510433,63.275011
13.740150,0.054144,7.356193,46.492837,46.492837,115.924346
14.380702,0.048673,8.666482,3.402221,3.402221,76.581939
9.360187,0.062817,0.752778,0.005088,0.005088,10.184870
9.664992,0.225059,1.465875,0.004544,0.004544,11.364310
10.211559,0.428357,2.730148,0.450950,0.450950,28.920829
10.642796,0.369861,11.420407,0.723658,0.723658,45.368439
9.486557,0.403558,13.203150,1.069870,1.069870,52.530517
11.591896,0.543688,19.254110,1.195472,1.195472,66.586574
10.472426,0.415782,22.253062,1.370866,1.370866,71.444559
12.524101,0.531783,27.808751,1.018061,1.018061,86.237170
13.282351,0.544007,31.540768,1.678870,1.678870,94.146586
13.910039,0.499399,35.499060,52.433108,52.433108,153.672075
13.478226,0.439269,39.796302,1.525076,1.525076,99.459200
14.159771,0.492102,45.388823,1.817688,1.817688,110.294319
14.592064,0.576200,45.888125,2.115196,2.115196,131.619752
15.035526,0.573096,48.522112,2.138429,2.138429,136.453449
15.489132,0.574632,49.748176,2.360415,2.360415,131.893452
16.012563,0.605704,52.525941,3.109545,3.109545,143.681672
16.069012,0.569352,51.771595,2.708963,2.708963,250.491017
16.424408,0.601448,52.384467,2.917638,2.917638,145.340733
10.865392,0.381989,40.231283,3.359277,3.359277,132.642423
17.583272,0.658889,54.200939,3.515854,3.515854,161.561876
15.817137,0.427653,44.415850,3.886547,3.886547,153.504297
18.868505,0.653608,57.378902,4.997058,4.997058,197.567247
17.778666,0.535975,43.286172,4.431386,4.431386,159.857597
17.861004,0.552743,51.376070,5.486504,5.486504,193.907359
16.693884,0.572200,50.620540,4.106615,4.106615,200.871227
12.829065,0.558024,39.389735,5.051203,5.051203,205.233236
16.675676,0.687497,50.515674,5.602793,5.602793,204.748429
17.416678,0.582279,50.914144,5.859885,5.859885,203.736416
15.897010,0.516999,38.087414,4.704639,4.704639,177.508231
9.688704,0.325189,24.285120,4.971169,4.971169,198.459963
13.111341,0.480774,35.477909,7.490819,7.490819,211.340613
9.230650,0.328356,25.545233,5.103299,5.103299,191.519551
11.979582,0.449766,29.692871,6.559127,6.559127,187.205030
11.995775,0.497030,30.624628,7.089246,7.089246,196.927143
10.473995,0.509798,27.455563,5.186373,5.186373,167.579140
15.471948,0.698345,39.076516,5.416328,5.416328,195.576565
16.566970,0.671369,48.752355,6.844795,6.844795,220.222170
9.806689,0.556936,29.272546,5.605482,5.605482,190.484241
9.245274,0.535399,25.935158,7.182655,7.182655,188.887196
9.359740,0.613992,27.441962,5.195556,5.195556,184.467650
8.786836,0.610120,25.698355,4.670813,4.670813,176.498585
10.257639,0.809995,27.720046,4.700862,4.700862,210.255638
7.026364,0.662249,17.984717,5.914062,5.914062,202.724147
13.710069,0.965837,37.690673,3.268395,3.268395,203.638495
12.330819,0.820619,34.290596,6.023376,6.023376,196.622627
10.764142,0.748042,29.249186,7.203359,7.203359,203.040535
7.887048,0.496934,19.702372,6.878011,6.878011,174.520991
10.954320,0.669353,28.133747,5.707947,5.707947,197.286731
9.730913,0.608104,24.676166,6.687800,6.687800,196.688964
9.264762,0.612584,23.790362,4.659357,4.659357,202.359502
9.437533,0.586567,24.510180,3.316203,3.316203,193.435928
9.678944,0.568423,25.290190,5.910702,5.910702,194.796554
9.776481,0.608456,25.918198,5.799852,5.799852,195.621941
9.866754,0.619016,26.203322,5.844462,5.844462,190.681172
9.802018,0.574855,25.574514,8.228300,8.228300,193.906719
8.952566,0.602504,24.641605,5.679691,5.679691,194.955468
10.016549,0.785514,25.284206,6.416949,6.416949,194.321637
10.103461,0.777515,26.390364,5.517289,5.517289,198.231448
10.235239,0.725162,26.726849,6.665656,6.665656,178.459411
12.949899,0.697513,31.369182,6.981276,6.981276,193.820253
9.749633,0.674345,26.294235,6.812314,6.812314,179.565218
9.905187,0.669385,29.069632,7.336769,7.336769,190.224463
9.098072,0.629129,26.410076,6.435061,6.435061,586.224952
11.655961,1.658198,44.109510,3.356141,3.356141,202.044490
11.999806,1.343090,39.248486,3.291275,3.291275,191.093657
9.691520,0.809802,30.135630,5.533865,5.533865,169.176728
6.578583,0.494567,19.380927,5.242117,5.242117,150.437729
7.147295,0.584007,20.630481,5.570921,5.570921,156.113260
7.546820,0.598824,20.317388,4.620541,4.620541,153.890383
7.309761,0.492038,21.086646,5.698219,5.698219,154.826651
7.711622,0.488742,23.685497,7.699301,7.699301,160.089600
7.799687,0.428934,23.492182,6.869787,6.869787,158.062950
8.020458,0.431685,24.277633,7.446146,7.446146,164.010932
16.431705,0.766474,54.875796,5.891118,5.891118,213.717636
9.711840,0.539975,34.479367,5.423272,5.423272,191.744738
11.107666,0.551720,36.893382,6.928475,6.928475,196.450976
10.580043,0.575912,33.532826,6.427925,6.427925,177.725385
13.771126,0.718441,43.496830,7.399137,7.399137,193.667867
9.387420,0.566599,28.181076,5.807309,5.807309,168.543920
13.652596,0.707402,40.522742,7.459618,7.459618,195.760247
10.973521,0.573991,34.205764,8.692211,8.692211,194.780042
10.801934,0.546055,33.144630,9.545917,9.545917,198.843712
10.402505,0.662249,32.968499,9.088728,9.088728,177.375332
14.923781,0.796107,47.262352,12.216129,12.216129,206.844010
8.631410,0.554280,28.363510,11.018162,11.018162,174.171259
12.357316,0.755850,42.575473,11.065138,11.065138,199.210629
10.454122,0.787051,38.512604,13.677845,13.677845,201.405570
10.000804,0.673257,33.945440,12.157249,12.157249,186.730272
11.596089,0.695913,43.675968,10.973969,10.973969,201.300224
9.715296,0.642664,32.916531,8.941142,8.941142,191.925956
8.628178,0.637768,30.258288,13.875351,13.875351,204.761070
7.990953,0.659945,28.916990,9.721472,9.721472,199.500712
8.484592,0.762698,31.267837,15.625166,15.625166,204.254183
7.817255,0.809387,27.353929,10.152678,10.152678,200.859291
15.437963,1.255825,48.854085,11.392247,11.392247,254.087993
9.898211,0.823755,33.647292,11.957534,11.957534,210.570363
8.264461,0.627176,27.509995,12.028095,12.028095,203.012951
8.778420,0.575815,30.157742,11.579193,11.579193,211.558983
8.175788,0.639497,26.296027,11.271285,11.271285,203.916771
8.616370,0.538567,27.462186,14.906212,14.906212,211.155426
7.650053,0.461382,26.799554,13.482962,13.482962,207.267983
8.126603,0.525959,26.104792,14.961797,14.961797,215.363929
7.375074,0.489286,23.889403,12.213346,12.213346,208.500288
7.963497,0.684873,23.791834,11.561497,11.561497,214.989077
8.152012,0.624808,22.542602,10.416585,10.416585,210.968288
7.982665,0.518727,22.670123,11.666650,11.666650,216.013186
8.092555,0.561703,23.731417,12.350595,12.350595,216.066787
14.785955,0.809162,40.853467,14.610081,14.610081,241.835415
17.091842,0.900684,44.787023,11.404758,11.404758,265.636498
9.874339,0.568839,31.418079,13.614228,13.614228,226.007399
13.245807,0.708361,43.145050,13.254543,13.254543,243.564910
11.792124,0.619336,39.783661,16.079604,16.079604,233.286535
12.151776,0.747658,43.131481,16.436889,16.436889,235.473571
14.153403,0.745962,46.511206,13.264751,13.264751,244.826367
12.178209,0.582792,44.763151,16.490809,16.490809,178.914233
10.754574,0.642440,45.037011,17.980717,17.980717,237.770913
18.172496,0.825515,63.910571,14.510400,14.510400,285.661402
17.564520,0.837835,59.637107,20.515183,20.515183,289.946546
9.365244,0.466662,32.534669,17.516999,17.516999,221.710445
13.974872,0.665033,46.697544,18.443379,18.443379,247.918887
17.470567,0.893196,54.718418,19.714276,19.714276,261.263576
11.056305,0.703018,43.042200,12.699911,12.699911,261.060244
8.934166,0.582823,30.048685,13.435473,13.435473,224.926808
13.133869,0.795338,44.178567,13.687252,13.687252,267.049251
17.190947,0.878316,62.075443,14.306653,14.306653,279.380647
17.475590,0.917708,59.911543,15.189512,15.189512,280.139472
18.014318,0.827787,65.302846,16.879167,16.879167,290.657852
12.977803,0.613160,44.793871,16.098837,16.098837,268.978269
16.084085,0.736137,50.926912,20.186346,20.186346,276.072635
9.550878,0.662505,32.585742,11.905373,11.905373,248.905012
18.440179,0.878923,59.330287,17.914284,17.914284,294.249226
12.163968,0.711210,41.435202,17.285892,17.285892,281.275903
9.948387,0.734154,34.224707,16.904255,16.904255,253.000106
11.509559,0.740714,44.106022,20.315788,20.315788,277.617551
17.883724,0.795210,63.732969,15.698639,15.698639,291.278627
10.368809,0.708745,41.766023,23.844698,23.844698,262.905421
11.523320,0.613000,46.716457,24.080702,24.080702,261.416506
11.419542,0.696522,42.492048,22.983567,22.983567,258.675541
11.469687,0.643784,43.766242,22.747564,22.747564,274.945131
10.159910,0.595816,40.693465,20.951700,20.951700,253.007114
10.849871,0.539655,41.196448,19.374623,19.374623,249.620413
12.392548,0.565159,52.538486,20.091017,20.091017,278.401082
19.088412,0.804811,61.199431,28.163572,28.163572,297.098289
20.525039,0.837003,78.834384,27.721902,27.721902,311.596496
15.407531,0.671977,52.058095,23.330420,23.330420,278.798559
10.297960,0.511782,38.794528,25.676274,25.676274,274.912139
10.360425,0.491334,37.596976,27.187463,27.187463,258.387090
20.314861,0.903179,60.505663,26.433917,26.433917,298.730310
13.522418,0.631113,47.433425,24.152063,24.152063,277.753169
14.124986,0.568168,54.474990,26.677920,26.677920,280.892986
13.107533,0.433638,52.980603,26.823490,26.823490,286.438756
21.114614,0.553000,72.200472,21.695711,21.695711,289.420523
17.039937,0.458854,53.771014,23.896731,23.896731,268.729402
20.848148,0.609416,74.254451,24.977066,24.977066,300.055096
20.454190,0.689385,71.839988,22.527561,22.527561,289.705774
14.017145,0.541159,51.656554,18.212496,18.212496,262.381350
12.343715,0.574599,47.889848,15.660462,15.660462,266.716319
12.084832,0.626920,47.774870,22.101027,22.101027,265.648881
11.388886,0.612936,43.938916,17.030241,17.030241,261.927584
11.593081,0.940364,44.843984,17.559560,17.559560,277.754225
18.438323,0.836939,65.343678,19.918887,19.918887,287.459889
17.724170,0.654697,58.773991,18.776535,18.776535,273.531962
9.260890,0.459366,30.584308,15.448620,15.448620,229.875033
13.043788,0.673193,42.093387,14.405982,14.405982,265.621521
11.522008,0.570536,40.854395,11.517880,11.517880,255.222568
11.664153,0.631753,44.408106,16.350680,16.350680,259.821444
12.152161,0.619432,41.487171,14.962213,14.962213,257.298723
9.784033,0.565256,32.610830,12.759816,12.759816,239.405239
18.871993,0.747402,56.536330,15.897265,15.897265,279.311941
14.215387,0.661417,43.665056,13.319856,13.319856,266.245657
9.917283,0.568328,32.792272,15.670607,15.670607,259.752964
10.421930,0.567399,33.992801,17.931020,17.931020,251.322868
12.504677,0.609800,40.630552,16.250710,16.250710,278.965985
10.492746,0.572392,32.109095,15.532653,15.532653,248.528303
12.780233,0.581063,38.217401,16.335575,16.335575,265.818067
10.112677,0.533191,30.553972,16.390073,16.390073,241.662965
12.581734,0.583272,38.842816,14.976069,14.976069,268.407670
9.961956,0.513703,30.845751,20.863155,20.863155,242.024954
11.960158,0.610824,36.213470,18.781080,18.781080,247.518722
11.865245,0.601640,37.723921,20.601104,20.601104,261.420218
9.861378,0.530087,28.136819,20.339308,20.339308,234.374644
12.269826,0.574632,37.046856,16.893119,16.893119,246.321010
9.547326,0.577896,42.530961,19.468609,19.468609,247.123389
10.806606,0.678697,49.878579,22.831277,22.831277,256.309942
11.009969,0.736778,48.750115,24.165439,24.165439,259.410015
10.523659,0.720553,43.059705,19.717412,19.717412,267.851982
8.752691,0.572296,36.111804,16.253526,16.253526,236.670706
11.210003,0.752714,45.865150,17.295588,17.295588,250.599306
9.779906,0.611528,38.227448,19.301503,19.301503,244.002452
10.648620,0.610856,40.768698,14.159451,14.159451,249.112919
9.995844,0.525127,37.448430,12.210657,12.210657,244.792862
9.625855,0.652489,35.251825,12.229889,12.229889,242.458591
10.513834,0.848139,39.544202,11.329493,11.329493,265.677041
7.979113,0.796523,30.103661,8.353934,8.353934,230.721604
9.439165,0.814731,36.355360,13.545939,13.545939,238.755023
9.760129,0.799434,38.486108,8.090635,8.090635,243.545198
12.569670,0.791179,43.688032,12.048767,12.048767,270.170125
7.998602,0.492359,29.007998,13.598195,13.598195,233.331879
11.804316,0.614632,41.934313,8.975254,8.975254,251.019120
14.076281,0.631401,47.120013,15.262441,15.262441,277.741072
17.689929,0.730986,63.063136,15.022310,15.022310,288.433790
12.891114,0.527943,54.199691,15.180712,15.180712,280.124624
20.100394,0.734697,65.713540,18.806296,18.806296,300.128825
20.353932,0.749258,64.436722,11.527544,11.527544,304.518322
21.131223,0.637544,63.928236,11.406710,11.406710,305.593248
22.097507,0.650313,62.423800,11.862204,11.862204,287.106732
23.069809,0.656873,64.953881,15.027302,15.027302,290.919231
23.858331,0.602888,65.754116,12.878826,12.878826,293.882246
25.389967,0.643976,70.825767,12.365283,12.365283,304.200110
16.717116,0.436614,49.925779,18.314225,18.314225,269.470467
16.888831,0.415814,50.857343,18.755351,18.755351,285.860924
21.539324,0.349733,54.763218,13.271823,13.271823,287.979832
18.648214,0.332581,52.523701,16.193237,16.193237,285.320917
30.518387,0.582376,74.176210,15.405515,15.405515,328.310284
31.178716,0.503174,75.430308,17.366021,17.366021,347.271687
31.225788,0.532391,72.617823,20.867987,20.867987,325.473703
22.921838,0.427814,54.033641,15.200360,15.200360,286.973482
28.248917,0.653065,68.866540,16.805469,16.805469,313.846093
25.596658,0.548103,59.644371,22.472137,22.472137,302.066418
21.338105,0.588936,54.111914,20.097577,20.097577,306.077734
26.491421,0.829099,80.414181,16.889311,16.889311,353.894718
13.431794,0.505958,39.649067,14.940837,14.940837,258.711542
13.215886,0.558599,39.003075,19.967912,19.967912,259.812100
10.915280,0.505351,35.170224,14.266428,14.266428,258.641461
10.994417,0.619976,32.974867,13.466130,13.466130,254.787010
10.098757,0.530567,31.598785,12.087039,12.087039,258.827447
10.170438,0.440742,30.276944,19.406368,19.406368,247.125981
9.919267,0.431078,30.052108,14.088506,14.088506,242.896965
10.908912,0.467174,33.963040,15.460588,15.460588,242.900229
12.892298,0.636136,38.630558,13.571411,13.571411,248.419342
18.333106,0.702121,55.103927,14.238748,14.238748,280.519573
10.351625,0.573575,32.242378,14.726978,14.726978,232.670782
15.662415,0.669417,44.147942,12.716488,12.716488,266.385787
10.430986,0.572135,31.898725,12.587846,12.587846,235.269440
13.954872,0.602664,40.077424,16.467161,16.467161,246.329362
19.950248,0.747562,60.643616,14.504159,14.504159,273.811357
13.834070,0.646697,46.941675,13.009676,13.009676,246.222289
12.537894,0.630728,37.013928,13.091725,13.091725,236.431408
14.301725,0.794122,40.831131,11.986622,11.986622,247.039708
10.571275,0.687177,29.731497,9.871458,9.871458,227.073940
10.709229,0.777674,40.557368,14.029689,14.029689,258.996409
9.262650,0.574631,26.868515,8.986390,8.986390,222.268660
14.514144,0.690985,38.512028,8.656627,8.656627,244.137782
16.914207,0.818859,52.559894,13.597875,13.597875,265.091658
16.368984,0.738666,46.373188,15.074631,15.074631,250.198182
16.008083,0.790763,52.676471,11.786620,11.786620,263.868154
11.123251,0.691209,31.548769,11.969342,11.969342,220.634368
17.791435,0.702793,61.674062,15.608686,15.608686,263.175473
10.732238,0.528103,32.978515,11.759963,11.759963,219.175948
18.871065,0.754249,58.747016,16.221654,16.221654,275.709942
11.896445,0.663177,44.003524,14.266524,14.266524,241.834839
15.345163,0.613640,56.534282,12.316899,12.316899,257.595687
19.462273,0.923628,80.674024,15.503085,15.503085,302.231380
20.125705,0.981165,70.668389,24.051870,24.051870,306.798448
12.220098,0.612104,46.736073,12.273794,12.273794,247.710917
16.922719,0.611592,48.125851,16.860127,16.860127,257.502790
19.293022,0.653545,56.443529,15.429548,15.429548,269.036126
19.653923,0.625768,59.158157,16.056884,16.056884,272.179719
20.663344,0.553736,58.596197,20.554255,20.554255,283.078615
21.289913,0.518695,66.554030,20.799667,20.799667,304.512050
21.334233,0.617288,66.793074,23.043376,23.043376,286.123615
16.624956,0.499750,68.196036,11.701338,11.701338,277.826642
23.340660,0.572551,69.557590,18.525780,18.525780,314.388244
23.877691,0.447174,67.779518,13.372336,13.372336,281.368160
24.409154,0.447846,62.758492,18.723191,18.723191,277.440653
25.359247,0.439365,65.431136,15.297961,15.297961,283.399323
25.449904,0.526439,69.749752,17.215076,17.215076,293.637347
19.642307,0.548935,59.303471,15.446380,15.446380,274.790698
26.605663,0.511495,52.705848,15.478189,15.478189,275.955162
28.205812,0.509095,64.895832,16.520922,16.520922,291.557639
27.892464,0.521095,72.266041,22.763021,22.763021,316.174316
27.801647,0.485575,64.675861,19.621859,19.621859,316.200909
22.104643,0.537223,50.252215,20.586895,20.586895,274.254274
30.066605,0.442246,67.002516,20.524239,20.524239,309.618646
29.983948,0.487686,64.887705,21.017493,21.017493,305.731714
16.054643,0.304068,36.961768,16.182838,16.182838,253.362895
14.706498,0.379589,34.616648,26.478077,26.478077,254.777249
19.895367,0.330340,40.779546,30.431025,30.431025,270.549906
18.166832,0.262051,38.065142,20.601904,20.601904,261.589276
31.358878,0.386469,61.579757,25.391439,25.391439,312.823584
16.751421,0.204259,37.628880,33.711324,33.711324,283.930050
16.536667,0.291267,51.781196,30.526963,30.526963,302.481496
20.813651,0.443462,81.998330,33.215606,33.215606,346.718079
18.188528,0.418437,67.597532,18.085390,18.085390,325.079585
22.167813,0.602632,70.826662,22.609643,22.609643,351.989445
11.240149,0.478470,41.190207,19.997576,19.997576,298.006845
18.175760,0.549063,54.076938,21.168856,21.168856,318.189511
12.525093,0.501223,47.706101,15.274025,15.274025,309.299505
15.014598,0.732330,59.583090,23.568983,23.568983,346.214168
21.412187,0.895372,71.021769,15.066470,15.066470,359.243140
13.560371,0.665385,48.466079,18.626645,18.626645,331.148273
13.848791,0.684009,46.240354,21.334809,21.334809,340.201097
12.840585,0.588808,41.858120,21.799264,21.799264,339.627201
11.859228,0.637417,46.108448,22.036835,22.036835,345.436558
12.040383,0.624008,46.754089,21.151959,21.151959,346.582653
11.684091,0.755690,46.999212,18.154320,18.154320,349.952490
14.886629,0.836235,57.583992,29.075264,29.075264,385.488959
12.880170,0.919276,51.054273,20.478383,20.478383,361.124701
11.035826,0.835755,44.736110,25.231277,25.231277,352.940881
12.396035,1.026670,41.449219,21.758111,21.758111,352.664685
12.982027,0.945965,45.310421,45.324182,45.324182,378.071548
11.059506,0.953261,40.457238,14.640897,14.640897,333.575826
18.450995,1.173936,74.136306,29.253954,29.253954,371.156353
13.251407,0.516391,51.801740,45.050610,45.050610,370.489209
13.674229,0.632232,52.952411,28.710011,28.710011,343.137392
17.132610,0.754826,57.151890,32.101319,32.101319,329.836192
25.582161,0.852588,77.823459,23.646744,23.646744,353.643546
15.933842,0.537351,63.080288,21.479803,21.479803,336.177204
15.399307,0.577704,57.605784,20.755378,20.755378,330.712940
14.014969,0.636809,53.357792,28.802620,28.802620,337.025247
18.239408,0.748522,62.999455,18.719735,18.719735,340.005254
13.512755,0.725161,48.353406,30.058861,30.058861,332.201312
12.533830,0.651208,44.375434,31.725698,31.725698,310.863846
10.840399,0.576584,38.184344,29.985772,29.985772,295.907937
12.579462,0.606632,44.291208,27.567052,27.567052,296.816396
13.221806,0.601672,45.052051,24.567204,24.567204,295.385049
13.397649,0.592712,45.872125,26.772193,26.772193,298.438850
13.019403,0.606952,47.674678,25.044939,25.044939,292.933465
17.269412,0.609992,66.829106,27.280712,27.280712,322.380414
12.985068,0.598312,49.947699,33.795293,33.795293,309.747224
22.916622,0.777866,76.236014,31.183452,31.183452,343.995067
13.505811,0.507654,53.398849,38.733855,38.733855,319.503000
16.323320,0.569767,60.039417,31.201148,31.201148,317.194170
16.008819,0.648937,59.729908,34.728459,34.728459,321.621588
10.673484,0.572808,42.183373,31.788708,31.788708,293.299102
13.060364,0.720969,50.253176,27.989906,27.989906,296.786284
10.220231,0.668201,45.622682,21.971426,21.971426,286.603558
17.502215,1.177519,74.128979,23.148529,23.148529,333.250157
16.741372,1.257873,79.208533,24.358753,24.358753,342.561320
9.663968,0.833067,36.739365,26.770273,26.770273,287.815670
10.044741,0.725930,37.041032,27.488619,27.488619,295.163351
10.689005,0.810570,45.224725,27.162247,27.162247,296.632714
19.730020,1.040526,79.793469,28.293782,28.293782,341.909088
19.773669,1.243312,75.119456,26.832514,26.832514,344.728677
11.298742,0.573447,46.002847,24.383330,24.383330,292.788152
16.332152,0.693513,52.516981,19.836742,19.836742,310.773925
14.417630,0.564616,50.260407,26.757441,26.757441,321.988057
15.894450,0.552615,55.298330,26.542846,26.542846,354.929611
14.872388,0.460038,48.226588,26.260187,26.260187,335.818799
30.139182,0.615272,78.899185,26.817730,26.817730,395.620868
24.781383,0.507079,61.563980,30.402193,30.402193,370.066323
22.622795,0.494054,60.283196,31.087770,31.087770,374.025671
19.565922,0.388869,65.359806,25.455120,25.455120,373.740995
20.728370,0.498566,72.891970,29.450533,29.450533,390.831653
20.983701,0.408901,65.527233,18.189648,18.189648,364.169349
20.287435,0.384965,68.245765,21.617757,21.617757,376.310565
33.829246,0.518343,76.186285,18.745431,18.745431,395.808294
33.848383,0.581479,83.809202,26.159098,26.159098,402.696162
33.582587,0.525703,75.442659,30.539283,30.539283,401.828630
33.689181,0.571175,75.871593,25.530321,25.530321,383.952778
24.769031,0.471430,59.436337,24.207104,24.207104,349.938794
29.851530,0.748074,73.299015,28.147219,28.147219,386.807792
29.553254,0.651177,70.476578,20.876819,20.876819,387.256630
13.438097,0.347909,41.881256,27.940624,27.940624,325.999821
25.752788,0.581543,72.814241,25.771380,25.771380,386.583981
12.042175,0.364005,39.516969,23.616887,23.616887,319.616089
12.420676,0.557831,39.166053,22.214021,22.214021,317.935139
18.366707,0.868619,60.619488,18.892473,18.892473,344.498402
16.566619,0.769322,60.054105,18.367442,18.367442,358.852543
16.465913,0.693545,61.697038,27.562252,27.562252,352.553932
12.267746,0.543079,45.093811,26.298011,26.298011,317.020759
9.122584,0.416422,27.947504,18.999899,18.999899,282.486127
11.325526,0.425957,33.104213,25.896117,25.896117,287.627379
11.755707,0.423781,42.370287,24.771111,24.771111,296.437575
8.540625,0.366917,25.507888,24.391074,24.391074,272.946994
11.226420,0.360581,34.209891,20.033064,20.033064,267.902895
8.042923,0.192738,22.151396,23.805882,23.805882,243.715248
8.808181,0.179298,22.314118,20.199339,20.199339,237.089017
9.503517,0.193283,26.453789,15.974322,15.974322,108.194739
12.434020,0.127746,34.384837,25.002410,25.002410,237.923203
9.020343,0.165602,19.980744,22.624234,22.624234,213.447104
16.654620,0.144482,43.833666,13.523922,13.523922,255.068614
17.042785,0.103201,43.956484,20.523215,20.523215,242.674786
17.410854,0.097441,41.405826,20.467022,20.467022,235.216479
17.621609,0.069249,39.311559,18.013966,18.013966,227.528155
