#LBA time[ms],KF opt[#],KF fixed[#],MP[#],Edges[#]
0.005687,3,1,0,791
0.002578,4,1,0,1116
0.221398,5,1,0,1305
0.512195,6,1,0,1673
0.819563,7,1,0,1895
0.671854,8,1,0,1930
0.922156,9,1,0,2203
0.644089,10,1,0,2618
1.033429,0,0,0,0
44.292734,0,0,0,0
1.031262,0,0,0,0
0.927307,0,0,0,0
1.152349,0,0,0,0
1.252542,0,0,0,0
1.321014,0,0,0,0
1.670135,0,0,0,0
1.580871,0,0,0,0
1.556152,0,0,0,0
2.152925,0,0,0,0
2.186442,0,0,0,0
2.358289,0,0,0,0
3.109672,0,0,0,0
3.306097,0,0,0,0
3.192844,0,0,0,0
3.214476,0,0,0,0
2.997259,0,0,0,0
2.978915,0,0,0,0
3.680011,0,0,0,0
3.365305,0,0,0,0
3.539064,0,0,0,0
3.509387,0,0,0,0
4.136643,0,0,0,0
3.163358,0,0,0,0
4.386181,0,0,0,0
4.917514,0,0,0,0
3.793784,0,0,0,0
3.529869,0,0,0,0
3.987239,3,1,0,1034
4.194754,4,1,0,1342
0.003020,5,1,0,1689
0.002650,6,1,0,1991
0.575177,7,1,0,2327
0.548148,8,1,0,2655
1.630651,9,1,0,2986
1.041851,10,1,0,3304
1.991405,0,0,0,0
2.058254,0,0,0,0
1.963733,0,0,0,0
74.637330,0,0,0,0
1.300278,0,0,0,0
1.263837,0,0,0,0
1.556130,0,0,0,0
2.170939,0,0,0,0
2.055791,0,0,0,0
1.886617,0,0,0,0
1.925776,0,0,0,0
2.146034,0,0,0,0
2.308549,0,0,0,0
1.828766,0,0,0,0
2.289252,0,0,0,0
2.955900,0,0,0,0
2.975290,0,0,0,0
3.034542,0,0,0,0
3.133836,0,0,0,0
2.867787,0,0,0,0
3.094087,0,0,0,0
3.494171,0,0,0,0
3.373170,0,0,0,0
3.209203,0,0,0,0
3.134322,0,0,0,0
3.748961,0,0,0,0
3.037277,0,0,0,0
3.571210,0,0,0,0
3.203001,0,0,0,0
3.163357,0,0,0,0
2.751888,0,0,0,0
2.880520,0,0,0,0
3.396980,0,0,0,0
3.942966,0,0,0,0
2.770340,0,0,0,0
2.671718,0,0,0,0
2.472957,0,0,0,0
3.484334,0,0,0,0
2.697716,0,0,0,0
2.935538,0,0,0,0
2.789898,0,0,0,0
5.249836,0,0,0,0
2.307000,0,0,0,0
4.153908,0,0,0,0
3.345132,0,0,0,0
3.256885,0,0,0,0
3.237641,0,0,0,0
1.961648,0,0,0,0
4.125888,0,0,0,0
2.442150,0,0,0,0
3.369014,0,0,0,0
2.169892,0,0,0,0
3.140213,0,0,0,0
2.978788,0,0,0,0
2.665991,0,0,0,0
2.133351,0,0,0,0
4.367326,0,0,0,0
2.025486,0,0,0,0
2.951406,0,0,0,0
2.903468,0,0,0,0
1.875818,0,0,0,0
1.752092,0,0,0,0
3.014407,0,0,0,0
2.956791,0,0,0,0
2.124771,0,0,0,0
4.701755,0,0,0,0
3.473479,0,0,0,0
2.665596,0,0,0,0
2.743432,0,0,0,0
1.751149,0,0,0,0
3.997764,0,0,0,0
2.574270,0,0,0,0
3.148119,0,0,0,0
3.011140,0,0,0,0
2.501428,0,0,0,0
1.933511,0,0,0,0
2.809751,0,0,0,0
3.607221,0,0,0,0
3.952378,0,0,0,0
3.198001,0,0,0,0
3.014922,0,0,0,0
2.140230,0,0,0,0
3.071576,0,0,0,0
3.496011,0,0,0,0
4.040788,0,0,0,0
4.159266,0,0,0,0
3.070371,0,0,0,0
3.121316,0,0,0,0
2.804832,0,0,0,0
4.864396,0,0,0,0
3.290942,0,0,0,0
3.660950,0,0,0,0
2.830221,0,0,0,0
5.289118,0,0,0,0
2.650830,0,0,0,0
3.572522,0,0,0,0
4.197029,0,0,0,0
3.150171,0,0,0,0
4.059065,0,0,0,0
2.850054,0,0,0,0
4.304441,0,0,0,0
3.819611,0,0,0,0
2.382941,0,0,0,0
3.791267,0,0,0,0
2.798055,0,0,0,0
4.171331,0,0,0,0
4.389036,0,0,0,0
4.868853,0,0,0,0
4.797141,0,0,0,0
4.212478,0,0,0,0
3.936044,0,0,0,0
4.946080,0,0,0,0
3.853714,0,0,0,0
4.560570,0,0,0,0
4.341693,0,0,0,0
2.729474,0,0,0,0
4.434611,0,0,0,0
3.746727,0,0,0,0
4.693825,0,0,0,0
3.909088,0,0,0,0
3.075597,0,0,0,0
6.273707,0,0,0,0
3.838691,0,0,0,0
3.668295,0,0,0,0
4.718280,0,0,0,0
3.006540,0,0,0,0
3.580465,0,0,0,0
4.052203,0,0,0,0
4.273901,0,0,0,0
4.070115,0,0,0,0
3.052686,0,0,0,0
6.389460,0,0,0,0
3.832479,0,0,0,0
3.702767,0,0,0,0
5.476541,0,0,0,0
4.004320,0,0,0,0
4.936116,0,0,0,0
3.689223,0,0,0,0
5.611299,0,0,0,0
4.255702,0,0,0,0
3.111038,0,0,0,0
5.412806,0,0,0,0
4.043544,0,0,0,0
2.602637,0,0,0,0
3.338263,0,0,0,0
3.279762,0,0,0,0
3.376501,0,0,0,0
5.281137,0,0,0,0
5.633500,0,0,0,0
4.186080,0,0,0,0
5.278058,0,0,0,0
6.656131,0,0,0,0
5.885157,0,0,0,0
6.100203,0,0,0,0
6.251463,0,0,0,0
5.954349,0,0,0,0
6.818222,0,0,0,0
6.381295,0,0,0,0
7.141162,0,0,0,0
6.261605,0,0,0,0
6.698995,0,0,0,0
6.746376,0,0,0,0
7.457128,0,0,0,0
5.874675,0,0,0,0
5.966777,0,0,0,0
5.093299,0,0,0,0
6.734665,0,0,0,0
7.812597,0,0,0,0
6.139815,0,0,0,0
7.014152,0,0,0,0
5.827599,0,0,0,0
5.978197,0,0,0,0
6.434719,0,0,0,0
7.145107,0,0,0,0
7.076203,0,0,0,0
7.218133,0,0,0,0
5.976157,0,0,0,0
5.616150,0,0,0,0
6.953425,0,0,0,0
6.471605,0,0,0,0
6.631567,0,0,0,0
8.594485,0,0,0,0
8.648613,0,0,0,0
6.374919,0,0,0,0
7.493293,0,0,0,0
6.834741,0,0,0,0
9.385525,0,0,0,0
9.676090,0,0,0,0
8.272795,0,0,0,0
7.821351,0,0,0,0
9.513842,0,0,0,0
8.416607,0,0,0,0
9.303963,0,0,0,0
9.615394,0,0,0,0
8.431133,0,0,0,0
8.561435,0,0,0,0
9.374987,0,0,0,0
10.292197,0,0,0,0
7.947646,0,0,0,0
7.922672,0,0,0,0
13.780751,0,0,0,0
10.497296,0,0,0,0
12.464782,0,0,0,0
10.363474,0,0,0,0
11.067554,0,0,0,0
11.174739,0,0,0,0
12.099532,0,0,0,0
10.196254,0,0,0,0
11.750104,0,0,0,0
11.488506,0,0,0,0
8.607144,0,0,0,0
8.114798,0,0,0,0
11.182811,0,0,0,0
9.999481,0,0,0,0
10.686744,0,0,0,0
10.791020,0,0,0,0
9.627741,0,0,0,0
9.138087,0,0,0,0
8.657789,0,0,0,0
9.173222,0,0,0,0
11.344097,0,0,0,0
9.059039,0,0,0,0
10.305270,0,0,0,0
8.475518,0,0,0,0
5.985374,0,0,0,0
8.843368,0,0,0,0
7.987024,0,0,0,0
8.631655,0,0,0,0
8.885041,0,0,0,0
7.638092,0,0,0,0
7.366919,0,0,0,0
10.763358,0,0,0,0
9.053891,0,0,0,0
10.441185,0,0,0,0
7.584880,0,0,0,0
9.014499,0,0,0,0
8.541731,0,0,0,0
8.240211,0,0,0,0
9.268155,0,0,0,0
7.420334,0,0,0,0
7.656662,0,0,0,0
8.192983,0,0,0,0
8.360761,0,0,0,0
7.951328,0,0,0,0
9.064421,0,0,0,0
6.668923,0,0,0,0
7.958467,0,0,0,0
7.113984,0,0,0,0
8.276911,0,0,0,0
7.255118,0,0,0,0
7.138192,0,0,0,0
6.983154,0,0,0,0
6.988869,0,0,0,0
6.864557,0,0,0,0
6.978637,0,0,0,0
5.081627,0,0,0,0
6.681237,0,0,0,0
7.333143,0,0,0,0
7.523296,0,0,0,0
6.442430,0,0,0,0
7.759100,0,0,0,0
6.222850,0,0,0,0
6.951846,0,0,0,0
6.263309,0,0,0,0
8.551918,0,0,0,0
6.116669,0,0,0,0
8.043602,0,0,0,0
7.763108,0,0,0,0
7.289309,0,0,0,0
6.794957,0,0,0,0
7.008144,0,0,0,0
10.832597,0,0,0,0
6.114980,0,0,0,0
8.825975,0,0,0,0
10.793976,0,0,0,0
7.780492,0,0,0,0
8.129296,0,0,0,0
9.014302,0,0,0,0
7.204592,0,0,0,0
8.514546,0,0,0,0
8.472649,0,0,0,0
8.988706,0,0,0,0
8.641067,0,0,0,0
9.082771,0,0,0,0
9.585487,0,0,0,0
8.212468,0,0,0,0
10.480033,0,0,0,0
8.599869,0,0,0,0
7.935336,0,0,0,0
7.794011,0,0,0,0
11.388360,0,0,0,0
8.002644,0,0,0,0
8.832991,0,0,0,0
7.761297,0,0,0,0
9.858498,0,0,0,0
8.366486,0,0,0,0
10.185122,0,0,0,0
10.999720,0,0,0,0
7.776808,0,0,0,0
8.393255,0,0,0,0
7.224350,0,0,0,0
11.501423,0,0,0,0
7.680415,0,0,0,0
11.815724,0,0,0,0
12.835317,0,0,0,0
14.950518,0,0,0,0
12.152615,0,0,0,0
13.419999,0,0,0,0
10.018380,0,0,0,0
11.742803,0,0,0,0
14.070547,0,0,0,0
9.101830,0,0,0,0
9.099630,0,0,0,0
10.300597,0,0,0,0
9.317994,0,0,0,0
8.960757,0,0,0,0
10.599054,0,0,0,0
9.212738,0,0,0,0
8.860396,0,0,0,0
9.478840,0,0,0,0
11.662624,0,0,0,0
7.575916,0,0,0,0
8.668699,0,0,0,0
9.671205,0,0,0,0
7.663543,0,0,0,0
8.088398,0,0,0,0
9.332201,0,0,0,0
10.108149,0,0,0,0
8.517066,0,0,0,0
10.580057,0,0,0,0
10.153837,0,0,0,0
7.143793,0,0,0,0
10.587309,0,0,0,0
8.490060,0,0,0,0
10.801067,0,0,0,0
11.995505,0,0,0,0
10.187457,0,0,0,0
9.011829,0,0,0,0
11.107170,0,0,0,0
11.804526,0,0,0,0
12.791310,0,0,0,0
8.522520,0,0,0,0
9.098087,0,0,0,0
11.901614,0,0,0,0
10.096027,0,0,0,0
10.971707,0,0,0,0
9.996514,0,0,0,0
8.378256,0,0,0,0
12.208958,0,0,0,0
17.494640,0,0,0,0
17.344151,0,0,0,0
20.868621,0,0,0,0
14.992294,0,0,0,0
17.748439,0,0,0,0
15.647131,0,0,0,0
16.165486,0,0,0,0
14.266415,0,0,0,0
20.172235,0,0,0,0
17.371478,0,0,0,0
15.689160,0,0,0,0
17.474301,0,0,0,0
18.595907,0,0,0,0
17.723564,0,0,0,0
14.756585,0,0,0,0
12.725901,0,0,0,0
16.070907,0,0,0,0
14.441947,0,0,0,0
16.967674,0,0,0,0
12.693891,0,0,0,0
17.640954,0,0,0,0
13.749962,0,0,0,0
14.861468,0,0,0,0
13.089091,0,0,0,0
22.562440,0,0,0,0
20.412645,0,0,0,0
13.088060,0,0,0,0
15.563360,0,0,0,0
15.314898,0,0,0,0
16.415845,0,0,0,0
11.537749,0,0,0,0
12.262409,0,0,0,0
15.882165,0,0,0,0
15.238545,0,0,0,0
15.595413,0,0,0,0
20.175899,0,0,0,0
18.978515,0,0,0,0
14.808136,0,0,0,0
15.791984,0,0,0,0
20.444339,0,0,0,0
16.299955,0,0,0,0
19.643878,0,0,0,0
19.594209,0,0,0,0
18.632339,0,0,0,0
21.489950,0,0,0,0
20.611853,0,0,0,0
20.669447,0,0,0,0
18.720831,0,0,0,0
23.185953,0,0,0,0
17.499113,0,0,0,0
21.308034,0,0,0,0
22.300981,0,0,0,0
20.291775,0,0,0,0
18.858588,0,0,0,0
18.341548,0,0,0,0
18.164373,0,0,0,0
18.866535,0,0,0,0
22.463474,0,0,0,0
22.201730,0,0,0,0
19.090500,0,0,0,0
21.237890,0,0,0,0
17.356413,0,0,0,0
18.663403,0,0,0,0
20.544917,0,0,0,0
21.955689,0,0,0,0
13.617906,0,0,0,0
20.247956,0,0,0,0
19.758635,0,0,0,0
21.153833,0,0,0,0
18.321903,0,0,0,0
19.909036,0,0,0,0
20.397012,0,0,0,0
25.044850,0,0,0,0
25.138248,0,0,0,0
18.210975,0,0,0,0
18.000243,0,0,0,0
14.585412,0,0,0,0
21.083868,0,0,0,0
19.290778,0,0,0,0
17.689753,0,0,0,0
17.234298,0,0,0,0
17.856355,0,0,0,0
17.759887,0,0,0,0
19.163083,0,0,0,0
15.169178,225,68,1129372832,462894395
13.795680,0,0,29575,1080135436
15.271789,1130982224,2054732343,976,-554153860
18.146374,29575,29568,0,1080236895
