1403636897251666432.000000 0.058961339 0.082625441 0.012699861 -0.575334072 -0.555489063 -0.414918929 0.433895081
1403636898251666432.000000 0.130817488 -0.004657248 0.104639262 -0.590628028 -0.577389359 -0.410678685 0.386164725
1403636901001666560.000000 0.556626260 0.339263022 0.446991056 -0.655227542 -0.504397631 -0.433217466 0.358584225
1403636902651666432.000000 1.390220046 0.610403478 0.358525753 -0.644781828 -0.508003175 -0.455159217 0.344991714
1403636905501666560.000000 2.716600180 1.062204361 0.655166447 -0.645961225 -0.513248742 -0.456175625 0.333487153
1403636906351666432.000000 2.981854439 1.324471831 0.644569516 -0.635141015 -0.522776902 -0.446073502 0.352588654
1403636906601666560.000000 3.043007374 1.430822968 0.664355040 -0.644533634 -0.510935962 -0.433317214 0.368452191
1403636908201666560.000000 3.578246593 2.195173025 0.713819087 -0.628353238 -0.528318465 -0.439948678 0.364001304
1403636908551666432.000000 3.732797623 2.395038128 0.713241041 -0.625141084 -0.534941554 -0.435610533 0.365074754
1403636909001666560.000000 3.920146942 2.656200171 0.744272649 -0.630419731 -0.541232049 -0.420613676 0.364311606
1403636910751666432.000000 4.666393280 3.824104071 0.643011689 -0.621523201 -0.539996564 -0.435277730 0.364205837
1403636911601666560.000000 4.899448872 4.301589966 0.620652735 -0.621347964 -0.538345456 -0.436325431 0.365692466
1403636912051666432.000000 5.011196613 4.517274857 0.608094692 -0.631225526 -0.531130433 -0.425265670 0.372295588
1403636912551666432.000000 5.175983906 4.765198231 0.587249219 -0.629750669 -0.528235435 -0.430537581 0.372852206
1403636915401666560.000000 6.549041271 5.706364632 0.471575439 -0.636218429 -0.537170112 -0.430461466 0.348392397
1403636918101666560.000000 7.425846577 6.318173885 0.355573922 -0.699728727 -0.417411149 -0.505079985 0.284678489
1403636920901666560.000000 7.692438602 6.296982288 0.702473760 -0.719681978 -0.398213059 -0.503206909 0.265079319
1403636923801666560.000000 7.815711498 5.746380806 0.450144917 -0.778989136 -0.308194995 -0.512070298 0.189672947
1403636925451666432.000000 8.416979790 5.993746281 0.300001085 -0.780901194 -0.289149672 -0.524462700 0.177552119
1403636925751666432.000000 8.572424889 6.042597771 0.236344144 -0.793822825 -0.289951563 -0.508400440 0.165234715
1403636928401666560.000000 10.196661949 6.509134769 0.011882897 -0.798433185 -0.163707837 -0.566500247 0.121579379
1403636931301666560.000000 11.819832802 6.533377171 0.205649585 -0.790904462 -0.136986345 -0.585279644 0.114685312
1403636932601666560.000000 11.750615120 6.109731197 0.271206290 -0.793693542 -0.124786697 -0.591445029 0.068350010
1403636933701666560.000000 11.186793327 5.919675350 0.318318248 -0.820723295 -0.052027863 -0.567920566 0.034243774
1403636936551666432.000000 9.973938942 5.265638828 0.335967004 0.811981499 -0.109642856 0.568680346 0.072574995
1403636937551666432.000000 9.851826668 4.909067154 0.332034081 0.808702409 -0.119752668 0.569996119 0.082244076
1403636938801666560.000000 9.562417984 4.702078342 0.113011926 0.797099769 -0.169580773 0.575193942 0.070896640
1403636939001666560.000000 9.456481934 4.633615971 0.126493573 0.804144979 -0.156367645 0.566127896 0.091647558
1403636939701666560.000000 9.091853142 4.358510017 0.108331814 0.791600823 -0.139768437 0.587600589 0.092512101
1403636940001666560.000000 8.899696350 4.250989437 0.112141855 0.792186916 -0.147097662 0.585283220 0.090805426
1403636942101666560.000000 7.411781788 3.335924864 0.139369696 0.802587926 -0.160329476 0.565110207 0.103911467
1403636942401666560.000000 7.223693848 3.213353395 0.170998126 0.799038768 -0.168673724 0.568903208 0.097135857
1403636942651666432.000000 7.064239502 3.100265503 0.154886797 0.802670538 -0.176194623 0.561841249 0.094920121
1403636943251666432.000000 6.700806141 2.785921097 0.151923180 0.796047747 -0.172502488 0.568495929 0.115599461
1403636943501666560.000000 6.553614616 2.659492016 0.149842054 0.793619514 -0.174122393 0.570114493 0.121733040
1403636943751666432.000000 6.400812626 2.545287132 0.113017030 0.791745961 -0.174177632 0.571556211 0.126980677
1403636946551666432.000000 5.510869980 2.167027473 -0.195160553 0.802495539 -0.131780058 0.572381079 0.104951128
1403636947551666432.000000 5.353971004 2.183861971 -0.483161420 0.827530146 -0.151008397 0.532762885 0.092488386
1403636948051666432.000000 5.428213120 2.067092896 -0.487033546 0.820221901 -0.134375244 0.544510365 0.112639561
1403636948551666432.000000 5.611631870 2.016134501 -0.584783912 0.819808364 -0.111155264 0.547034144 0.127720729
1403636951401666560.000000 6.897528172 2.658153772 -0.780697465 0.821909666 -0.126226097 0.550090432 0.077018954
1403636951701666560.000000 7.040429115 2.706207752 -0.802428544 0.822863817 -0.121154793 0.548470438 0.086004756
1403636952051666432.000000 7.251555443 2.757318258 -0.793710232 0.813929677 -0.111823529 0.561250448 0.100060008
1403636953101666560.000000 7.823867321 3.024033546 -0.960522473 0.815395415 -0.131187961 0.559252799 0.071807079
1403636953951666432.000000 8.267894745 3.165981054 -1.042492032 0.818790317 -0.106952846 0.556138635 0.094092466
1403636954401666560.000000 8.556330681 3.285978794 -0.993348241 0.820540011 -0.113136232 0.553486943 0.086986467
1403636955051666432.000000 9.057636261 3.503744602 -1.013945103 0.806067765 -0.129874423 0.568664432 0.100040436
1403636955401666560.000000 9.327434540 3.646863937 -1.056301713 0.803875506 -0.140297636 0.567039609 0.112102106
1403636955851666432.000000 9.666847229 3.866323233 -1.102501988 0.803038478 -0.148562118 0.564837515 0.118394278
1403636956201666560.000000 9.920657158 4.047130585 -1.076759458 0.797476292 -0.174856380 0.570341825 0.090372436
1403636956401666560.000000 10.047894478 4.128910542 -1.070660353 0.799893379 -0.167150632 0.566400766 0.106871754
1403636957151666432.000000 10.412608147 4.411297798 -1.115555882 0.811834157 -0.040097322 0.581981063 0.024809236
1403636957351666432.000000 10.476089478 4.468402863 -1.086463571 -0.814458072 -0.001972155 -0.580210865 -0.003102206
1403636959501666560.000000 10.975973129 4.894503593 -1.213306904 -0.792332590 -0.204351291 -0.561775327 0.121894069
1403636962201666560.000000 10.982009888 5.836464882 -1.186280608 -0.691811860 -0.433876067 -0.492901593 0.300326556
1403636963101666560.000000 10.693405151 6.088820457 -0.931425154 -0.601144969 -0.538264632 -0.456007570 0.375437081
1403636963401666560.000000 10.543086052 6.132494450 -0.927834809 -0.615805566 -0.529528081 -0.444713354 0.377642035
1403636963751666432.000000 10.364657402 6.149857044 -0.921052694 -0.621777296 -0.524961948 -0.451795101 0.365635246
1403636964151666432.000000 10.147167206 6.142774105 -0.817957282 -0.622614145 -0.521000147 -0.457777143 0.362423301
1403636964551666432.000000 9.904328346 6.102021217 -0.740397692 -0.615365326 -0.528335512 -0.460868239 0.360260487
1403636964951666432.000000 9.592525482 6.029879570 -0.730229616 -0.571830451 -0.570612431 -0.445590287 0.385824651
1403636965151666432.000000 9.403882980 5.973198414 -0.706277788 -0.548630238 -0.595498145 -0.421289474 0.408536434
1403636967801666560.000000 7.182435513 5.257915974 -0.330343068 -0.553546250 -0.586371124 -0.416093141 0.420264184
1403636968201666560.000000 6.919944286 4.997129440 -0.470532715 -0.554546833 -0.583618999 -0.413899273 0.424916476
1403636968951666432.000000 6.433776855 4.352827549 -0.548902750 -0.553736925 -0.588452339 -0.416533679 0.416651994
1403636969251666432.000000 6.223799229 4.063118458 -0.510106862 -0.564817011 -0.589657485 -0.401788801 0.414549768
1403636969551666432.000000 6.017999649 3.777743816 -0.429696292 -0.572582543 -0.597326219 -0.393757880 0.400381535
1403636969851666432.000000 5.814343929 3.527530670 -0.388162404 -0.574639678 -0.596820235 -0.393755853 0.398185015
1403636970301666560.000000 5.512960911 3.213321447 -0.400131285 -0.563001037 -0.587294757 -0.407795936 0.414508492
1403636971251666432.000000 4.885206699 2.769146681 -0.393951714 -0.586470008 -0.587598503 -0.366991967 0.419640064
1403636971651666432.000000 4.719790936 2.730700493 -0.470152199 -0.575202107 -0.582995355 -0.381281227 0.428816557
1403636972251666432.000000 4.614444256 2.662884712 -0.598199606 -0.567974865 -0.586718082 -0.387809932 0.427515954
1403636972751666432.000000 4.595931530 2.599864483 -0.537284732 -0.564825118 -0.591317296 -0.395754069 0.417965382
1403636973251666432.000000 4.603974819 2.546248913 -0.543752670 -0.588940203 -0.574353516 -0.405749530 0.398290008
1403636975801666560.000000 4.669856548 2.346325874 -0.791171551 -0.739952743 -0.367543429 -0.508018017 0.243515193
1403636977501666560.000000 5.051225185 2.246443748 -1.006441236 -0.790879786 -0.213675886 -0.550349474 0.161143526
1403636978451666432.000000 5.434649944 2.036941528 -1.147537231 -0.798310697 -0.208948836 -0.546726525 0.141882151
1403636979051666432.000000 5.734603405 1.957968473 -1.168738484 -0.796458840 -0.207323030 -0.551079690 0.137774169
1403636979401666560.000000 5.939480782 1.964780092 -1.246010780 -0.800650537 -0.210105911 -0.544586778 0.135054171
1403636981251666432.000000 7.074769497 2.475129604 -1.347084999 -0.793807983 -0.193102881 -0.557772160 0.146528110
1403636982001666560.000000 7.434103489 2.675937891 -1.393317223 -0.812127471 -0.196375519 -0.537562966 0.113630101
1403636982251666432.000000 7.570565224 2.773838043 -1.380499482 -0.821880758 -0.189036086 -0.523929477 0.119479463
1403636983701666560.000000 8.759419441 3.387649298 -1.434548140 -0.801157832 -0.193793371 -0.553204298 0.120645277
1403636984051666432.000000 9.042504311 3.564657927 -1.403012991 -0.810243964 -0.191413403 -0.542287827 0.113091066
1403636984451666432.000000 9.383955002 3.812296629 -1.383630395 -0.801178157 -0.184785679 -0.558003187 0.112250343
1403636987201666560.000000 10.493698120 5.842632294 -1.365152955 -0.786341310 -0.208313212 -0.562450767 0.148060799
1403636990101666560.000000 9.388869286 5.631241322 -1.011031985 -0.776589334 -0.213524371 -0.571781874 0.156147227
1403636993001666560.000000 7.480389118 3.979277372 -0.753330827 -0.794322252 -0.204822212 -0.558127522 0.124875441
1403636993301666560.000000 7.319466591 3.885265350 -0.737886786 -0.785978198 -0.210175976 -0.562066793 0.148812965
1403636994151666432.000000 6.832951069 3.630047798 -0.585044384 -0.750555873 -0.292460948 -0.555667698 0.205830067
1403636994951666432.000000 6.223890781 3.300075293 -0.581060648 -0.767383099 -0.276374578 -0.534078896 0.222485974
1403636997701666560.000000 4.276793480 1.717166781 -0.283198774 -0.707518756 -0.428947806 -0.482333094 0.287707806
1403637000401666560.000000 3.284657240 1.412915587 0.200276479 -0.701840937 -0.408354461 -0.511798441 0.280585527
1403637001901666560.000000 2.291128874 1.016865730 0.326665103 -0.711700022 -0.400429726 -0.504989684 0.279507816
1403637002901666560.000000 1.655961752 0.704947412 0.314894289 -0.711925209 -0.401409924 -0.507708609 0.272515506
1403637003601666560.000000 1.212473989 0.532125354 0.281408429 -0.714520693 -0.390811384 -0.510976136 0.275009453
1403637003901666560.000000 1.027141690 0.455097467 0.307005495 -0.716245651 -0.392783403 -0.507942259 0.273327529
1403637004151666432.000000 0.878241599 0.390652657 0.288761646 -0.717322826 -0.400844216 -0.503139436 0.267624050
1403637004601666560.000000 0.630947053 0.308565110 0.311898232 -0.714328408 -0.392501682 -0.508672178 0.277362794
1403637004951666432.000000 0.458270907 0.234524399 0.357368559 -0.729270995 -0.375890523 -0.494633645 0.286718965
1403637005201666560.000000 0.369522691 0.173598185 0.315193623 -0.725243926 -0.383646935 -0.503512323 0.270761311
1403637005451666432.000000 0.296500415 0.117169276 0.256995618 -0.723451972 -0.389404386 -0.504517794 0.265411705
1403637005701666560.000000 0.225747585 0.072166897 0.221490145 -0.724526763 -0.391234607 -0.498853326 0.270447373
1403637006201666560.000000 0.111062363 0.011696778 0.255526632 -0.719309747 -0.391384274 -0.504342675 0.273953199
1403637006501666560.000000 0.056138173 -0.015418984 0.253355265 -0.734591007 -0.391861588 -0.481830537 0.273239583
1403637006851666432.000000 0.032870386 -0.023186460 0.237126842 -0.705452859 -0.414013833 -0.491376400 0.299129009
1403637007051666432.000000 0.027881667 -0.026352495 0.218441233 -0.684997141 -0.449088961 -0.479109764 0.315518409
1403637007351666432.000000 0.026606232 -0.035459217 0.191528782 -0.655595958 -0.476809233 -0.482485324 0.331745327
1403637007751666432.000000 0.000529423 -0.067333668 0.139182329 -0.666846633 -0.489981174 -0.461114228 0.320324421
1403637008101666560.000000 -0.035332579 -0.076614857 0.106937975 -0.665988147 -0.474440873 -0.470528334 0.331615537
1403637008551666432.000000 -0.074502721 -0.067673385 0.100020222 -0.673493147 -0.470969200 -0.470068932 0.321916610
1403637009001666560.000000 -0.091913529 -0.036774680 0.080179416 -0.688969314 -0.452847838 -0.453876257 0.338003695
1403637009451666432.000000 -0.031791307 -0.021027345 0.018744593 -0.662923157 -0.479125112 -0.476594567 0.322226137
1403637009851666432.000000 -0.017796785 -0.029406600 0.005614407 -0.654641271 -0.446907550 -0.478791833 0.377461106
1403637010051666432.000000 -0.018778153 -0.029394856 0.004472112 -0.654356360 -0.446944982 -0.478930503 0.377734840
1403637010551666432.000000 -0.021011524 -0.037646059 0.007620057 0.654465437 0.447389930 0.478907049 -0.377048045
