#Stereo rect[ms], MP culling[ms], MP creation[ms], LBA[ms], KF culling[ms], Total[ms]
7.525522,0.038519,0.394028,0.009080,0.009080,7.975408
7.800772,0.125427,1.049874,0.002578,0.002578,8.981505
8.310897,0.222518,5.388916,0.309889,0.309889,29.153137
8.346997,0.237572,6.544142,0.396971,0.396971,27.435164
9.327703,0.551652,9.293622,0.346546,0.346546,37.328212
8.974082,0.301883,14.226922,0.429808,0.429808,45.564423
9.089155,0.432466,16.352064,0.973297,0.973297,59.115848
7.674439,0.284121,11.995849,0.694433,0.694433,43.127571
9.776875,0.140803,11.488714,0.939929,0.939929,56.868336
7.635650,0.196938,15.906035,42.369004,42.369004,99.050614
5.568228,0.135430,11.908599,0.925384,0.925384,45.251978
10.422461,0.407957,25.669777,0.945701,0.945701,74.671752
8.659398,0.202660,13.456917,1.213087,1.213087,55.583333
6.202169,0.149668,11.778476,1.447425,1.447425,52.245944
5.687207,0.103859,10.758214,1.350860,1.350860,58.308151
8.732397,0.156345,12.926882,1.752961,1.752961,60.688526
11.469656,0.216278,12.052744,1.930166,1.930166,69.720815
6.267231,0.107374,14.375929,1.906667,1.906667,67.179958
12.225121,0.205176,28.422758,2.471817,2.471817,87.334565
7.407862,0.238039,27.751173,2.976816,2.976816,94.765479
10.544668,0.227693,17.531921,2.633184,2.633184,121.106853
9.215223,0.107733,13.275804,3.414178,3.414178,78.220458
12.990834,0.199892,39.134473,3.125442,3.125442,305.824301
8.270469,0.154303,24.784129,3.162064,3.162064,92.066258
10.328985,0.184605,22.217385,4.647033,4.647033,98.421794
6.612122,0.130014,15.820572,3.573462,3.573462,79.684335
7.245151,0.106234,14.240439,3.262805,3.262805,77.674974
9.168851,0.114277,17.326446,3.797620,3.797620,90.934415
6.892685,0.074315,12.738020,3.116719,3.116719,78.831970
12.753805,0.173200,33.404761,3.289286,3.289286,110.720793
7.216412,0.131082,20.984922,3.168803,3.168803,86.915490
13.778098,0.270027,42.233655,3.307967,3.307967,127.951239
14.637308,0.391671,36.201042,7.150698,7.150698,154.571880
8.293271,0.100395,16.356148,5.865776,5.865776,94.727729
7.500158,0.177421,15.546409,5.409012,5.409012,90.763377
7.156207,0.131307,13.080255,5.214121,5.214121,100.423848
6.467411,0.068516,12.748725,4.718697,4.718697,84.604150
4.956338,0.105788,12.499391,2.833552,2.833552,75.716312
7.134645,0.170586,14.524132,5.103076,5.103076,88.489045
5.599020,0.134846,9.587472,2.982789,2.982789,76.548990
7.841265,0.059262,0.727113,0.003747,0.003747,8.633603
8.909483,0.196622,1.952334,0.003077,0.003077,11.063583
8.716088,0.259827,2.927128,0.395796,0.395796,24.318819
9.340493,0.307990,4.686469,1.098398,1.098398,31.726316
12.217175,0.267627,5.463918,1.213125,1.213125,39.022537
9.584057,0.183329,5.138255,2.196407,2.196407,39.702916
9.485010,0.204269,8.070176,1.260245,1.260245,44.934664
8.345656,0.283694,23.301227,1.391087,1.391087,64.512610
9.565711,0.435403,24.436095,0.930759,0.930759,63.024840
8.649363,0.563840,23.209180,62.485386,62.485386,136.692273
5.805525,0.222386,11.472150,0.924406,0.924406,43.301519
9.130089,0.498875,26.948435,1.080462,1.080462,67.331655
9.397985,0.293926,19.415340,1.253533,1.253533,65.893018
5.823292,0.198030,10.711779,1.307764,1.307764,51.186069
8.290968,0.216792,15.485538,1.477887,1.477887,62.985564
8.486427,0.226103,22.577134,1.997600,1.997600,71.380933
7.308732,0.164077,13.570415,1.932378,1.932378,62.737489
7.386002,0.311615,18.275637,1.936958,1.936958,70.767538
6.342878,0.236249,17.758244,1.816939,1.816939,73.128127
7.573003,0.224253,13.068721,1.633531,1.633531,70.747869
5.836112,0.148038,9.723574,1.915892,1.915892,67.358050
7.634773,0.164498,13.766587,2.923977,2.923977,75.662034
7.120268,0.127980,14.876318,3.701369,3.701369,78.697464
6.127466,0.138567,13.872517,3.019636,3.019636,72.332967
5.953196,0.120144,16.106778,2.747634,2.747634,81.354476
7.540802,0.061485,0.627219,0.003916,0.003916,8.235403
8.526369,0.282070,1.885326,0.003133,0.003133,10.699528
8.118684,0.497849,9.357716,0.630185,0.630185,33.107893
8.499224,0.551500,9.275925,0.546617,0.546617,32.491599
5.535458,0.198296,4.122088,0.272262,0.272262,15.589898
8.848519,0.335535,11.268322,0.696954,0.696954,36.885416
7.280682,0.330089,22.105417,0.826541,0.826541,45.627934
7.828204,0.519833,20.825304,0.887840,0.887840,47.957291
8.908641,0.504661,25.527720,0.668838,0.668838,61.359960
8.325607,0.518735,16.059747,40.579887,40.579887,76.923167
5.942292,0.286640,11.881219,0.429890,0.429890,34.001350
5.335561,0.270975,11.445177,0.471478,0.471478,34.651693
6.140982,0.255060,14.692014,0.587718,0.587718,49.957890
6.007817,0.250356,11.329271,0.783667,0.783667,39.130767
6.441464,0.221408,17.206119,0.763394,0.763394,49.010500
5.429788,0.145935,12.215851,0.869596,0.869596,43.644951
5.415913,0.129511,11.039852,1.054543,1.054543,47.030212
5.128441,0.120048,12.339759,1.023383,1.023383,48.576162
5.353064,0.139689,14.279025,1.312867,1.312867,57.548557
6.155422,0.249791,18.860754,1.134242,1.134242,66.344033
5.641906,0.201274,15.129142,1.287374,1.287374,64.682043
5.248240,0.295611,18.054464,1.849197,1.849197,69.185227
4.418771,0.233283,15.604082,1.478685,1.478685,73.137017
5.940870,0.271331,16.784329,1.144711,1.144711,68.859411
4.536934,0.187850,12.315905,2.162729,2.162729,59.575687
5.261981,0.136959,11.862309,0.751456,0.751456,51.405774
4.678429,0.105065,11.410288,0.833002,0.833002,39.791350
5.244101,0.105182,10.064983,0.890538,0.890538,59.789085
4.988396,0.119155,16.273904,1.381684,1.381684,68.024004
7.356717,0.177638,18.318635,0.929953,0.929953,58.431116
7.564399,0.147042,15.675336,2.180458,2.180458,55.768838
8.302120,0.220845,22.306608,1.402410,1.402410,68.793599
4.419776,0.176556,11.438066,1.649612,1.649612,46.450663
4.958728,0.137017,13.059219,2.383371,2.383371,45.205498
5.105940,0.175201,13.688769,1.866695,1.866695,68.009588
5.977115,0.220935,15.480390,1.546054,1.546054,70.964917
6.538105,0.199912,15.745997,1.735040,1.735040,76.417285
5.682629,0.158499,15.986836,1.749987,1.749987,72.303274
6.660591,0.215300,14.993792,1.955518,1.955518,74.564908
6.852532,0.189884,18.101172,2.933097,2.933097,78.568994
6.821229,0.208719,14.614152,2.805413,2.805413,75.999865
6.072116,0.156294,13.971533,2.275855,2.275855,74.495897
6.743242,0.148321,14.636231,2.308500,2.308500,269.252188
5.615568,0.313784,17.026878,2.342910,2.342910,75.593999
6.025911,0.157846,18.368665,2.930569,2.930569,79.702264
6.021703,0.220490,19.469947,1.639330,1.639330,78.976372
6.263556,0.204338,23.944939,2.956803,2.956803,85.417180
5.408988,0.201466,23.071130,4.165058,4.165058,96.637716
6.188244,0.169487,18.257973,2.597992,2.597992,81.552769
7.141522,0.165351,22.273495,4.478620,4.478620,89.303502
7.374370,0.122057,22.856699,4.508579,4.508579,92.875257
9.480378,0.210824,34.390723,3.052333,3.052333,105.065953
12.019367,0.379801,32.975465,2.528271,2.528271,112.566065
12.045064,0.350902,29.832079,4.198405,4.198405,102.562616
11.097576,0.312834,26.429241,3.308678,3.308678,103.351352
6.386474,0.147129,21.839038,3.792614,3.792614,91.452188
6.317102,0.238759,21.744937,4.330832,4.330832,91.691445
5.952193,0.210429,20.599646,3.133127,3.133127,87.845178
5.735060,0.162828,17.870885,4.212881,4.212881,90.339409
6.195677,0.151904,18.049379,4.115008,4.115008,88.671950
6.352845,0.147395,17.793109,3.987966,3.987966,90.196972
6.396597,0.117527,18.439746,4.846054,4.846054,95.519236
9.831021,0.196811,31.911993,3.508844,3.508844,111.246877
6.791740,0.204344,18.774263,4.153652,4.153652,93.247756
9.262113,0.183528,18.607685,4.708507,4.708507,103.656831
5.945604,0.099095,19.058867,4.388802,4.388802,97.240845
10.949216,0.305738,32.757322,5.138603,5.138603,124.881882
8.668393,0.165360,28.453894,3.144863,3.144863,103.407745
6.074338,0.161847,18.629865,5.437396,5.437396,91.976417
12.804989,0.367846,27.168792,3.229811,3.229811,108.279861
9.575642,0.323659,38.430138,3.511433,3.511433,126.647097
7.235024,0.141738,20.825953,3.828388,3.828388,98.922949
5.762582,0.095630,14.064005,3.131083,3.131083,81.444846
5.243630,0.076692,12.536238,3.277004,3.277004,78.090190
6.028832,0.062739,11.444868,3.450339,3.450339,78.559068
5.635035,0.042935,11.324852,2.734282,2.734282,74.015889
7.976329,0.033369,0.342792,0.003626,0.003626,8.358110
8.080403,0.101591,0.971178,0.003173,0.003173,9.158145
7.615661,0.153580,1.443000,0.529628,0.529628,19.082102
7.854433,0.119077,1.731189,0.676521,0.676521,20.545078
8.850559,0.070495,2.258651,0.928055,0.928055,25.227842
7.425768,0.038799,2.579003,0.876294,0.876294,23.253022
11.610994,0.053545,3.680380,1.067494,1.067494,28.561496
9.987755,0.028800,3.683586,2.455319,2.455319,32.122699
6.433381,0.019008,1.986943,1.499320,1.499320,19.018285
10.272882,0.027569,3.783882,54.383456,54.383456,83.005157
11.050027,0.029396,5.636402,2.518389,2.518389,54.799245
6.856613,0.035439,0.373658,0.003194,0.003194,7.270824
7.748602,0.094071,0.839920,0.002777,0.002777,8.687240
7.924942,0.164639,1.454936,0.347901,0.347901,16.487347
8.227834,0.198696,6.081974,0.578813,0.578813,25.349824
6.289343,0.122709,4.317986,0.472426,0.472426,19.554928
8.942627,0.260547,11.403097,0.957623,0.957623,31.880910
9.072591,0.263180,13.426622,1.012668,1.012668,38.829187
8.924921,0.254054,17.527537,1.378825,1.378825,59.265749
9.955845,0.253890,24.365871,1.239606,1.239606,64.694084
9.977765,0.312896,13.996858,68.327732,68.327732,114.202750
10.417286,0.402841,27.071889,1.013726,1.013726,62.923738
10.547130,0.388665,24.994303,0.998244,0.998244,66.493606
8.135700,0.265855,15.242455,1.329158,1.329158,63.201702
11.066425,0.411340,31.831067,2.258227,2.258227,87.641769
11.226177,0.379751,29.940809,2.878483,2.878483,88.036004
10.998757,0.350688,37.618720,2.657504,2.657504,99.057695
11.294507,0.353065,38.913500,1.619424,1.619424,95.259206
10.597233,0.370691,39.671388,2.130845,2.130845,116.110913
8.396065,0.261800,29.090115,2.281556,2.281556,198.842441
11.257397,0.435924,36.225421,1.985386,1.985386,107.374945
12.004686,0.458399,41.591617,2.710452,2.710452,119.077290
12.016496,0.419260,41.585673,2.809169,2.809169,121.397575
12.884162,0.437487,26.870128,2.453906,2.453906,111.004206
7.898612,0.230448,21.337905,3.845506,3.845506,118.674782
7.544179,0.218957,19.595323,3.500805,3.500805,99.094649
7.003907,0.224578,26.332787,3.107099,3.107099,119.920067
9.748842,0.373631,40.615961,4.738177,4.738177,134.814423
12.314446,0.307280,43.998796,4.370361,4.370361,145.626114
12.772036,0.364501,46.881317,4.382508,4.382508,163.205380
13.377161,0.352195,40.092323,3.892570,3.892570,148.196890
13.428277,0.371841,38.929224,3.724197,3.724197,153.384392
13.601969,0.325652,44.258651,6.195345,6.195345,154.189464
9.196885,0.194052,24.322805,6.350080,6.350080,129.765780
8.348944,0.186878,22.296527,5.708416,5.708416,134.928648
7.735356,0.181107,27.157851,6.213996,6.213996,137.936755
7.389720,0.165963,22.164652,6.584456,6.584456,130.179973
7.447337,0.164044,23.460782,5.112930,5.112930,130.126682
9.568393,0.285326,24.016399,5.264040,5.264040,131.043870
6.469339,0.166001,24.174243,4.201758,4.201758,128.667886
7.828213,0.193986,20.589615,9.557124,9.557124,159.081110
8.523507,0.267281,22.563447,4.547422,4.547422,127.630599
7.838271,0.156609,23.352200,7.113388,7.113388,139.979463
7.245132,0.174034,24.911380,4.462342,4.462342,128.720686
8.092923,0.164858,26.245929,7.145073,7.145073,137.359028
6.975648,0.171985,21.575041,3.556355,3.556355,125.763569
6.905967,0.172702,23.155281,6.319390,6.319390,135.595031
8.213003,0.203790,23.069813,4.788392,4.788392,136.198534
13.079229,0.308022,47.216757,4.785521,4.785521,176.263171
12.162534,0.298783,42.038295,5.620575,5.620575,195.021247
12.056255,0.227952,35.658632,5.309512,5.309512,159.693009
8.956271,0.150053,24.134064,7.617126,7.617126,144.858844
13.568867,0.297140,44.448882,6.975940,6.975940,203.121763
8.188740,0.160597,26.790805,7.332323,7.332323,149.961065
13.694457,0.340572,33.509133,5.803037,5.803037,162.225532
11.019030,0.227353,30.870043,5.883995,5.883995,426.587763
11.964397,0.243418,32.859272,5.803539,5.803539,161.495873
7.862847,0.239450,27.305479,5.228935,5.228935,146.943879
12.776802,0.363028,44.285571,6.215631,6.215631,185.553048
9.305039,0.243202,27.154024,5.111838,5.111838,161.304412
13.215366,0.400730,46.729297,5.538916,5.538916,186.757919
11.322062,0.371614,37.104452,6.554557,6.554557,178.621205
14.994291,0.449127,45.548334,5.977242,5.977242,192.129196
8.437011,0.233582,24.666250,6.577952,6.577952,168.842401
14.214103,0.350755,43.342000,6.420946,6.420946,192.726866
14.404778,0.477594,34.262530,5.532337,5.532337,182.820396
12.502067,0.295300,28.931711,6.245719,6.245719,178.703928
14.881034,0.413837,42.948018,7.720695,7.720695,196.806377
10.410264,0.392391,30.438643,7.127737,7.127737,181.801360
8.192209,0.231253,23.984359,6.331616,6.331616,165.956063
8.414170,0.261080,31.008174,7.847955,7.847955,187.929230
13.660285,0.341352,43.654265,5.493610,5.493610,188.514652
14.334010,0.393460,43.196354,7.825985,7.825985,192.860007
8.030955,0.224753,24.132574,5.846233,5.846233,169.529210
10.769546,0.224052,29.056388,7.994035,7.994035,195.635946
8.068620,0.183474,24.553093,8.555678,8.555678,186.237428
14.057970,0.401658,33.160013,5.424217,5.424217,183.381410
15.163441,0.330035,41.540028,7.916433,7.916433,197.595090
9.114983,0.220985,24.900117,6.877030,6.877030,189.103105
9.352965,0.189669,27.428919,8.399802,8.399802,193.857977
12.107990,0.218082,30.858671,12.793767,12.793767,196.378154
18.219233,0.389054,41.000277,8.529754,8.529754,208.165554
16.693446,0.305866,33.595351,9.808217,9.808217,199.145116
13.238095,0.275017,29.043308,7.951308,7.951308,188.334797
15.512143,0.299563,44.903913,8.498338,8.498338,219.010060
7.988235,0.129616,22.898022,7.978500,7.978500,188.151229
14.244096,0.293407,42.870838,7.358941,7.358941,210.668519
8.911615,0.163147,25.636104,12.259310,12.259310,193.735667
17.057054,0.334275,55.122944,7.295453,7.295453,224.926350
13.362403,0.227563,40.603492,7.562459,7.562459,210.775852
7.839916,0.172955,24.150137,8.451033,8.451033,195.360921
16.860598,0.362335,36.474011,7.894771,7.894771,225.255082
7.996967,0.187422,29.927633,9.704277,9.704277,188.493210
10.481467,0.177186,38.505544,8.376011,8.376011,200.001105
13.553366,0.390639,45.005870,7.372359,7.372359,212.688054
16.060800,0.337049,31.594839,12.147295,12.147295,198.290306
8.287637,0.234637,21.742291,9.631749,9.631749,178.952964
6.916038,0.236679,31.654384,13.617047,13.617047,198.704564
14.787666,0.422184,42.528858,5.820666,5.820666,218.974330
10.488120,0.275279,33.304008,9.316579,9.316579,197.784722
9.217522,0.278827,33.113197,7.425390,7.425390,194.639143
7.106599,0.213020,21.421790,5.300715,5.300715,172.502683
8.691703,0.272923,25.729438,9.610645,9.610645,187.359368
15.030641,0.375825,43.973145,7.732308,7.732308,223.115330
9.673670,0.242919,41.786456,5.369548,5.369548,207.217530
8.220930,0.202315,20.707156,6.938077,6.938077,174.454805
13.797230,0.304847,39.805279,7.020457,7.020457,214.155903
10.718491,0.294279,30.849129,8.182577,8.182577,196.612216
9.768314,0.269173,28.685077,9.734084,9.734084,188.482578
14.275839,0.429414,29.886219,8.754965,8.754965,189.050299
14.136015,0.430761,45.371466,5.402372,5.402372,210.986838
10.777597,0.344463,30.264257,9.899831,9.899831,190.356925
13.932834,0.398134,37.307929,9.501239,9.501239,204.454505
7.882617,0.291311,29.833295,9.332285,9.332285,188.624725
10.112267,0.243431,25.260366,8.084304,8.084304,180.734399
7.615740,0.196795,20.054402,7.742455,7.742455,182.441571
9.352843,0.196448,24.752897,8.847545,8.847545,185.662840
5.872757,0.196678,17.093026,8.214023,8.214023,167.742839
9.024734,0.297786,22.078565,7.743162,7.743162,184.548580
11.504870,0.431723,34.257377,9.238705,9.238705,189.563016
12.024209,0.318239,28.120276,6.882240,6.882240,182.459742
9.454823,0.269870,37.602582,8.933909,8.933909,196.846630
9.554349,0.265499,28.230564,8.844814,8.844814,186.658509
11.955979,0.508335,41.604555,6.850787,6.850787,203.188262
12.233120,0.393638,27.875072,8.640189,8.640189,185.438765
12.459402,0.396851,41.481249,9.208344,9.208344,207.920962
7.049930,0.192202,23.577735,8.126783,8.126783,168.604666
8.865889,0.261508,26.867405,8.008824,8.008824,169.371970
7.488153,0.208650,24.941102,9.899621,9.899621,188.672397
7.200912,0.293344,30.002507,7.240649,7.240649,183.537985
7.190723,0.257754,21.559957,8.625126,8.625126,165.419224
11.907034,0.448936,42.387399,9.565196,9.565196,200.734843
7.004354,0.240167,21.557479,8.203050,8.203050,163.542552
8.766002,0.237170,25.195213,6.309409,6.309409,166.419410
8.491277,0.213099,23.803057,6.591125,6.591125,166.831876
8.290728,0.272186,21.250330,5.853965,5.853965,161.061028
8.084184,0.240353,22.062384,8.023441,8.023441,159.501577
7.197490,0.272074,28.656602,7.390151,7.390151,163.328608
10.156192,0.393900,37.799504,5.753723,5.753723,186.130924
10.244793,0.444266,40.259830,6.081501,6.081501,185.663740
7.137963,0.304185,24.454221,8.166319,8.166319,186.572310
9.859095,0.495457,30.542452,6.769307,6.769307,184.234249
7.676973,0.261871,15.699240,8.138145,8.138145,151.043094
8.530742,0.339743,32.681548,7.319821,7.319821,162.628704
7.635628,0.261935,15.374737,8.815276,8.815276,153.339484
5.870448,0.271414,13.820395,9.284851,9.284851,148.915252
9.315661,0.469729,34.086993,7.495300,7.495300,160.540000
6.775005,0.289935,13.849294,7.205792,7.205792,135.109425
9.414619,0.572064,31.250189,5.990903,5.990903,158.346540
6.577997,0.414713,13.956413,7.043968,7.043968,137.511837
9.802486,0.651415,31.726887,7.217625,7.217625,176.721976
5.703534,0.353578,21.331301,6.581263,6.581263,149.239110
6.360165,0.399779,27.167916,6.359679,6.359679,152.528050
7.245726,0.273787,18.187247,9.272747,9.272747,135.646664
7.403933,0.290755,25.140906,6.120760,6.120760,151.989515
11.077864,0.430733,41.409442,5.761602,5.761602,174.466369
11.785531,0.472039,26.970432,6.594454,6.594454,163.147833
7.966030,0.428994,31.665238,7.391641,7.391641,176.276959
6.530591,0.282026,29.967441,5.380745,5.380745,153.472212
11.936451,0.519821,33.345936,6.226967,6.226967,177.745259
14.973891,0.468669,36.820510,7.128029,7.128029,171.607199
7.597717,0.232073,23.764312,7.754749,7.754749,150.569397
8.185199,0.204715,21.883490,7.845314,7.845314,152.387972
7.373083,0.179636,25.528778,9.588603,9.588603,154.745497
6.529119,0.199030,27.677265,7.200711,7.200711,157.532432
6.232134,0.199495,22.720693,9.202783,9.202783,153.619142
7.137256,0.193202,20.818864,9.588092,9.588092,149.708110
5.668338,0.187645,18.644471,10.022953,10.022953,152.974490
5.698683,0.164221,16.747438,9.264205,9.264205,139.157675
11.070064,0.295205,34.096601,9.780295,9.780295,179.120959
12.277568,0.254317,32.630744,9.699800,9.699800,172.146776
7.260519,0.148969,19.195573,8.185940,8.185940,158.546917
5.203470,0.134134,17.327205,10.017771,10.017771,142.279669
5.029002,0.120408,16.562808,10.744722,10.744722,141.179155
4.764524,0.153292,14.698891,7.870324,7.870324,137.550689
4.246260,0.116222,14.861923,10.470561,10.470561,136.350812
5.307469,0.178481,25.010309,10.130022,10.130022,158.792211
9.068101,0.268737,27.041894,8.093783,8.093783,161.740530
4.814680,0.187124,16.198858,16.653324,16.653324,155.439080
4.705043,0.148210,14.238826,11.462593,11.462593,145.473818
4.119684,0.125355,12.501435,13.818441,13.818441,143.960814
3.566136,0.142391,14.584819,8.792442,8.792442,137.366094
8.714615,0.327993,28.652204,10.622536,10.622536,167.926377
5.496306,0.132267,18.115401,10.237026,10.237026,139.578813
5.005313,0.132815,27.494514,11.251308,11.251308,155.975029
4.155093,0.079777,16.670078,9.383725,9.383725,132.453058
4.364892,0.130965,18.149248,11.913650,11.913650,141.515223
8.497920,0.135482,19.936043,9.765730,9.765730,141.879099
5.310847,0.116155,20.509178,13.154176,13.154176,140.694241
5.762499,0.138195,18.691510,9.384820,9.384820,136.711101
5.632095,0.143203,26.707384,13.899389,13.899389,144.642767
5.263956,0.160426,20.198475,10.630362,10.630362,136.593987
5.253526,0.173507,23.911427,11.919379,11.919379,142.030171
5.575840,0.159347,25.678019,14.539059,14.539059,151.806653
5.983035,0.183682,24.410345,9.697968,9.697968,138.986719
5.757459,0.155595,23.146865,10.513780,10.513780,137.029072
5.483634,0.145770,24.131960,12.128235,12.128235,141.129304
11.155208,0.254137,34.683764,9.152051,9.152051,159.501523
6.848796,0.190087,32.295432,9.230037,9.230037,157.973760
6.204326,0.129243,25.373003,10.966339,10.966339,146.526454
6.795249,0.202638,26.415586,9.947025,9.947025,148.054630
6.622685,0.178964,27.124061,8.812461,8.812461,153.068422
6.309006,0.183558,24.238597,7.404711,7.404711,152.260041
6.290912,0.179623,26.041101,8.500580,8.500580,151.536566
9.971874,0.284107,34.022999,9.566880,9.566880,186.433889
7.639403,0.212197,23.441366,8.538537,8.538537,152.194220
9.825792,0.309652,32.502548,10.989846,10.989846,173.688779
7.307793,0.296072,27.757361,7.690217,7.690217,156.446157
5.355970,0.177477,22.210292,10.985698,10.985698,149.698901
6.287543,0.253253,24.435478,9.475652,9.475652,146.781367
10.819352,0.332195,36.782904,9.685862,9.685862,169.248922
11.029842,0.388825,49.361292,9.343067,9.343067,189.015222
6.440128,0.237723,23.808266,11.068480,11.068480,158.346746
11.038043,0.457196,40.046608,8.369535,8.369535,183.648099
10.005170,0.302666,25.774341,7.574655,7.574655,166.045579
7.184419,0.253066,23.361932,7.388075,7.388075,163.897868
12.218062,0.375042,46.247109,11.186674,11.186674,201.623084
7.226797,0.205625,30.697073,9.644518,9.644518,184.342172
13.023496,0.315136,44.283746,6.874294,6.874294,183.258472
9.535314,0.217701,29.422418,13.571780,13.571780,195.829810
7.285841,0.176642,25.337916,8.078749,8.078749,165.631551
9.270398,0.255383,29.970354,7.504992,7.504992,173.231611
8.024928,0.221960,21.320526,8.562898,8.562898,166.573100
11.868074,0.395347,34.004493,8.021663,8.021663,188.727062
6.689501,0.264554,25.819494,5.181596,5.181596,168.582290
7.858943,0.282980,22.435350,9.210750,9.210750,181.286656
10.862930,0.539654,44.388354,7.779719,7.779719,218.158634
10.393527,0.638962,39.279234,6.538343,6.538343,207.919924
8.117680,0.367789,28.176630,6.940600,6.940600,190.713761
10.120899,0.279686,21.775720,6.602080,6.602080,189.995396
7.557345,0.239908,27.623871,7.641863,7.641863,189.866151
6.836814,0.190184,22.747886,8.546415,8.546415,195.773988
6.779557,0.200156,23.118363,12.732047,12.732047,196.674600
7.154170,0.170603,22.896946,10.456851,10.456851,194.856307
6.923141,0.179062,25.745413,8.619645,8.619645,193.040326
6.528137,0.180725,23.783242,11.901530,11.901530,191.228446
5.399569,0.183870,25.382775,8.850299,8.850299,190.785554
5.913417,0.200617,22.479454,8.140486,8.140486,186.478674
6.777779,0.234095,26.177964,8.816058,8.816058,186.766055
6.438225,0.264119,25.683133,8.938759,8.938759,188.439076
10.561653,0.530735,43.311915,6.092298,6.092298,207.663349
8.261192,0.331766,32.424159,10.752239,10.752239,204.238888
11.615486,0.475166,52.021023,5.689213,5.689213,220.478918
12.820072,0.446257,53.144589,6.709863,6.709863,220.346226
11.796522,0.449227,34.105829,6.429965,6.429965,205.076898
13.047220,0.465130,47.086566,5.980673,5.980673,222.311517
7.147453,0.282642,28.459120,7.885808,7.885808,191.626403
7.592900,0.206483,29.839090,8.648639,8.648639,194.979484
12.539132,0.411247,47.870855,8.045979,8.045979,235.627049
13.196667,0.391411,40.343332,6.582938,6.582938,216.545418
7.733325,0.191462,21.752675,7.598753,7.598753,187.221568
7.902794,0.172213,21.779040,7.848583,7.848583,175.391030
8.842435,0.209922,23.810148,10.345365,10.345365,177.183806
7.564429,0.162665,29.312017,11.113504,11.113504,195.356557
7.059456,0.144726,20.689279,6.844818,6.844818,167.095341
6.907328,0.135261,20.653511,7.272395,7.272395,167.244771
6.259790,0.220713,22.796247,6.945824,6.945824,169.072859
9.422810,0.228993,30.946886,7.583568,7.583568,176.005283
9.273713,0.265436,25.167914,8.687444,8.687444,182.548097
7.660622,0.225148,25.026328,7.669218,7.669218,169.216715
8.612229,0.239182,27.580485,11.379686,11.379686,190.357943
6.795477,0.206726,24.069273,7.994400,7.994400,168.800737
9.419971,0.221595,28.897811,10.001957,10.001957,171.844797
12.184434,0.340835,35.075900,9.693796,9.693796,186.861793
10.327866,0.208420,36.004303,9.167816,9.167816,190.535806
8.030279,0.195644,26.297218,11.763736,11.763736,167.216710
10.502103,0.222209,37.811065,12.790373,12.790373,195.491177
10.879368,0.192228,35.562299,12.958443,12.958443,192.073276
8.175574,0.210101,35.345533,10.774374,10.774374,193.724530
7.322845,0.191603,28.446386,16.934593,16.934593,172.847890
13.996918,0.494909,41.997625,13.351047,13.351047,205.194055
14.449525,0.330556,42.805167,14.843895,14.843895,203.513748
14.245853,0.411501,35.053313,19.703620,19.703620,201.130978
10.814119,0.438972,50.033830,18.575631,18.575631,213.420541
7.029617,0.162087,35.633074,20.027228,20.027228,199.320017
7.903287,0.195769,38.073230,19.827931,19.827931,200.829231
16.249394,0.507548,51.816335,15.490069,15.490069,229.616782
13.783037,0.289313,39.281701,17.816972,17.816972,205.319596
7.187880,0.191826,27.915700,17.554668,17.554668,197.653426
8.436529,0.189298,28.779388,17.395336,17.395336,200.162910
14.464593,0.265215,31.065735,19.738163,19.738163,200.172117
17.340239,0.587743,49.725726,13.939537,13.939537,223.389647
9.616636,0.184178,29.521921,16.009889,16.009889,207.500161
13.028521,0.201819,33.191401,16.255224,16.255224,199.852180
10.233289,0.155882,33.893559,15.912161,15.912161,192.087386
15.130576,0.210310,36.832151,18.823099,18.823099,201.533392
18.347111,0.189730,29.197012,17.325881,17.325881,204.384253
19.194178,0.216805,48.131475,20.147031,20.147031,251.765187
10.316731,0.181084,34.707288,14.626888,14.626888,216.614924
19.423341,0.379198,44.514342,19.458078,19.458078,251.757320
9.628888,0.154482,28.575165,18.395299,18.395299,206.403260
9.256795,0.166075,29.499019,18.858512,18.858512,208.419512
9.446102,0.155672,28.815325,18.408630,18.408630,208.787359
10.581849,0.126713,33.710254,16.257198,16.257198,215.991975
11.539317,0.181770,42.250354,13.668444,13.668444,229.208538
12.563083,0.133708,29.629490,19.536344,19.536344,220.592377
21.968383,0.289317,43.642958,18.091055,18.091055,253.062201
21.262266,0.219620,38.009259,19.074957,19.074957,233.199740
19.611881,0.345162,37.604176,14.234714,14.234714,228.589860
19.362263,0.337209,43.053709,20.786925,20.786925,252.906672
18.873308,0.484545,54.179569,17.275173,17.275173,248.133774
10.844065,0.209732,37.715859,13.465194,13.465194,209.354325
19.569942,0.481942,35.234714,13.869042,13.869042,222.013080
10.270528,0.235910,36.281870,17.490053,17.490053,205.367141
8.918659,0.206527,34.033127,15.767619,15.767619,201.975403
9.492686,0.213647,41.443172,17.589133,17.589133,224.596085
18.732765,0.543127,57.790240,14.733961,14.733961,246.076306
20.452102,0.419117,42.287521,16.359528,16.359528,250.802606
17.515132,0.445120,52.555651,16.811163,16.811163,252.708806
10.214790,0.209978,46.503943,14.055760,14.055760,234.625566
19.579842,0.352272,55.096402,20.174656,20.174656,252.874456
9.606501,0.202740,39.183404,15.625543,15.625543,216.458032
10.243872,0.177568,33.773791,16.460240,16.460240,214.627209
20.213303,0.191339,37.138247,15.981969,15.981969,234.353436
10.066405,0.159179,42.453057,15.245061,15.245061,229.804375
22.275060,0.497686,33.222156,22.166293,22.166293,254.425758
12.155215,0.168697,43.221192,20.940473,20.940473,235.040550
22.655431,0.309327,55.920456,20.663149,20.663149,257.281697
10.783135,0.120196,32.794716,18.183843,18.183843,210.958423
17.629645,0.139673,34.733035,21.129800,21.129800,253.754718
26.055524,0.257287,51.487731,20.571028,20.571028,265.460778
19.025850,0.182551,35.715337,26.536890,26.536890,258.972534
22.891496,0.176330,32.093545,24.984168,24.984168,260.802213
22.056462,0.202934,37.801806,23.550833,23.550833,261.924418
21.411093,0.137119,36.750062,23.566336,23.566336,259.476723
18.454482,0.190512,38.668332,21.556591,21.556591,259.422752
23.051773,0.300096,44.134744,23.553153,23.553153,260.247555
11.778407,0.186195,36.466878,18.944260,18.944260,234.271035
23.840682,0.309746,56.848201,22.827125,22.827125,274.013223
12.176171,0.154851,34.604758,21.927727,21.927727,240.589751
8.795920,0.166888,43.684849,20.561421,20.561421,252.695582
19.312002,0.362292,38.028528,18.529205,18.529205,262.959271
10.436567,0.177912,42.025332,21.184001,21.184001,257.005209
10.507873,0.168499,32.922183,16.838361,16.838361,237.120133
17.700828,0.268389,41.648211,16.922554,16.922554,254.769282
21.738662,0.235047,33.807156,20.302491,20.302491,248.154253
11.617754,0.152670,34.704046,18.683299,18.683299,256.774745
22.182836,0.406361,38.380945,17.311407,17.311407,256.158059
20.790111,0.165123,34.849242,22.236288,22.236288,258.498759
21.637194,0.222661,43.819308,20.852687,20.852687,262.345578
15.635581,0.279711,33.579750,22.388411,22.388411,262.782320
21.870271,0.376501,52.212168,15.597519,15.597519,278.339542
19.965931,0.187550,39.244844,18.614634,18.614634,263.210283
12.294491,0.253024,41.836453,18.910252,18.910252,262.524617
20.997004,0.326713,49.738592,20.982321,20.982321,267.275346
16.521411,0.302499,36.679115,16.573119,16.573119,264.373829
12.532425,0.228870,35.750247,19.892445,19.892445,253.526226
8.897711,0.105665,31.173899,17.325315,17.325315,222.262317
17.645184,0.229688,36.009967,16.790057,16.790057,235.019417
18.138319,0.325646,49.686333,16.529235,16.529235,266.123517
8.628153,0.141223,29.151233,20.120069,20.120069,216.669953
8.945173,0.138572,27.341542,21.772116,21.772116,210.512095
13.659013,0.229104,33.555193,20.694821,20.694821,229.339556
9.324323,0.177544,29.120138,19.117799,19.117799,211.656867
16.473711,0.312523,42.841036,19.230690,19.230690,250.121140
14.970765,0.316283,37.769977,15.603409,15.603409,216.155174
8.239473,0.177044,23.216266,16.408426,16.408426,200.298917
7.072056,0.138732,22.095846,16.167603,16.167603,192.300360
7.950842,0.137035,21.787048,19.117494,19.117494,199.036755
6.510938,0.124177,17.285943,13.286428,13.286428,171.676602
7.452340,0.121752,20.031427,14.047463,14.047463,172.386699
7.048399,0.147872,20.715425,11.737504,11.737504,179.046142
8.271708,0.129517,19.412434,15.878275,15.878275,165.721518
12.244330,0.155207,35.091165,13.132222,13.132222,196.094064
11.792568,0.117012,23.616633,13.547433,13.547433,172.740146
9.516845,0.103628,18.469879,14.309898,14.309898,161.813708
6.347605,0.073260,19.891764,17.617971,17.617971,157.890022
6.171178,0.067387,17.100276,15.462025,15.462025,153.329207
6.620013,0.094103,17.096904,16.346849,16.346849,147.205244
6.508689,0.072441,19.648758,11.297058,11.297058,81.987149
7.202926,0.076892,19.839428,13.546962,13.546962,145.353591
6.327335,0.118288,15.764351,10.017227,10.017227,138.039530
7.746510,0.088653,16.989822,14.159372,14.159372,138.453518
