#LBA time[ms],KF opt[#],KF fixed[#],MP[#],Edges[#]
0.014784,3,1,0,795
0.004800,4,1,0,1118
0.427717,5,1,0,1312
1.152110,6,1,0,1644
0.817098,7,1,0,1859
1.038508,8,1,0,1871
1.420657,9,1,0,2173
1.407825,10,1,0,2600
1.579283,0,0,0,0
44.173525,0,0,0,0
1.537971,0,0,0,0
1.871927,0,0,0,0
2.007928,0,0,0,0
2.537535,0,0,0,0
2.160186,0,0,0,0
2.661568,0,0,0,0
2.858434,0,0,0,0
3.209383,0,0,0,0
3.129862,0,0,0,0
3.588747,0,0,0,0
3.894159,0,0,0,0
5.099518,0,0,0,0
4.970236,0,0,0,0
4.726937,0,0,0,0
4.871323,0,0,0,0
4.926715,0,0,0,0
4.720825,0,0,0,0
5.117822,0,0,0,0
4.313076,0,0,0,0
4.828442,0,0,0,0
5.562435,0,0,0,0
5.826310,0,0,0,0
6.878003,0,0,0,0
4.414613,0,0,0,0
5.702373,0,0,0,0
6.540527,0,0,0,0
3.991408,0,0,0,0
5.380097,0,0,0,0
5.426529,0,0,0,0
6.858611,0,0,0,0
5.034461,0,0,0,0
4.313844,0,0,0,0
5.565731,0,0,0,0
4.288948,0,0,0,0
6.347884,0,0,0,0
4.177330,0,0,0,0
5.921032,0,0,0,0
4.191570,0,0,0,0
5.127038,0,0,0,0
6.513359,0,0,0,0
4.995484,0,0,0,0
5.030077,0,0,0,0
6.569551,0,0,0,0
4.908827,0,0,0,0
4.902267,0,0,0,0
5.636965,0,0,0,0
4.368084,0,0,0,0
6.324940,0,0,0,0
5.029021,0,0,0,0
4.192563,0,0,0,0
6.491887,0,0,0,0
4.216851,0,0,0,0
6.776978,0,0,0,0
4.374229,0,0,0,0
5.436865,0,0,0,0
5.634404,0,0,0,0
4.478070,0,0,0,0
5.726437,0,0,0,0
5.638052,0,0,0,0
4.893211,0,0,0,0
7.708285,0,0,0,0
5.897543,0,0,0,0
5.971945,0,0,0,0
5.667396,0,0,0,0
5.825607,0,0,0,0
4.632440,0,0,0,0
7.005301,0,0,0,0
7.453147,0,0,0,0
5.711717,0,0,0,0
5.952232,0,0,0,0
4.460694,0,0,0,0
6.480974,0,0,0,0
6.927284,0,0,0,0
5.957736,0,0,0,0
5.659172,0,0,0,0
6.320780,0,0,0,0
5.862054,0,0,0,0
4.133810,0,0,0,0
4.225363,0,0,0,0
6.772210,0,0,0,0
6.454670,0,0,0,0
4.239092,0,0,0,0
7.325880,0,0,0,0
5.451970,0,0,0,0
5.407233,0,0,0,0
4.392181,0,0,0,0
6.792050,0,0,0,0
6.696273,0,0,0,0
5.707365,0,0,0,0
4.681529,0,0,0,0
5.846119,0,0,0,0
7.867935,0,0,0,0
4.575607,0,0,0,0
7.483418,0,0,0,0
4.828058,0,0,0,0
7.728349,0,0,0,0
5.109854,0,0,0,0
6.936147,0,0,0,0
5.508130,0,0,0,0
6.577360,0,0,0,0
5.172543,0,0,0,0
7.730717,0,0,0,0
6.663057,0,0,0,0
6.064522,0,0,0,0
9.015789,0,0,0,0
6.885555,0,0,0,0
6.205803,0,0,0,0
9.246768,0,0,0,0
7.776478,0,0,0,0
5.255488,0,0,0,0
5.204511,0,0,0,0
7.546620,0,0,0,0
7.560955,0,0,0,0
5.803142,0,0,0,0
7.482778,0,0,0,0
7.422586,0,0,0,0
7.980992,0,0,0,0
7.707229,0,0,0,0
7.079797,0,0,0,0
7.991617,0,0,0,0
8.494599,0,0,0,0
8.694089,0,0,0,0
10.442367,0,0,0,0
8.764298,0,0,0,0
10.255612,0,0,0,0
9.303281,0,0,0,0
11.350954,0,0,0,0
14.127020,0,0,0,0
9.743254,0,0,0,0
8.137187,0,0,0,0
11.030630,0,0,0,0
11.228168,0,0,0,0
10.904100,0,0,0,0
9.889880,0,0,0,0
8.521607,0,0,0,0
11.580684,0,0,0,0
13.810248,0,0,0,0
8.884971,0,0,0,0
13.169376,0,0,0,0
12.309397,0,0,0,0
8.806923,0,0,0,0
10.580032,0,0,0,0
10.169787,0,0,0,0
11.233672,0,0,0,0
9.841687,0,0,0,0
8.339205,0,0,0,0
10.552800,0,0,0,0
10.421343,0,0,0,0
10.360509,0,0,0,0
10.509248,0,0,0,0
8.601033,0,0,0,0
10.483199,0,0,0,0
10.042490,0,0,0,0
10.834019,0,0,0,0
10.900100,0,0,0,0
10.776131,0,0,0,0
10.652737,0,0,0,0
9.699733,0,0,0,0
10.848484,0,0,0,0
11.773135,0,0,0,0
11.650638,0,0,0,0
10.305021,0,0,0,0
12.271989,0,0,0,0
11.046534,0,0,0,0
12.135028,0,0,0,0
10.661122,0,0,0,0
10.413438,0,0,0,0
12.562744,0,0,0,0
14.871445,0,0,0,0
15.975746,0,0,0,0
11.221448,0,0,0,0
11.330602,0,0,0,0
16.560937,0,0,0,0
10.436319,0,0,0,0
11.127240,0,0,0,0
11.832335,0,0,0,0
11.535340,0,0,0,0
13.063550,0,0,0,0
13.935241,0,0,0,0
14.103691,0,0,0,0
11.538860,0,0,0,0
12.225236,0,0,0,0
13.694822,0,0,0,0
13.934153,0,0,0,0
12.154356,0,0,0,0
17.787384,0,0,0,0
12.612762,0,0,0,0
16.172901,0,0,0,0
13.820232,0,0,0,0
16.026818,0,0,0,0
14.368079,0,0,0,0
14.248974,0,0,0,0
14.984150,0,0,0,0
14.220365,0,0,0,0
12.058163,0,0,0,0
13.846824,0,0,0,0
12.464984,0,0,0,0
14.584561,0,0,0,0
14.861781,0,0,0,0
13.173088,0,0,0,0
15.667742,0,0,0,0
15.119672,0,0,0,0
15.524093,0,0,0,0
15.712511,0,0,0,0
18.930022,0,0,0,0
15.721856,0,0,0,0
19.218890,0,0,0,0
15.736543,0,0,0,0
13.640197,0,0,0,0
15.767744,0,0,0,0
15.099192,0,0,0,0
14.222093,0,0,0,0
18.754148,0,0,0,0
14.681011,0,0,0,0
18.656227,0,0,0,0
16.806284,0,0,0,0
17.053679,0,0,0,0
18.688419,0,0,0,0
17.295923,0,0,0,0
17.647991,0,0,0,0
14.826356,0,0,0,0
10.836228,0,0,0,0
16.517833,0,0,0,0
14.752884,0,0,0,0
18.475201,0,0,0,0
10.236124,0,0,0,0
15.460924,0,0,0,0
13.485380,0,0,0,0
15.642686,0,0,0,0
17.747416,0,0,0,0
14.299086,0,0,0,0
17.106576,0,0,0,0
17.370035,0,0,0,0
16.560777,0,0,0,0
12.738523,0,0,0,0
14.662674,0,0,0,0
16.451657,0,0,0,0
16.439752,0,0,0,0
16.033475,0,0,0,0
15.858209,0,0,0,0
14.094188,0,0,0,0
13.732487,0,0,0,0
12.745532,0,0,0,0
15.479004,0,0,0,0
13.536356,0,0,0,0
14.796565,0,0,0,0
15.480125,0,0,0,0
11.928241,0,0,0,0
10.378046,0,0,0,0
14.485233,0,0,0,0
11.488524,0,0,0,0
11.836592,0,0,0,0
13.595462,0,0,0,0
12.773084,0,0,0,0
12.378039,0,0,0,0
12.118835,0,0,0,0
12.125236,0,0,0,0
12.260694,0,0,0,0
10.707618,0,0,0,0
11.931569,0,0,0,0
12.627450,0,0,0,0
13.280066,0,0,0,0
11.095143,0,0,0,0
8.622889,0,0,0,0
9.162223,0,0,0,0
9.202641,0,0,0,0
10.426975,0,0,0,0
11.011142,0,0,0,0
8.684394,0,0,0,0
10.820804,0,0,0,0
12.391735,0,0,0,0
14.529201,0,0,0,0
11.578445,0,0,0,0
12.738811,0,0,0,0
12.789948,0,0,0,0
13.716552,0,0,0,0
16.318439,0,0,0,0
12.709147,0,0,0,0
15.805505,0,0,0,0
16.852301,0,0,0,0
14.611954,0,0,0,0
14.808885,0,0,0,0
13.172640,0,0,0,0
15.593503,0,0,0,0
17.592022,0,0,0,0
15.367676,0,0,0,0
15.198010,0,0,0,0
17.124017,0,0,0,0
14.899062,0,0,0,0
13.464357,0,0,0,0
15.300826,0,0,0,0
13.978570,0,0,0,0
16.789869,0,0,0,0
16.573866,0,0,0,0
20.470810,0,0,0,0
13.151425,0,0,0,0
20.568763,0,0,0,0
13.555366,0,0,0,0
17.058384,0,0,0,0
17.512918,0,0,0,0
18.088604,0,0,0,0
17.953275,0,0,0,0
20.065716,0,0,0,0
21.922572,0,0,0,0
25.003953,0,0,0,0
20.049940,0,0,0,0
20.493274,0,0,0,0
23.777506,0,0,0,0
17.397685,0,0,0,0
20.983265,0,0,0,0
19.674353,0,0,0,0
20.515802,0,0,0,0
14.201613,0,0,0,0
18.508226,0,0,0,0
12.245334,0,0,0,0
12.711260,0,0,0,0
13.412516,0,0,0,0
20.447578,0,0,0,0
20.194359,0,0,0,0
22.194447,0,0,0,0
21.097474,0,0,0,0
19.187403,0,0,0,0
17.510710,0,0,0,0
15.404509,0,0,0,0
16.827470,0,0,0,0
17.747353,0,0,0,0
18.011612,0,0,0,0
18.775845,0,0,0,0
18.289439,0,0,0,0
18.153790,0,0,0,0
19.458926,0,0,0,0
21.083841,0,0,0,0
22.425906,0,0,0,0
21.395973,0,0,0,0
24.134727,0,0,0,0
22.886360,0,0,0,0
23.733986,0,0,0,0
22.366162,0,0,0,0
22.182223,0,0,0,0
14.335183,0,0,0,0
19.047689,0,0,0,0
18.706884,0,0,0,0
16.884142,0,0,0,0
23.353150,0,0,0,0
13.500965,0,0,0,0
33.822749,0,0,0,0
24.254857,0,0,0,0
34.872267,0,0,0,0
23.500959,0,0,0,0
29.510377,0,0,0,0
28.458204,0,0,0,0
28.831712,0,0,0,0
30.030095,0,0,0,0
27.991479,0,0,0,0
26.635686,0,0,0,0
30.414164,0,0,0,0
29.693035,0,0,0,0
27.494256,0,0,0,0
26.211681,0,0,0,0
29.195461,0,0,0,0
29.347847,0,0,0,0
27.612242,0,0,0,0
29.509321,0,0,0,0
29.135812,0,0,0,0
26.628293,0,0,0,0
32.221514,0,0,0,0
30.465845,0,0,0,0
25.674586,0,0,0,0
29.531977,0,0,0,0
32.925139,0,0,0,0
30.296595,0,0,0,0
32.851474,0,0,0,0
29.947790,0,0,0,0
27.042795,0,0,0,0
34.052257,0,0,0,0
23.021977,0,0,0,0
23.071514,0,0,0,0
28.378011,0,0,0,0
24.120455,0,0,0,0
27.984630,0,0,0,0
28.310715,0,0,0,0
35.973912,0,0,0,0
29.483210,0,0,0,0
33.773469,0,0,0,0
26.041855,0,0,0,0
32.352140,0,0,0,0
27.517457,0,0,0,0
29.766541,0,0,0,0
28.598142,0,0,0,0
34.331685,0,0,0,0
45.785105,0,0,0,0
34.768330,0,0,0,0
42.958702,0,0,0,0
42.273958,0,0,0,0
37.732846,0,0,0,0
42.809837,0,0,0,0
40.882677,0,0,0,0
36.802115,0,0,0,0
45.507374,0,0,0,0
37.856624,0,0,0,0
41.184697,0,0,0,0
34.066977,0,0,0,0
33.494971,0,0,0,0
36.485695,0,0,0,0
36.347549,0,0,0,0
34.236708,0,0,0,0
31.797606,0,0,0,0
36.072506,0,0,0,0
35.639445,0,0,0,0
36.446175,0,0,0,0
31.792133,0,0,0,0
32.789522,0,0,0,0
40.241038,0,0,0,0
36.443871,0,0,0,0
46.796638,0,0,0,0
28.293883,0,0,0,0
42.562186,0,0,0,0
38.352502,0,0,0,0
40.249518,0,0,0,0
47.955468,0,0,0,0
42.125733,0,0,0,0
40.728404,0,0,0,0
35.273617,0,0,0,0
34.684809,0,0,0,0
40.326127,0,0,0,0
41.541758,0,0,0,0
38.703259,0,0,0,0
39.136384,0,0,0,0
35.979066,0,0,0,0
33.817664,0,0,0,0
24.163177,0,0,0,0
32.361037,-1063007539,0,-1051435592,1080513777
31.993417,1314702384,0,239922821,-232271831
