1403638147795097088.000000 -2.784099102 -1.870221734 5.812336445 -0.601648688 -0.584045827 -0.387256265 0.383329928
1403638148095097088.000000 -2.782729149 -1.841141224 5.847585201 -0.592626274 -0.567011476 -0.408278316 0.400750369
1403638149595097088.000000 -2.852128267 -1.584294915 6.223557472 -0.575464010 -0.582812846 -0.401513100 0.409826487
1403638152295097088.000000 -4.039482594 -0.809652507 6.353017330 -0.417100757 -0.712590158 -0.296806425 0.479737729
1403638152545096960.000000 -4.232901573 -0.736797452 6.359263897 -0.416267097 -0.713670373 -0.303189397 0.474839509
1403638152945096960.000000 -4.594131470 -0.625703812 6.372723579 -0.404027313 -0.716562331 -0.281840146 0.493828535
1403638153345096960.000000 -4.976288319 -0.505874336 6.454044819 -0.372923046 -0.741831303 -0.252379090 0.496910065
1403638155045096960.000000 -6.861485481 -0.175669134 6.560691833 -0.245090261 -0.779527307 -0.197283298 0.541615307
1403638155495097088.000000 -7.339893818 -0.285435885 6.634101391 -0.201362655 -0.781295896 -0.178152755 0.563286304
1403638155645096960.000000 -7.492709637 -0.348425776 6.631342411 -0.187654763 -0.781258285 -0.156595021 0.574368417
1403638155795097088.000000 -7.636597633 -0.424094319 6.618845463 -0.166172579 -0.783349335 -0.133227989 0.583952665
1403638156145096960.000000 -7.925085068 -0.631775677 6.592118263 -0.102085270 -0.814116716 -0.068178117 0.567577600
1403638156545096960.000000 -8.232311249 -0.857274652 6.623304367 -0.055672001 -0.829434812 -0.022534983 0.555365443
1403638156745096960.000000 -8.395879745 -0.951735377 6.609292984 -0.050934337 -0.830169499 -0.019048469 0.554852664
1403638157145096960.000000 -8.763499260 -1.103247285 6.570196629 -0.057724945 -0.834040105 -0.023739474 0.548161745
1403638157345096960.000000 -8.970838547 -1.161961555 6.585336685 -0.057395041 -0.834322274 -0.025789093 0.547674239
1403638158145096960.000000 -9.895090103 -1.415359259 6.659967899 0.041157074 -0.821187854 0.034499034 0.568125546
1403638158445096960.000000 -10.235183716 -1.512473464 6.671242714 0.057546139 -0.820008218 0.041930933 0.567905724
1403638158745096960.000000 -10.561398506 -1.605267286 6.651186943 0.058930609 -0.817691088 0.038088899 0.571364701
1403638159195097088.000000 -11.039095879 -1.750483751 6.678431034 0.045085300 -0.842064142 0.044660416 0.535631299
1403638159995097088.000000 -11.930805206 -1.841081142 6.855641365 0.037041549 -0.794286788 0.054028429 0.604001224
1403638160395097088.000000 -12.208385468 -1.753053904 7.109538078 0.050644122 -0.824531376 0.041966178 0.561980486
1403638160595097088.000000 -12.343683243 -1.706595063 7.251219749 0.050655052 -0.828186929 0.041957431 0.556578875
1403638160795097088.000000 -12.490159035 -1.663668394 7.375345230 0.044907831 -0.823717833 0.047409005 0.563226998
1403638160995097088.000000 -12.637630463 -1.610999346 7.486898899 0.019481435 -0.808397949 0.044915382 0.586596966
1403638161395097088.000000 -12.876762390 -1.453746080 7.667594910 -0.053463727 -0.813728511 -0.014462263 0.578600347
1403638161595097088.000000 -12.979927063 -1.364840269 7.740590096 -0.078791387 -0.822228789 -0.035175789 0.562578380
1403638162195097088.000000 -13.296139717 -1.046279907 7.873520851 -0.123697646 -0.813614607 -0.053763278 0.565543830
1403638162495097088.000000 -13.448682785 -0.843456566 7.948481083 -0.133238897 -0.812162519 -0.050935570 0.565725327
1403638163395097088.000000 -13.829166412 -0.034201592 8.202630997 -0.169610202 -0.796637952 -0.097616009 0.571901739
1403638166245096960.000000 -13.194231987 2.991149187 8.524285316 -0.234383613 -0.785462976 -0.162411779 0.549303889
1403638166695097088.000000 -12.882058144 3.368393421 8.712820053 -0.227391794 -0.788534820 -0.159006432 0.548837543
1403638166895097088.000000 -12.755136490 3.523146391 8.759751320 -0.243123919 -0.794775605 -0.132618159 0.540032446
1403638167295097088.000000 -12.554784775 3.889972210 8.836259842 -0.238393366 -0.807784021 -0.138471469 0.521036804
1403638167495097088.000000 -12.496224403 4.106752872 8.903862000 -0.237731501 -0.803356230 -0.141323641 0.527380586
1403638168895097088.000000 -12.126032829 6.028458118 9.147299767 -0.341544360 -0.765419424 -0.235209316 0.492094696
1403638169095097088.000000 -12.111047745 6.329123497 9.142769814 -0.337863833 -0.760718346 -0.235293984 0.501789331
1403638169695097088.000000 -12.079745293 7.230437279 9.041963577 -0.393504828 -0.705037653 -0.243382037 0.537439525
1403638169895097088.000000 -12.007442474 7.523774147 9.044122696 -0.413578391 -0.695958734 -0.290004194 0.510384083
1403638170095097088.000000 -11.926895142 7.793641567 9.073822021 -0.435925514 -0.668284655 -0.334001273 0.501804590
1403638170495097088.000000 -11.751344681 8.229261398 9.071849823 -0.520861149 -0.612159491 -0.357850254 0.475297511
1403638170895097088.000000 -11.498555183 8.566261292 9.099062920 -0.577939153 -0.551890254 -0.393456906 0.454527557
1403638171595097088.000000 -10.831960678 8.860320091 9.089215279 -0.622322023 -0.490047872 -0.432993084 0.430215627
1403638172045096960.000000 -10.244661331 8.791518211 9.068331718 -0.638018250 -0.454849929 -0.453236967 0.424994856
1403638172245096960.000000 -9.941040039 8.675927162 9.077602386 -0.639858127 -0.454521835 -0.458745420 0.416586220
1403638172645096960.000000 -9.297192574 8.322233200 8.981233597 -0.636093080 -0.451934159 -0.459799349 0.423940778
1403638174345096960.000000 -5.991030693 5.425884247 7.653383732 -0.640239060 -0.502714276 -0.442436695 0.376327306
1403638174545096960.000000 -5.620100975 5.043575287 7.470426559 -0.645315349 -0.507073581 -0.433629483 0.372034818
1403638174745096960.000000 -5.254805565 4.682237625 7.309829235 -0.647973120 -0.516817510 -0.428877771 0.359297097
1403638175045096960.000000 -4.728430748 4.192209721 7.122986317 -0.649034679 -0.521203399 -0.427812248 0.352246761
1403638175395097088.000000 -4.150508881 3.725515604 6.977523327 -0.654719830 -0.525689900 -0.424953073 0.338241011
1403638176295097088.000000 -2.872164249 3.262721300 6.794230938 -0.633092582 -0.530311048 -0.450141132 0.339613080
1403638176745096960.000000 -2.428572416 3.315330029 6.770754814 -0.630590320 -0.527511895 -0.456061512 0.340727299
1403638177145096960.000000 -2.164482594 3.398325920 6.811389923 -0.633290291 -0.528117776 -0.453003794 0.338854969
1403638178845096960.000000 -1.525548339 3.750883102 6.613959789 -0.729046524 -0.370484769 -0.492137194 0.298384547
1403638179295097088.000000 -1.264645934 3.679398537 6.517690182 -0.760524273 -0.348026037 -0.491784602 0.242133737
1403638179695097088.000000 -0.972006679 3.649708509 6.399317265 -0.773013711 -0.276931524 -0.529165089 0.213876098
1403638180145096960.000000 -0.627602577 3.599852800 6.338887215 -0.803116381 -0.207686752 -0.533646226 0.164596215
1403638180845096960.000000 0.009394631 3.536423206 6.250186443 -0.810778320 -0.213742465 -0.525008082 0.146011353
1403638181095097088.000000 0.280365050 3.540150642 6.241949081 -0.808133006 -0.215369716 -0.525265992 0.156947553
1403638181945096960.000000 1.296229839 3.431162119 6.099334240 -0.810603499 -0.100184895 -0.568874657 0.096263848
1403638182395097088.000000 1.797326326 3.248075008 6.139838696 -0.833002150 -0.061521571 -0.544346988 0.077516548
1403638182595097088.000000 2.038995743 3.155966520 6.170353413 -0.835736334 -0.074720867 -0.540689826 0.060133241
1403638182795097088.000000 2.298947096 3.067612648 6.226390839 -0.835274160 -0.081681505 -0.540465653 0.059517048
1403638183445096960.000000 3.210342169 2.831363201 6.299151421 -0.830213606 -0.095585056 -0.546093524 0.058229446
1403638183895097088.000000 3.878907204 2.745873928 6.299309731 -0.815332890 -0.098724097 -0.567928314 0.054252774
1403638184345096960.000000 4.518806934 2.740896702 6.381741524 -0.827256024 -0.095831119 -0.551071167 0.052767500
1403638184545096960.000000 4.804143429 2.762277603 6.399251938 -0.821121037 -0.094693549 -0.560338318 0.053050041
1403638184945096960.000000 5.360804081 2.844198465 6.432803631 -0.817957878 -0.093053959 -0.565261424 0.052588116
1403638185145096960.000000 5.628722191 2.901219130 6.456629276 -0.819093645 -0.093349986 -0.563610256 0.052104227
1403638185345096960.000000 5.890676498 2.969589949 6.483507633 -0.817910254 -0.099208958 -0.564959466 0.044735376
1403638186095097088.000000 6.756449699 3.386111259 6.578759670 -0.813987136 -0.130433455 -0.555355847 0.109507978
1403638186345096960.000000 7.022094727 3.521306515 6.592811108 -0.813391447 -0.141220644 -0.555923641 0.096953243
1403638186595097088.000000 7.281566620 3.655518770 6.635684967 -0.812575221 -0.143146202 -0.557641089 0.090924457
1403638189445096960.000000 8.156343460 5.331421375 7.064705849 -0.734641850 -0.344856232 -0.528609216 0.248893365
1403638190495097088.000000 7.533657551 5.464549541 7.182418823 -0.703356683 -0.393079013 -0.537410378 0.248934463
1403638190745096960.000000 7.364030361 5.527906418 7.149875641 -0.701425135 -0.402225554 -0.527541816 0.260608941
1403638190945096960.000000 7.199770451 5.573518753 7.140367031 -0.706785202 -0.398262054 -0.515279889 0.276276499
1403638191345096960.000000 6.842712402 5.628599167 7.197634697 -0.717243910 -0.401465654 -0.498772919 0.274976671
1403638191745096960.000000 6.489805222 5.684775352 7.248273849 -0.719201028 -0.405743480 -0.498920262 0.263060153
1403638192945096960.000000 5.390336037 6.092425823 7.512841225 -0.688821852 -0.372104973 -0.538680375 0.311265111
1403638193145096960.000000 5.178053379 6.107599735 7.563626766 -0.684979796 -0.370888859 -0.533707738 0.329241782
1403638193745096960.000000 4.516303539 5.878550529 7.822183609 -0.688361287 -0.416175216 -0.506555736 0.310416281
1403638194145096960.000000 4.063183308 5.630464554 7.908358574 -0.693726301 -0.418175250 -0.500300109 0.305897087
1403638196795097088.000000 2.045982122 4.849869251 7.925678730 -0.722180367 -0.426625699 -0.464113563 0.284683496
1403638197595097088.000000 1.868189931 5.146549225 7.987038612 -0.694287121 -0.424428880 -0.504785955 0.288126230
1403638198045096960.000000 1.717370987 5.326891422 8.106439590 -0.684842825 -0.411371768 -0.515939891 0.309143245
1403638198345096960.000000 1.591125965 5.414151192 8.036945343 -0.691984713 -0.415217787 -0.506091774 0.304339379
1403638199095097088.000000 1.074544311 5.563017845 7.792170525 -0.671477556 -0.444391996 -0.531126797 0.263700724
1403638199495097088.000000 0.529959023 5.655873775 7.850121498 -0.669501603 -0.441408783 -0.535488904 0.264910251
1403638199895097088.000000 -0.193685040 5.756123543 7.998009205 -0.675679922 -0.451553673 -0.503044844 0.294111967
1403638200095097088.000000 -0.587475121 5.805998325 8.053009033 -0.671173573 -0.460990369 -0.493685186 0.305432498
1403638200295097088.000000 -0.990692914 5.854275227 8.106679916 -0.644815981 -0.482079446 -0.498559147 0.321326256
1403638200495097088.000000 -1.413480878 5.895709991 8.183085442 -0.620969594 -0.506205738 -0.497104168 0.333226770
1403638200695097088.000000 -1.861427426 5.927376270 8.284607887 -0.600401580 -0.533767343 -0.493119240 0.333831877
1403638201095097088.000000 -2.849886417 5.971628666 8.467826843 -0.602011800 -0.543206811 -0.461508185 0.359886587
1403638201295097088.000000 -3.366721153 5.987804890 8.513933182 -0.606519878 -0.537811577 -0.456913650 0.366227150
1403638201495097088.000000 -3.884204149 5.999690056 8.531780243 -0.607530832 -0.535706341 -0.459614664 0.364251971
1403638201695097088.000000 -4.402434826 6.006787777 8.519932747 -0.607075393 -0.532012165 -0.464343607 0.364427686
1403638201895097088.000000 -4.922040939 6.004779339 8.475967407 -0.608505487 -0.530489802 -0.464360684 0.364240170
1403638202495097088.000000 -6.473236561 5.912686825 8.392605782 -0.610162556 -0.547578812 -0.426259041 0.382311821
1403638202695097088.000000 -6.957934856 5.886973381 8.353549957 -0.613193512 -0.547310233 -0.420756042 0.383939654
1403638202895097088.000000 -7.418701649 5.868212223 8.296310425 -0.611091495 -0.546753109 -0.424858242 0.383567303
1403638203145096960.000000 -7.965873241 5.845410347 8.235288620 -0.610340714 -0.543908238 -0.427378446 0.385999680
1403638203395097088.000000 -8.484192848 5.816112518 8.214573860 -0.605234802 -0.540223062 -0.434262991 0.391491562
1403638203845096960.000000 -9.344825745 5.732102871 8.167063713 -0.607306540 -0.539467275 -0.430584192 0.393384129
1403638204245096960.000000 -10.025552750 5.621667862 8.223166466 -0.614568949 -0.541816890 -0.415686190 0.394898206
1403638204445096960.000000 -10.328020096 5.566201210 8.279786110 -0.630482376 -0.536570668 -0.393537164 0.399640471
1403638204745096960.000000 -10.708804131 5.504144192 8.336568832 -0.620500207 -0.545006990 -0.394173563 0.403204829
1403638204995097088.000000 -10.977613449 5.466406345 8.338500023 -0.571859121 -0.589870036 -0.397051394 0.409121901
1403638205195097088.000000 -11.191179276 5.440621376 8.322061539 -0.517369866 -0.636210322 -0.369667411 0.436933517
1403638205445096960.000000 -11.465534210 5.407124519 8.336861610 -0.431326091 -0.690625131 -0.321442217 0.483393788
1403638205695097088.000000 -11.736079216 5.354112148 8.398139000 -0.357957125 -0.720672905 -0.316836476 0.502107680
1403638205895097088.000000 -11.966775894 5.271814823 8.471844673 -0.325375944 -0.734757781 -0.302469164 0.512614846
1403638206145096960.000000 -12.280749321 5.109011650 8.591526985 -0.286046684 -0.753382325 -0.260480195 0.531735241
1403638206645096960.000000 -12.900367737 4.643319130 8.784540176 -0.245672718 -0.759771764 -0.198860243 0.568195820
1403638207095097088.000000 -13.351093292 4.141578197 8.815173149 -0.223685518 -0.761059046 -0.178425953 0.582166731
1403638207295097088.000000 -13.506129265 3.901661396 8.782763481 -0.215647385 -0.760943770 -0.171723381 0.587343037
1403638207545096960.000000 -13.654283524 3.578143120 8.724213600 -0.181527868 -0.766757905 -0.145792946 0.598226130
1403638207795097088.000000 -13.738370895 3.237190247 8.699645996 -0.160723627 -0.787299216 -0.112907439 0.584448338
1403638208045096960.000000 -13.783869743 2.912430763 8.721064568 -0.156996369 -0.799109757 -0.099911883 0.571658373
1403638208295097088.000000 -13.805472374 2.608810902 8.729615211 -0.157308787 -0.790800750 -0.102920480 0.582490861
1403638208545096960.000000 -13.803649902 2.320503712 8.701754570 -0.154945761 -0.798376560 -0.099171862 0.573368669
1403638208845096960.000000 -13.779209137 1.992632985 8.708383560 -0.129561171 -0.802366018 -0.078267843 0.577318847
1403638209295097088.000000 -13.695941925 1.553449869 8.677870750 -0.114760898 -0.803701639 -0.068125293 0.579872847
1403638209745096960.000000 -13.567178726 1.172732711 8.479811668 -0.117801219 -0.801374912 -0.065993749 0.582722962
1403638209995097088.000000 -13.478227615 0.985949874 8.244067192 -0.112750784 -0.796318531 -0.075443916 0.589467943
1403638210295097088.000000 -13.333466530 0.768768072 7.964636326 -0.112403877 -0.786654234 -0.076478571 0.602238715
1403638210595097088.000000 -13.119446754 0.553114533 7.699936867 -0.113627300 -0.786183655 -0.076686114 0.602597237
1403638210995097088.000000 -12.735043526 0.272389114 7.342332840 -0.118639037 -0.791020215 -0.070832603 0.595982075
1403638211295097088.000000 -12.390215874 0.080160990 7.152565002 -0.121439032 -0.797985375 -0.066790141 0.586524487
1403638211545096960.000000 -12.088212013 -0.055189855 7.014810085 -0.144047618 -0.795619607 -0.080618210 0.582872629
1403638211795097088.000000 -11.765994072 -0.169662610 6.845156193 -0.197375029 -0.783963740 -0.105100363 0.579135478
1403638212045096960.000000 -11.424732208 -0.254219949 6.687781334 -0.259032547 -0.768106043 -0.137463868 0.569226682
1403638212295097088.000000 -11.062922478 -0.305847347 6.581565380 -0.306935042 -0.750478745 -0.182143703 0.556234062
1403638212545096960.000000 -10.680573463 -0.342064708 6.526724339 -0.355537474 -0.729074359 -0.220039740 0.541872859
1403638212795097088.000000 -10.278248787 -0.370905459 6.517960548 -0.405115336 -0.705002904 -0.256051034 0.522771955
1403638213095097088.000000 -9.772154808 -0.398506314 6.554033756 -0.471474588 -0.666277349 -0.298466980 0.494675249
1403638213395097088.000000 -9.245997429 -0.410301924 6.581246376 -0.554206371 -0.621299565 -0.312579840 0.457313895
1403638213595097088.000000 -8.873085976 -0.391841650 6.573093891 -0.593129456 -0.586833000 -0.332301378 0.439773083
1403638213845096960.000000 -8.379138947 -0.339790791 6.574478626 -0.586339355 -0.569283426 -0.388374418 0.425779194
1403638214095097088.000000 -7.885001659 -0.284552902 6.607244968 -0.588834822 -0.574401200 -0.391077965 0.412789077
1403638214395097088.000000 -7.311025620 -0.206353664 6.661789417 -0.592966259 -0.592152059 -0.372220248 0.398997635
1403638215345096960.000000 -5.629214764 0.156981722 6.534469128 -0.559810102 -0.594492495 -0.392728359 0.423031598
1403638218295097088.000000 -2.732095242 0.158218279 6.227875710 -0.596958399 -0.547427952 -0.454396546 0.370792478
1403638220845096960.000000 -2.802164078 -0.860920012 6.263801575 -0.630592763 -0.520092070 -0.447012991 0.363368154
1403638221095097088.000000 -2.807833195 -0.991653144 6.236505508 -0.633906305 -0.519114792 -0.445108086 0.361332804
1403638221545096960.000000 -2.838719368 -1.210009933 6.216436386 -0.642227232 -0.516586542 -0.435896397 0.361492515
1403638222045096960.000000 -2.858407497 -1.418042064 6.201319218 -0.635518432 -0.514909267 -0.444994509 0.364643186
1403638222395097088.000000 -2.871134520 -1.551374435 6.215528488 -0.643989205 -0.522720635 -0.433522791 0.352277011
1403638222895097088.000000 -2.889487982 -1.671602726 6.158794403 -0.632850289 -0.513203144 -0.448898643 0.366896540
1403638223195097088.000000 -2.908388138 -1.743338823 6.123884678 -0.639197052 -0.517076135 -0.439592719 0.361687183
1403638223495097088.000000 -2.926420927 -1.815149903 6.108754635 -0.649740040 -0.507934272 -0.424734086 0.373418808
1403638223795097088.000000 -2.912587404 -1.873852730 6.078516006 -0.638889551 -0.516090155 -0.441456258 0.361368865
1403638224145096960.000000 -2.897729158 -1.934144855 6.026477337 -0.640489340 -0.526106179 -0.438265353 0.347720087
1403638224445096960.000000 -2.904614687 -1.955280781 5.984992981 -0.640082181 -0.516758680 -0.439507067 0.360678315
1403638224745096960.000000 -2.918814898 -1.964636922 5.946383476 -0.643181980 -0.521100163 -0.434787989 0.354585588
1403638225045096960.000000 -2.936510801 -1.959036469 5.938173294 -0.641652882 -0.507514119 -0.435423166 0.375656396
1403638225345096960.000000 -2.937946558 -1.950845957 5.949987411 -0.640854001 -0.521594882 -0.434662193 0.358209044
1403638225595097088.000000 -2.938311100 -1.936120629 5.944148064 -0.624049127 -0.510320842 -0.458386004 0.374189287
1403638225845096960.000000 -2.947762251 -1.940302372 5.884585381 -0.629868746 -0.516898990 -0.450022757 0.365459263
1403638226095097088.000000 -2.970104933 -1.942908764 5.827035904 -0.651606619 -0.520595312 -0.414996147 0.363548547
1403638226395097088.000000 -2.986705542 -1.926294565 5.827012539 -0.641994596 -0.532298982 -0.427336097 0.349119782
1403638226895097088.000000 -2.980383158 -1.918551087 5.852468967 -0.643193781 -0.531093001 -0.427181542 0.348938227
1403638227395097088.000000 -2.978279591 -1.914545774 5.867139339 -0.643722355 -0.531079113 -0.426442951 0.348888308
1403638227895097088.000000 -2.979195595 -1.909803510 5.872955322 -0.644213378 -0.531013191 -0.425777316 0.348895222
1403638228395097088.000000 -2.982576609 -1.900169611 5.870803833 -0.644578218 -0.530889630 -0.425433844 0.348828346
