#Stereo rect[ms], MP culling[ms], MP creation[ms], LBA[ms], KF culling[ms], Total[ms]
9.047771,0.041792,0.472231,0.013952,0.013952,9.587618
9.321983,0.117890,0.872172,0.004576,0.004576,10.320813
9.519778,0.154882,1.510100,0.211043,0.211043,20.801723
9.938279,0.165250,2.379393,0.337541,0.337541,25.781087
10.183275,0.163202,3.197260,0.457798,0.457798,30.752035
10.492366,0.157219,19.747245,0.628425,0.628425,67.133970
11.339515,0.300644,24.480077,0.734826,0.734826,72.655518
12.411753,0.439654,27.668281,0.843339,0.843339,84.854883
12.740174,0.468870,30.125883,0.522887,0.522887,90.996888
13.399959,0.390821,32.211863,65.289465,65.289465,163.574580
14.174753,0.328997,35.676582,0.917324,0.917324,95.990300
15.327600,0.243076,39.428921,1.091119,1.091119,119.431802
16.398271,0.469031,40.113730,1.285074,1.285074,118.205386
16.635170,0.290660,37.294620,1.399411,1.399411,118.439373
16.512609,0.372773,38.053831,1.519477,1.519477,118.794130
18.757024,0.413829,42.551364,1.648951,1.648951,138.435582
20.116050,0.233475,43.011210,1.861081,1.861081,137.035658
20.872605,0.299780,39.427129,2.126397,2.126397,138.999397
21.224833,0.319236,37.699234,2.026332,2.026332,143.094461
20.126322,0.328389,37.774210,2.621092,2.621092,147.480185
16.230205,0.200131,32.449466,2.704549,2.704549,141.409862
18.760608,0.299556,40.451175,4.283834,4.283834,166.554300
12.121861,0.121122,28.855497,4.086967,4.086967,140.844158
13.478040,0.198755,34.077712,4.226073,4.226073,148.913292
24.037799,0.445734,49.582467,4.327515,4.327515,187.034963
20.215539,0.426854,44.783170,4.124824,4.124824,167.570506
23.716131,0.392421,57.738963,3.899477,3.899477,368.430393
15.037005,0.312868,37.749058,3.788211,3.788211,154.723675
24.522414,0.520935,61.626151,4.266586,4.266586,200.176102
24.387052,0.471750,67.646361,3.924885,3.924885,243.856248
23.490399,0.492327,57.427566,3.311565,3.311565,191.303053
17.355404,0.360773,47.193954,3.576817,3.576817,190.496866
16.419231,0.334917,36.975959,3.717971,3.717971,188.876204
18.504668,0.305604,41.303698,5.260616,5.260616,192.992580
26.810253,0.325316,52.883216,4.283546,4.283546,217.769525
15.939321,0.261540,37.359548,5.111718,5.111718,190.330688
18.279512,0.279428,39.545211,3.915861,3.915861,189.826680
13.788156,0.305764,32.544955,6.794812,6.794812,195.451109
13.348758,0.256484,31.318794,5.357353,5.357353,172.361739
17.793234,0.256612,37.989925,6.671483,6.671483,192.271066
13.597082,0.173122,30.619169,3.852405,3.852405,133.453530
16.929639,0.170370,46.127156,5.530379,5.530379,199.869314
17.645521,0.129985,47.330885,5.925841,5.925841,190.181630
9.721572,0.050945,0.585800,0.005696,0.005696,10.367981
9.779461,0.128162,0.939981,0.004288,0.004288,10.856052
9.869542,0.131298,1.282417,0.243619,0.243619,23.003289
10.196971,0.136385,1.825369,0.511367,0.511367,22.243823
10.430158,0.027808,2.237534,0.752810,0.752810,24.739760
10.518799,0.038112,2.782406,0.849611,0.849611,27.511382
10.931988,0.035777,3.073130,0.884460,0.884460,40.809163
11.143736,0.031968,3.547408,0.932268,0.932268,33.378054
11.487549,0.039232,3.821204,1.084687,1.084687,36.455537
11.692383,0.022432,4.698016,50.397775,50.397775,88.912027
12.222502,0.037441,4.872066,1.440532,1.440532,52.658253
9.194813,0.047233,0.569447,0.004897,0.004897,9.820518
9.657828,0.137121,1.105071,0.005152,0.005152,10.910133
9.792294,0.173250,1.400723,0.333668,0.333668,23.883110
10.198923,0.138882,1.775480,0.651305,0.651305,28.276225
10.324333,0.040256,1.948891,0.674473,0.674473,26.702540
10.695922,0.030976,2.562019,0.798539,0.798539,28.787176
10.885045,0.029312,2.793542,0.857227,0.857227,40.544040
10.975222,0.025568,3.517264,1.007853,1.007853,32.985121
11.381563,0.028160,3.898517,1.161264,1.161264,38.768368
11.651646,0.032929,4.522301,74.302612,74.302612,112.288057
11.907938,0.043009,5.039972,1.361682,1.361682,52.049348
9.167197,0.048033,0.557351,0.005344,0.005344,9.782885
9.711940,0.151458,1.421267,0.004576,0.004576,11.293593
10.188267,0.300964,5.927920,0.291620,0.291620,35.687910
10.666225,0.420710,11.458300,0.917677,0.917677,63.906758
11.417596,0.445702,12.059588,1.073903,1.073903,59.111781
12.082532,0.419718,18.759903,1.122800,1.122800,76.172781
12.823630,0.546312,25.381881,1.478933,1.478933,90.578065
14.093536,0.521415,28.608390,1.500629,1.500629,99.868208
14.814314,0.461318,33.327238,1.733527,1.733527,126.584251
16.224317,0.469446,37.488606,58.229561,58.229561,180.654075
16.468992,0.366757,41.197264,1.734424,1.734424,130.809492
17.577968,0.383525,41.204881,1.838553,1.838553,134.366981
18.451163,0.522503,46.381688,2.111613,2.111613,137.415919
19.139493,0.396165,42.543043,2.189566,2.189566,138.827554
13.243893,0.363749,35.740006,2.340096,2.340096,130.569202
13.284724,0.348133,33.347302,2.542115,2.542115,131.395516
12.962960,0.352773,30.439678,2.790662,2.790662,132.730606
19.768589,0.517383,47.842251,3.100906,3.100906,187.306197
19.761677,0.559656,51.636703,2.975752,2.975752,194.146099
19.847022,0.549095,49.238174,3.651409,3.651409,187.261940
20.152466,0.582568,51.432476,3.849748,3.849748,198.053256
21.003006,0.495175,54.461317,5.322920,5.322920,205.719568
16.516193,0.462247,42.773286,4.807073,4.807073,194.748251
14.780201,0.455750,39.809950,5.269352,5.269352,440.690926
8.923929,0.399590,23.629761,5.493706,5.493706,153.092867
15.093517,0.575208,39.867583,4.662496,4.662496,184.550064
11.164984,0.480518,31.938387,5.414346,5.414346,163.264430
7.971500,0.320485,21.119295,5.363945,5.363945,144.527631
9.591458,0.366053,23.886213,5.276455,5.276455,160.203332
14.830378,0.551688,36.860341,3.467760,3.467760,171.584064
8.420467,0.259299,20.037265,4.911619,4.911619,150.733316
8.384978,0.318661,19.863694,3.774515,3.774515,151.350892
8.873817,0.336485,20.681049,6.081490,6.081490,161.270803
13.989406,0.496263,26.613866,7.235139,7.235139,177.596561
7.948269,0.270307,19.401032,5.089734,5.089734,155.051295
8.570996,0.316421,21.390339,7.013247,7.013247,167.422022
7.817226,0.338341,19.197701,6.384631,6.384631,164.962117
7.907724,0.314404,20.109490,4.605535,4.605535,161.803194
7.986573,0.316132,20.541912,5.025028,5.025028,168.912571
7.600743,0.306405,19.219109,3.949718,3.949718,163.488305
7.581607,0.309892,19.720109,5.083429,5.083429,196.131853
9.411776,0.461543,25.023764,3.440495,3.440495,201.870972
9.158620,0.392870,26.700523,3.489903,3.489903,196.232814
10.201611,0.409317,26.191877,3.831573,3.831573,199.901441
10.164747,0.400133,27.323924,5.711406,5.711406,188.070176
15.245263,0.442278,37.970373,4.855842,4.855842,212.787952
11.284634,0.341220,29.529586,4.923491,4.923491,206.011732
10.584720,0.330405,26.513065,5.261511,5.261511,193.622539
15.101198,0.413509,38.830417,4.086968,4.086968,213.290199
9.962503,0.335333,28.225824,4.034839,4.034839,202.266848
10.796787,0.380005,27.488822,5.868048,5.868048,199.987554
10.123337,0.388422,26.664907,6.158548,6.158548,207.098402
17.219370,0.526343,49.416481,7.645224,7.645224,236.589268
17.038184,0.604872,52.940689,7.518598,7.518598,263.841191
13.065617,0.414566,34.863707,7.744553,7.744553,207.684682
8.983451,0.361572,23.610882,5.031269,5.031269,199.310393
10.456270,0.397669,28.494340,8.614070,8.614070,203.182189
9.251101,0.389574,26.241893,4.307163,4.307163,184.693137
12.519627,0.542375,33.398663,4.409724,4.409724,198.271723
12.143941,0.512039,31.553677,4.951556,4.951556,207.941998
11.616798,0.480646,30.615489,6.465592,6.465592,195.796296
11.169432,0.477030,31.066791,6.349591,6.349591,195.542725
10.950709,0.439846,29.577811,3.778388,3.778388,192.801856
9.199773,0.395366,25.541019,5.360745,5.360745,191.226986
9.662788,0.422821,26.419336,10.094761,10.094761,191.050280
9.447649,0.444070,26.387943,3.605105,3.605105,191.320140
10.223371,0.388517,29.209070,3.949462,3.949462,193.326407
11.168920,0.473383,33.073122,4.792353,4.792353,188.100960
10.283980,0.379237,27.991229,7.325956,7.325956,187.912797
12.007428,0.460870,32.257911,8.913977,8.913977,191.032840
11.522685,0.430950,30.837284,5.987890,5.987890,201.668505
19.941871,0.562792,55.368241,5.809135,5.809135,229.957497
14.504581,0.503527,42.256767,7.069952,7.069952,207.299525
11.719168,0.422214,30.558719,5.660749,5.660749,725.977175
17.176074,1.007373,56.019611,6.358327,6.358327,232.511420
17.650609,0.799851,52.019331,5.311880,5.311880,234.093170
12.058180,0.639273,41.734936,5.762094,5.762094,208.872346
9.020027,0.515463,25.199702,6.489176,6.489176,199.047092
10.408622,0.597256,30.931525,7.921388,7.921388,198.506285
10.444654,0.579176,26.717644,8.414354,8.414354,194.050449
8.311921,0.529607,22.579155,6.867966,6.867966,191.536174
9.198365,0.566632,26.698347,7.812490,7.812490,194.542455
8.544916,0.628457,23.396414,9.628419,9.628419,197.689826
8.184943,0.610377,23.105754,12.668429,12.668429,197.092794
8.693398,0.618056,27.388757,9.235838,9.235838,196.314095
8.257232,0.636617,24.692496,10.267819,10.267819,197.533695
8.386034,0.566855,24.874675,10.145674,10.145674,197.482399
9.913511,0.706346,35.040188,8.373842,8.373842,211.657696
8.036238,0.551975,24.879123,12.702381,12.702381,198.222410
8.187664,0.545159,26.241637,12.403145,12.403145,198.154761
8.231408,0.545287,26.931279,9.618275,9.618275,197.184923
8.312945,0.527367,25.350457,11.500028,11.500028,199.741245
8.089614,0.566120,26.532457,6.961118,6.961118,199.291128
8.583732,0.576808,27.189586,12.133381,12.133381,202.022204
8.494708,0.569544,24.646895,9.068924,9.068924,201.411605
7.728265,0.515175,24.028551,8.318545,8.318545,207.415270
8.543701,0.631912,26.201125,11.140152,11.140152,201.988189
7.736137,0.600776,25.082966,18.319449,18.319449,212.127174
7.624648,0.560136,24.638767,10.151178,10.151178,206.109300
7.897420,0.479174,27.027248,11.550781,11.550781,206.860959
7.890667,0.525191,25.671101,9.765157,9.765157,207.381509
8.333490,0.517863,27.565175,10.534095,10.534095,207.124386
7.932108,0.490982,25.696382,11.730048,11.730048,208.761368
7.931692,0.518567,25.863456,9.866982,9.866982,199.748830
7.960717,0.487494,25.853792,10.690738,10.690738,206.130069
7.862379,0.515399,24.739920,10.125258,10.125258,202.007804
8.801944,0.485958,27.017040,7.685353,7.685353,196.813302
8.802168,0.576903,26.546826,12.227494,12.227494,203.782644
8.495700,0.597064,24.982708,10.764914,10.764914,201.313331
8.859129,0.589064,25.227383,7.045216,7.045216,201.873595
9.040155,0.643561,29.077483,10.708913,10.708913,204.576415
15.031628,0.807275,45.570156,9.027419,9.027419,228.980683
10.738290,0.705674,40.105633,10.284268,10.284268,223.682851
11.019734,0.714730,33.666218,9.742948,9.742948,210.890613
7.659880,0.584648,24.382284,8.914938,8.914938,208.152048
8.550548,0.646121,29.256046,9.171037,9.171037,202.371905
8.914649,0.602568,28.243616,9.120252,9.120252,202.107261
8.616597,0.491143,26.682667,5.965137,5.965137,204.771298
9.150652,0.547463,28.037246,8.171663,8.171663,197.617952
8.631606,0.431590,27.356660,10.718866,10.718866,200.875085
8.128463,0.423013,25.846944,8.337393,8.337393,200.008193
7.760106,0.528519,26.223301,9.454593,9.454593,197.214971
8.204080,0.437030,28.544548,5.635788,5.635788,107.635192
6.751740,0.231331,22.665877,10.133450,10.133450,179.457034
8.651765,0.621417,30.990790,9.141149,9.141149,198.611726
8.252400,0.606056,30.266972,7.876171,7.876171,183.722499
10.133290,0.575240,36.379343,8.174991,8.174991,201.472405
8.943034,0.496135,33.651882,8.124238,8.124238,200.231141
8.372690,0.553383,31.212073,4.761697,4.761697,177.962485
12.896943,0.851500,52.768974,4.826305,4.826305,215.701398
9.130653,0.798474,39.062292,7.751722,7.751722,195.423555
13.259637,1.075278,54.409988,7.551719,7.551719,219.137797
13.489623,0.723018,40.601448,8.606101,8.606101,206.025330
14.020575,1.118351,56.216861,7.047808,7.047808,218.449724
14.098207,0.763307,58.142583,8.483475,8.483475,219.867503
13.752795,0.603784,38.786032,7.428133,7.428133,204.136441
15.060877,0.748682,60.252852,9.743749,9.743749,226.539594
14.843722,0.771179,52.760173,10.200683,10.200683,218.549085
10.363789,0.542855,32.192470,9.608899,9.608899,193.154275
9.845062,0.522055,30.746114,10.154123,10.154123,197.490783
9.917063,0.635209,31.369611,8.163087,8.163087,199.082293
14.901099,0.699145,50.112106,8.425522,8.425522,219.326055
9.591843,0.681193,32.777502,9.860167,9.860167,200.872813
9.122844,0.604712,30.351933,6.038962,6.038962,199.598587
9.785509,0.657865,28.193887,8.345009,8.345009,198.874513
8.242160,0.509639,25.690014,7.519047,7.519047,179.644460
14.216769,0.752970,47.532967,5.389321,5.389321,219.481705
14.640103,0.806987,49.531938,7.145921,7.145921,221.370979
14.738792,0.723306,50.374765,9.945928,9.945928,221.567718
12.609004,0.580007,33.454023,5.443402,5.443402,203.259725
14.363331,0.781163,45.309640,5.577708,5.577708,209.308447
10.439822,0.671881,35.352513,5.748590,5.748590,198.637486
10.163978,0.642729,30.655329,10.455598,10.455598,197.443773
9.062395,0.551591,26.502761,8.686902,8.686902,197.336188
8.677878,0.527367,24.670223,8.774584,8.774584,200.332901
15.303281,0.816587,41.398259,3.821556,3.821556,214.551047
10.375757,0.755690,29.672980,4.889539,4.889539,196.678899
10.154443,0.652584,30.351837,6.883389,6.883389,201.063183
9.720708,0.604840,28.509124,5.508043,5.508043,198.530060
8.097038,0.550504,25.221015,5.047653,5.047653,191.307562
10.320653,0.641001,37.403580,6.849437,6.849437,217.020072
9.544194,0.514759,36.054058,5.342056,5.342056,213.769243
8.350609,0.543592,26.744524,5.793103,5.793103,199.462905
8.979515,0.493030,26.139428,5.712878,5.712878,218.396475
12.067972,0.559528,39.183861,5.542827,5.542827,226.032066
8.338417,0.464391,28.857416,7.686889,7.686889,207.961197
8.523252,0.395301,28.264064,5.782287,5.782287,205.961969
8.537172,0.407654,27.770393,5.607084,5.607084,208.764471
8.604245,0.328868,29.867286,5.905617,5.905617,215.050381
8.894073,0.383109,33.998542,7.680553,7.680553,223.580449
10.528783,0.349285,40.835947,6.222133,6.222133,230.518975
10.600208,0.342341,43.948533,6.824957,6.824957,237.261499
10.100041,0.376774,37.446941,6.428247,6.428247,238.993875
10.676433,0.338852,39.020819,6.360471,6.360471,228.762727
11.330778,0.366021,48.040333,6.153107,6.153107,234.747672
13.388854,0.386341,45.188166,5.604300,5.604300,235.097085
11.509629,0.394149,46.389175,8.145455,8.145455,237.149850
10.613456,0.354853,42.988873,6.416087,6.416087,225.594684
7.737482,0.255939,31.092519,6.387799,6.387799,209.501698
7.951949,0.279939,30.883012,8.845593,8.845593,214.200642
16.734339,0.442886,56.045499,6.021906,6.021906,252.059300
9.548354,0.358661,40.044065,8.378642,8.378642,222.502322
8.141359,0.275524,36.378223,8.580564,8.580564,218.520284
14.584326,0.463622,45.815472,7.918763,7.918763,238.576716
11.297370,0.359973,39.618362,6.299093,6.299093,228.558692
13.578104,0.373478,43.850644,7.672520,7.672520,231.670798
11.622558,0.350917,42.660612,8.606901,8.606901,229.806549
11.219832,0.394086,36.518256,10.495118,10.495118,225.069780
5.774319,0.241123,19.841390,7.303300,7.303300,192.101493
13.384662,0.311716,47.416805,7.487077,7.487077,235.771014
16.825605,0.302980,63.926789,7.809067,7.809067,265.722110
11.949218,0.301349,40.949772,9.017371,9.017371,220.472246
7.203394,0.286756,23.078361,8.303569,8.303569,204.605182
9.379423,0.268324,30.116698,8.297072,8.297072,203.964053
7.597959,0.262148,23.009401,8.166863,8.166863,189.808789
11.712447,0.296965,32.712028,8.408627,8.408627,206.305078
8.010957,0.231299,24.323082,12.661068,12.661068,205.992625
8.495668,0.246915,24.828210,8.816888,8.816888,186.115779
9.883910,0.277444,30.813635,10.574960,10.574960,210.733522
8.980346,0.263716,27.119024,11.090583,11.090583,186.385703
12.749134,0.279875,33.318629,8.095726,8.095726,206.754620
11.065430,0.256004,29.809077,10.541391,10.541391,189.003658
11.496764,0.344581,39.112148,13.011281,13.011281,207.333635
7.939660,0.423686,24.408652,11.032342,11.032342,182.396048
9.090524,0.480262,30.838372,10.940917,10.940917,185.514651
8.519444,0.446086,27.121169,13.270357,13.270357,191.898194
9.431041,0.417253,30.066777,13.072434,13.072434,194.599255
9.427809,0.362181,28.563812,11.538397,11.538397,192.472538
10.734770,0.435430,34.527957,13.641465,13.641465,206.229748
10.851828,0.470854,31.744112,13.144915,13.144915,197.630944
9.832933,0.362117,28.477316,11.640159,11.640159,183.617601
13.227860,0.495111,38.557324,13.556408,13.556408,204.487965
9.099100,0.365349,24.884082,11.506941,11.506941,176.302430
14.015679,0.415333,37.162938,14.372420,14.372420,201.482356
9.875943,0.382021,27.424277,14.497765,14.497765,202.268063
20.541815,0.521288,47.528102,16.448160,16.448160,223.978470
20.388917,0.534951,52.585739,10.041000,10.041000,224.581869
20.927549,0.549320,56.130075,12.594987,12.594987,246.321750
12.792206,0.449158,37.618848,10.596912,10.596912,203.670386
10.824147,0.442278,29.669684,15.519283,15.519283,195.873767
22.196974,0.557096,55.548915,14.997867,14.997867,236.376847
22.688244,0.556200,51.838913,11.217625,11.217625,232.118356
23.566401,0.499143,52.082884,13.746395,13.746395,220.692345
23.416862,0.470438,51.976067,14.234626,14.234626,223.218811
12.497962,0.395877,33.434055,14.084576,14.084576,194.434868
24.880178,0.463750,57.022984,15.003148,15.003148,240.781098
24.606927,0.545671,61.807881,17.595439,17.595439,257.488557
14.132960,0.364357,35.386497,12.345608,12.345608,201.706519
12.201574,0.357957,31.118375,17.031079,17.031079,213.434742
12.437194,0.335236,31.094727,18.796608,18.796608,203.890101
11.324122,0.355557,28.889609,13.596761,13.596761,206.585273
11.139384,0.420933,30.862436,12.166310,12.166310,208.168975
10.894036,0.420070,28.470915,15.962169,15.962169,210.295883
10.173163,0.488166,26.281478,16.868037,16.868037,207.536006
9.303359,0.426789,25.325849,18.651838,18.651838,195.263647
11.166999,0.571176,34.535254,16.941414,16.941414,207.078239
9.236062,0.490662,29.374384,18.972482,18.972482,204.388155
8.810359,0.496999,29.101868,16.390335,16.390335,208.010732
8.644950,0.429894,36.336558,12.798062,12.798062,204.895906
8.089614,0.456263,35.900808,18.212376,18.212376,211.908386
8.228080,0.473702,37.668480,16.318046,16.318046,211.612861
8.525524,0.563400,36.073130,21.319810,21.319810,211.963778
8.470163,0.489767,37.548830,13.204564,13.204564,212.625739
8.621941,0.508263,37.789666,18.616125,18.616125,216.115642
8.949562,0.472038,36.776372,18.417402,18.417402,218.091669
8.868120,0.483975,35.295840,17.384492,17.384492,216.338013
9.053755,0.454055,36.281005,16.922598,16.922598,212.017475
9.063420,0.556839,35.873192,20.520663,20.520663,221.141823
13.834908,0.653449,49.063355,12.563243,12.563243,228.552516
10.426893,0.509799,38.963858,19.612874,19.612874,221.668485
9.830150,0.431750,39.017618,13.205044,13.205044,215.582835
8.781879,0.404102,33.154274,15.867800,15.867800,206.555512
9.476705,0.430886,34.292658,16.421759,16.421759,211.835360
9.159901,0.438950,34.303250,13.368598,13.368598,213.816251
9.411104,0.465446,32.421561,19.926511,19.926511,221.453379
18.002197,0.592904,59.465929,17.944820,17.944820,263.366621
9.670500,0.460742,34.706616,13.013745,13.013745,224.186184
9.532834,0.477446,32.534331,17.137129,17.137129,223.417726
12.633484,0.582280,42.789701,17.185802,17.185802,240.580807
15.551476,0.668393,47.809322,18.142103,18.142103,176.220668
18.946913,0.725386,61.525317,17.074920,17.074920,277.096695
10.585584,0.516999,35.521155,21.009117,21.009117,240.626695
12.386376,0.626537,42.925255,18.174039,18.174039,249.101274
11.424347,0.627561,40.187554,13.968990,13.968990,245.237062
10.317709,0.571559,37.528062,17.653392,17.653392,238.734894
8.495827,0.554216,31.624046,12.428713,12.428713,225.548250
8.686102,0.627560,30.078009,16.500992,16.500992,230.299866
11.416891,0.736906,40.471014,19.482601,19.482601,251.230327
14.582567,0.860907,48.729399,16.764580,16.764580,268.883592
9.799461,0.632649,34.177968,13.139091,13.139091,250.907891
13.256692,0.714697,44.097144,21.401475,21.401475,289.270012
10.598416,0.654697,37.608223,18.353113,18.353113,255.538705
20.580983,0.759851,62.796629,11.691166,11.691166,295.344143
20.634585,0.866059,70.490335,14.289314,14.289314,307.635318
14.289410,0.742026,56.665090,16.249213,16.249213,294.795687
10.196875,0.432518,38.303016,18.982306,18.982306,253.088208
21.271841,0.610505,63.243899,14.642759,14.642759,294.525316
17.209258,0.634728,54.999500,18.441787,18.441787,284.738814
22.023435,0.749706,70.800867,18.149687,18.149687,313.980908
13.831004,0.472807,43.640593,19.721932,19.721932,276.664113
11.172248,0.363621,35.237279,19.196741,19.196741,280.010494
11.151608,0.424357,33.066434,19.565514,19.565514,271.105477
11.203224,0.463143,40.312164,21.855081,21.855081,265.476217
13.756123,0.521960,46.765755,23.537760,23.537760,293.775322
10.917429,0.384261,35.023644,22.192942,22.192942,263.755170
11.301721,0.424550,38.265064,27.831098,27.831098,282.538112
12.336647,0.530856,45.261895,25.161558,25.161558,282.932101
10.706449,0.652553,45.524139,17.965140,17.965140,206.460438
10.034184,0.663689,40.776619,24.106504,24.106504,278.595179
9.095131,0.658345,33.351653,23.315101,23.315101,258.616027
10.451470,0.559496,40.209955,22.283951,22.283951,283.367692
14.398339,0.650057,49.701412,19.248229,19.248229,283.378507
19.168772,0.751211,64.421867,16.143483,16.143483,308.499745
12.625612,0.608840,43.316301,18.675293,18.675293,284.611580
14.870474,0.428934,46.349174,22.783702,22.783702,290.425515
12.171046,0.374341,43.657169,25.142838,25.142838,292.381126
22.335888,0.500998,62.968184,22.807510,22.807510,319.113329
14.098240,0.354117,41.987579,21.184960,21.184960,302.516048
18.966722,0.363813,59.849773,20.462646,20.462646,327.070077
17.225002,0.398693,46.467128,18.059158,18.059158,307.999450
16.446400,0.378149,44.955139,16.118971,16.118971,314.093165
12.871311,0.281604,37.021463,25.178838,25.178838,315.315805
12.853775,0.299908,38.005413,24.710896,24.710896,316.164009
13.583865,0.309476,41.394642,16.411775,16.411775,316.190313
13.968509,0.317701,41.109230,21.024094,21.024094,318.455112
14.571110,0.246052,40.773834,26.984847,26.984847,315.035354
29.192589,0.351045,67.212625,20.112689,20.112689,343.648062
31.528428,0.408742,71.042533,17.972820,17.972820,346.651783
33.275908,0.428550,75.421729,21.326786,21.326786,355.334045
20.817659,0.287140,52.609003,18.622493,18.622493,311.970832
16.113691,0.256196,39.348534,24.813074,24.813074,312.841596
17.258475,0.302884,39.956127,28.038621,28.038621,315.057978
17.651888,0.243108,40.117153,22.052747,22.052747,310.594429
17.758770,0.272003,42.030107,24.791249,24.791249,309.368237
38.219976,0.392453,77.900899,22.763317,22.763317,390.934689
23.507583,0.270628,62.176909,32.207670,32.207670,339.000287
26.131523,0.322053,55.631828,21.387970,21.387970,326.576534
25.942305,0.341796,60.631896,32.346039,32.346039,343.079766
28.847016,0.354053,50.303051,26.942158,26.942158,326.469428
24.167048,0.341701,45.808271,29.884662,29.884662,315.312317
23.736738,0.754571,49.803525,26.780267,26.780267,336.485180
17.739761,0.333924,43.784979,31.682030,31.682030,307.490130
16.496736,0.384357,37.587775,26.716491,26.716491,293.541493
19.174276,0.378981,42.030875,28.264928,28.264928,297.347400
17.192042,0.306436,36.586257,30.345149,30.345149,285.292069
22.659316,0.309764,44.441436,28.183487,28.183487,296.395388
15.281616,0.237763,33.496264,26.689034,26.689034,276.093416
14.283266,0.272548,30.246491,27.800602,27.800602,273.716519
10.372461,0.267300,23.772131,25.134645,25.134645,161.115053
9.294462,0.113538,23.075578,24.444204,24.444204,148.518594
10.506863,0.149890,23.927077,22.726357,22.726357,175.743796
19.971215,0.258724,45.522250,27.865499,27.865499,273.268833
19.697451,0.137986,42.893607,22.093868,22.093868,275.718242
19.925135,0.150786,48.525587,25.843071,25.843071,271.808141
20.125617,0.153890,41.574517,24.555118,24.555118,248.608210
