1413393889605760512.000000 -0.017469697 0.144948393 -0.100456685 -0.594757140 -0.563385010 -0.406467944 0.404530764
1413393892405760512.000000 -0.685252190 -0.703222573 0.319768041 -0.597555518 -0.564716458 -0.416642159 0.387855828
1413393893405760512.000000 -1.121876597 -1.420922756 0.262187004 -0.633208990 -0.587586224 -0.364888728 0.347339869
1413393893705760512.000000 -1.241935372 -1.240402341 0.307745218 -0.640513122 -0.571905613 -0.353801101 0.370798886
1413393895055760384.000000 -1.097101808 0.427900761 0.341542542 -0.592435658 -0.547038078 -0.419400066 0.416980684
1413393895255760384.000000 -1.023909807 0.677011609 0.325694770 -0.591859102 -0.551681161 -0.417983234 0.413086802
1413393895605760512.000000 -0.894046545 1.067361116 0.262669951 -0.594836473 -0.541282952 -0.427339047 0.412993610
1413393898505760512.000000 0.242468178 2.269116402 0.446727276 -0.721286356 -0.022792660 -0.689859390 0.057624031
1413393900955760384.000000 -0.206032753 2.075124025 0.551991165 -0.740072250 -0.017102679 -0.670964599 0.042509843
1413393903855760384.000000 1.284689426 2.520673037 0.656318665 0.788734853 -0.137376398 0.598524809 0.028162915
1413393904305760512.000000 1.560778975 2.530167103 0.633029699 0.795232356 -0.165293932 0.580978334 0.052417986
1413393906905760512.000000 2.521040916 1.439164758 0.386702418 0.553980231 -0.569820166 0.468659729 0.385705680
1413393909855760384.000000 2.575655222 2.078179598 -0.151809573 0.581329465 -0.606973827 0.357794076 0.406967252
1413393910155760384.000000 2.627238274 2.154409170 -0.277717054 0.581465840 -0.631293416 0.333894879 0.389718354
1413393910655760384.000000 2.743128061 1.899357080 -0.273655623 0.568550169 -0.661433697 0.342662811 0.349053711
1413393910905760512.000000 2.752623320 1.596300960 -0.301976204 0.567011774 -0.632139742 0.377691090 0.369115829
1413393911955760384.000000 2.674716711 0.288127810 -0.434955716 0.572069168 -0.585594773 0.411259353 0.400850922
1413393912205760512.000000 2.678305864 0.067032717 -0.300841689 0.579258800 -0.638434470 0.379549652 0.335861206
1413393912655760384.000000 2.563596487 -0.564772844 -0.013464309 0.552154362 -0.613759577 0.411102295 0.386548400
1413393914105760512.000000 1.463541389 -1.972889543 0.066727132 0.216783583 -0.740091681 0.243463784 0.588213027
1413393914355760384.000000 1.236551523 -1.895898581 0.118731759 0.169795126 -0.779296517 0.138883829 0.587007582
1413393914655760384.000000 1.016996861 -1.779215455 0.200107247 0.076816380 -0.805679262 0.086928695 0.580881834
1413393917555760384.000000 -0.904232025 -1.652578115 0.765928388 -0.412668258 -0.719254911 -0.214399830 0.516149223
1413393918105760512.000000 -0.931087852 -1.570056438 0.735249817 -0.586621702 -0.572780788 -0.373018771 0.434343308
1413393918655760384.000000 -0.747153401 -1.418950796 0.750384927 -0.731061578 -0.392096817 -0.456216514 0.321986914
1413393919905760512.000000 0.045181755 -1.819001436 0.709684074 0.754250228 -0.093206681 0.649698675 0.017628396
1413393922155760384.000000 -0.704115868 -2.913156986 -0.432790101 0.804250658 -0.048017260 0.589869082 0.054126035
1413393922455760384.000000 -0.691559792 -2.880056381 -0.603211701 0.850247741 -0.063829437 0.520484090 0.045834906
1413393922905760512.000000 -0.475048780 -2.870611191 -0.779222608 0.833381474 -0.087195091 0.545503318 0.017279712
1413393923155760384.000000 -0.278273761 -2.924765348 -0.803939223 0.848906457 -0.062691577 0.521953881 0.054697797
1413393924405760512.000000 1.383757114 -3.329739094 -0.599613249 -0.773339570 -0.303168178 -0.549168289 0.091919482
1413393924605760512.000000 1.630389929 -3.301686287 -0.549211323 -0.742809355 -0.350540280 -0.565846622 0.071927071
1413393924805760512.000000 1.794326782 -3.165790319 -0.466048360 -0.712718666 -0.361944109 -0.597373962 0.064598925
1413393927455760384.000000 2.549967527 0.117730051 0.601816118 -0.699123263 -0.466293097 -0.431208909 0.328414828
1413393928055760384.000000 2.794292450 0.682270229 0.922177851 -0.587191284 -0.541884243 -0.512084544 0.315178335
1413393928255760384.000000 2.746354818 0.877004266 1.005121112 -0.586970687 -0.539572179 -0.512854517 0.318288654
1413393928655760384.000000 2.496350288 1.223867178 1.068972349 -0.619735897 -0.479566991 -0.478849202 0.395785749
1413393929105760512.000000 2.176959038 1.434933186 1.115174532 -0.623836219 -0.473413497 -0.520791650 0.339829743
1413393930905760512.000000 0.472716957 1.283075094 1.100780964 -0.788389683 -0.156685114 -0.575275242 0.151492208
1413393933105760512.000000 -0.052739445 -0.110292450 0.314022481 -0.766473114 -0.198165476 -0.598395228 0.123177230
1413393935655760384.000000 -0.429422706 -1.787367344 -0.207456306 -0.700661778 -0.470336258 -0.466612071 0.264820844
1413393935955760384.000000 -0.375244796 -1.790662527 -0.167251408 -0.635649383 -0.545559168 -0.472562432 0.273860991
1413393936155760384.000000 -0.414743483 -1.726172566 -0.135347813 -0.618685126 -0.557088375 -0.423988879 0.356531441
1413393936355760384.000000 -0.474622726 -1.631644011 -0.096267179 -0.587221861 -0.585376322 -0.359404355 0.428174794
1413393939105760512.000000 -0.181173086 -1.922767878 0.381870478 -0.061213527 -0.782561958 -0.043559056 0.618023038
1413393939605760512.000000 0.069691926 -2.257609844 0.337086588 -0.045191318 -0.881579161 0.024696190 0.469218612
1413393939855760384.000000 0.051848173 -2.370355129 0.278456628 -0.039481610 -0.877370059 0.004731651 0.478163868
1413393940705760512.000000 0.092571571 -2.514360905 0.216425180 -0.083438382 -0.875386477 0.030870426 0.475167006
1413393941055760384.000000 0.047214448 -2.360419750 0.296162933 -0.077633984 -0.804390848 0.001127903 0.589005113
1413393942305760512.000000 -0.127224252 -1.406395674 0.506029069 -0.052852675 -0.738873839 -0.045798019 0.670204878
1413393944855760384.000000 -0.213553742 -0.582538366 0.585176885 -0.199336454 -0.828166246 -0.127703607 0.508032918
1413393945355760384.000000 -0.296871960 -0.453243285 0.693798184 -0.223862782 -0.723582804 -0.198015049 0.622176409
1413393948255760384.000000 -0.145255417 -0.957829952 0.205835566 -0.746467948 -0.280860752 -0.581647277 0.159966826
1413393951005760512.000000 -0.829407573 -2.264927864 0.292585105 0.815052986 -0.010682822 0.578201532 0.035463735
1413393953805760512.000000 0.428057015 -2.972502947 0.083525874 -0.792014956 -0.039505169 -0.608764589 0.023610450
1413393954155760384.000000 0.512615144 -3.052456141 0.069191657 -0.814116240 -0.074309677 -0.574478507 0.040832218
1413393955655760384.000000 1.614143133 -2.606902838 0.222916856 -0.733364582 -0.313328058 -0.559792817 0.225019991
1413393956055760384.000000 1.897331476 -2.373892069 0.176086456 -0.715851426 -0.402775735 -0.516419411 0.242156073
1413393957005760512.000000 2.171382427 -1.713083625 0.180342793 -0.584561646 -0.578237712 -0.384232134 0.419874340
1413393957255760384.000000 2.225521326 -1.551547527 0.192789659 -0.520752668 -0.637660801 -0.343907982 0.451589018
1413393960055760384.000000 2.334244728 -0.578629971 -0.246627748 -0.284636676 -0.763328135 -0.205095232 0.542446256
1413393961305760512.000000 2.126081705 -0.568458617 -0.571042180 -0.168746144 -0.775819182 -0.100438491 0.599617720
1413393961755760384.000000 2.120262623 -0.540838063 -0.417899758 -0.156725675 -0.781190455 -0.122225031 0.591810584
1413393962005760512.000000 2.197293520 -0.561771750 -0.202096462 -0.159995928 -0.800274193 -0.120291092 0.565236866
1413393962255760384.000000 2.255563021 -0.596886158 0.096148327 -0.163480058 -0.816012800 -0.112229191 0.542956650
1413393962505760512.000000 2.268701315 -0.627572298 0.400156051 -0.171629652 -0.841049612 -0.108948469 0.501307368
1413393962755760384.000000 2.211634159 -0.631890118 0.589720249 -0.203467354 -0.837482035 -0.153975889 0.483235359
1413393963005760512.000000 2.060447693 -0.624260604 0.720985830 -0.251435637 -0.786915541 -0.250872642 0.504585981
1413393963255760384.000000 1.843392491 -0.664059758 0.782585204 -0.336356878 -0.725463271 -0.312068373 0.513011158
1413393963505760512.000000 1.589973569 -0.762399971 0.774408340 -0.423062921 -0.671672761 -0.348189801 0.498635590
1413393963755760384.000000 1.325990200 -0.900274456 0.706972122 -0.481958270 -0.626464963 -0.386904031 0.474935025
1413393965255760384.000000 -0.076991789 -2.244132280 -0.013540658 -0.794638157 -0.346629739 -0.389244974 0.311265558
1413393965505760512.000000 0.023848400 -2.430472851 -0.021873595 -0.788309097 -0.389832318 -0.425078690 0.214261055
1413393968055760384.000000 -0.518185616 -1.028549552 0.137914628 -0.812943041 -0.178529337 -0.533781886 0.149425238
1413393970705760512.000000 -0.904781997 -0.763391078 0.306295156 0.807569742 -0.044863209 0.583306074 0.074647851
1413393973505760512.000000 -2.003773689 0.090996169 0.189228088 0.759695470 -0.047275126 0.642525077 0.088257343
1413393973805760512.000000 -2.183024883 0.308800161 0.150522888 0.770844162 -0.082516775 0.631361902 0.019302424
1413393974105760512.000000 -2.463091373 0.469979286 0.127026021 0.847982407 -0.140044406 0.505544245 -0.075753383
1413393974405760512.000000 -2.600871086 0.378923774 0.182236731 0.913346112 -0.066122279 0.401152134 0.022447942
1413393974655760384.000000 -2.417486191 0.253368825 0.291659206 -0.888064086 -0.009752189 -0.448289335 -0.101409286
1413393974905760512.000000 -2.052672148 0.236644343 0.394705176 -0.823497057 -0.019061498 -0.558869481 -0.095676735
1413393975155760384.000000 -1.667277455 0.318130463 0.406343907 0.790428579 -0.021986734 0.610608220 0.043554515
1413393978005760512.000000 -0.511490524 1.257600665 0.427424997 0.816303730 -0.024399446 0.575925052 0.036923014
1413393980605760512.000000 -0.928009808 0.757635236 0.513118982 0.637697697 -0.527950108 0.410378605 0.382360786
1413393981105760512.000000 -1.004333735 0.284318686 0.517603278 0.630116343 -0.552892029 0.421444505 0.345902175
1413393981605760512.000000 -1.060674071 -0.312211633 0.661633193 0.636187077 -0.539866805 0.425109982 0.350843787
1413393983555760384.000000 -0.100280948 -2.274196625 0.589072764 -0.799229681 -0.181232214 -0.572833300 0.015776174
1413393983855760384.000000 0.112671532 -2.139737844 0.614511192 -0.755740285 -0.297682852 -0.572567165 0.111393526
1413393984155760384.000000 0.208565608 -1.873011351 0.661644757 -0.704012871 -0.395883352 -0.558690131 0.188434929
1413393984455760384.000000 0.150038362 -1.520420074 0.728145599 -0.648442864 -0.474289834 -0.534974337 0.261483461
1413393984755760384.000000 -0.055279549 -1.146574497 0.786928773 -0.629622340 -0.501579046 -0.494275659 0.328155130
1413393987555760384.000000 -0.698319972 0.996453822 0.540486515 0.813272893 -0.075648047 0.572942793 0.067831330
1413393988155760384.000000 -0.529142976 1.377230763 0.522178531 0.803561091 -0.117234923 0.577333868 0.085037224
1413393990955760384.000000 0.112019926 2.679135561 0.346578985 0.722197235 -0.502485573 0.373345762 0.294197828
1413393993505760512.000000 -0.027967624 2.459396601 0.604504406 0.718232632 -0.496205181 0.391486436 0.290965080
1413393993805760512.000000 0.039912194 2.345843077 0.685285389 0.642994642 -0.428937018 0.506544054 0.382078707
1413393994105760512.000000 0.119359732 2.340549469 0.647349477 0.593128264 -0.406593978 0.565808177 0.403411984
1413393994455760384.000000 0.113842770 2.645167828 0.688971937 0.652720630 -0.482581586 0.497785717 0.305418164
1413393994755760384.000000 0.046178434 2.914324760 0.625282764 0.724271178 -0.540253162 0.362026781 0.229116738
1413393995555760384.000000 0.092556022 2.737839699 0.419146925 0.679551005 -0.441055000 0.530005038 0.250550628
1413393995855760384.000000 0.031484783 2.604113817 0.362450719 0.728428483 -0.312429935 0.568249464 0.221070454
1413393996155760384.000000 -0.089760259 2.506285906 0.315532029 0.750801682 -0.214437291 0.604063153 0.159439981
1413393996455760384.000000 -0.285923630 2.438393593 0.248692110 0.787070811 -0.191575706 0.573739052 0.121003844
1413393996755760384.000000 -0.493691027 2.366644621 0.124745235 0.809741139 -0.183034629 0.545412362 0.115512073
1413393997055760384.000000 -0.645113826 2.292010784 0.035233464 0.816544056 -0.142914549 0.549196422 0.105899282
1413393997455760384.000000 -0.757046998 2.208914042 -0.045092594 0.809491038 -0.114402778 0.568198502 0.093737312
1413393997755760384.000000 -0.812579989 2.174482584 -0.164402232 0.805512130 -0.110577017 0.574926257 0.091557056
1413393998055760384.000000 -0.855706394 2.174670935 -0.235633120 0.810299456 -0.113538191 0.566807628 0.096193299
1413393998355760384.000000 -0.874722481 2.208635092 -0.277583987 0.807758570 -0.123387076 0.567164242 0.103084192
1413393998705760512.000000 -0.860237122 2.281069040 -0.286666781 0.804600000 -0.155895829 0.568262935 0.073435009
1413393999005760512.000000 -0.842176020 2.312782049 -0.308548421 0.799748898 -0.149497420 0.575821400 0.080510952
1413393999255760384.000000 -0.835456967 2.323141336 -0.340740323 0.808908224 -0.131574675 0.563049614 0.106445901
1413393999505760512.000000 -0.814090490 2.344338417 -0.380995214 0.811268032 -0.153761014 0.558771193 0.077307075
1413393999755760384.000000 -0.775909722 2.343839884 -0.414038509 0.803348362 -0.164686218 0.568679571 0.064135551
1413394000155760384.000000 -0.737554908 2.305763721 -0.465125918 0.794395626 -0.141853586 0.582167327 0.099470422
1413394000455760384.000000 -0.746883392 2.305038214 -0.477598548 0.790923953 -0.150732994 0.583469391 0.106218867
1413394000905760512.000000 -0.746072054 2.304561615 -0.482112229 0.790061116 -0.153119877 0.584539294 0.103303671
1413394001405760512.000000 -0.745748997 2.304426432 -0.482064128 0.789947808 -0.152913496 0.584731221 0.103388973
1413394001905760512.000000 -0.746872425 2.304974079 -0.482353389 0.789947212 -0.153082147 0.584744632 0.103068531
1413394002405760512.000000 -0.746500611 2.304739475 -0.482469827 0.789859891 -0.153372824 0.584808409 0.102943406
1413394002905760512.000000 -0.746438265 2.304702997 -0.482323855 0.789963126 -0.153617978 0.584650636 0.102681942
