1413394887055760384.000000 -1.334940434 0.000781389 1.441571832 -0.559220552 -0.584025145 -0.398392916 0.432978213
1413394888705760512.000000 -1.533950090 0.197005630 1.879022717 -0.573095798 -0.595866978 -0.389005452 0.406421542
1413394891455760384.000000 -1.611555338 0.619576037 1.929521084 -0.598182678 -0.628475606 -0.347767413 0.355322242
1413394892555760384.000000 -1.751534462 1.311866879 2.120203257 -0.446198672 -0.635816693 -0.383719444 0.499402970
1413394895005760512.000000 -3.102879763 -0.416355580 1.970121622 -0.082440130 -0.805576146 -0.042982385 0.585152268
1413394897905760512.000000 -3.387433767 -0.502062738 1.828222990 -0.090503022 -0.793024421 -0.067475297 0.598639011
1413394900205760512.000000 -3.201360941 -0.310581386 2.123064756 0.174324110 -0.788717270 0.135479644 0.573743343
1413394902855760384.000000 -1.627359509 -2.421858549 2.207918644 0.631748676 -0.465526134 0.554520965 0.276921719
1413394905705760512.000000 -1.972627163 -2.492066383 1.939394832 0.249661669 -0.839033782 0.148679763 0.459984362
1413394908505760512.000000 -2.079906702 -1.409445405 1.814464808 0.050716531 -0.882815242 0.022664487 0.466424257
1413394908705760512.000000 -2.192321301 -1.344393849 1.846109748 0.067029707 -0.833052337 0.025519706 0.548524857
1413394911505760512.000000 -1.937546492 -0.147782922 2.140503407 -0.028897449 -0.874830723 -0.028313471 0.482736588
1413394912555760384.000000 -1.838833094 0.068632901 2.042012453 -0.140452445 -0.842816889 -0.087916292 0.512058198
1413394914155760384.000000 -2.527768612 -0.079845354 2.110462904 0.101374976 -0.816300392 0.053185411 0.566169679
1413394915505760512.000000 -2.796083927 -1.431499124 1.978077769 0.461495340 -0.657641411 0.242161319 0.543955743
1413394917255760384.000000 -1.528911114 -2.578298330 1.652772307 0.802380264 -0.246390983 0.517711282 0.165688187
1413394917455760384.000000 -1.480531931 -2.710217476 1.567622662 0.825429738 -0.187825352 0.513683915 0.139700800
1413394917655760384.000000 -1.382613897 -2.846154213 1.499680638 0.822477520 -0.147471607 0.528213024 0.150910079
1413394918855760384.000000 0.001577951 -3.017944336 1.386642694 -0.818906784 -0.002380429 -0.573916495 -0.002413554
1413394918955760384.000000 0.135254681 -3.040397882 1.398866653 -0.805506229 -0.031825189 -0.591687679 -0.007257418
1413394919155760384.000000 0.377394766 -3.064733028 1.467457175 -0.783644497 -0.062281061 -0.617282748 0.031375222
1413394919355760384.000000 0.558752120 -3.073447943 1.593321443 -0.761558592 -0.111090824 -0.634792209 0.068747550
1413394919555760384.000000 0.667142034 -3.072611809 1.733077526 -0.753825724 -0.186518222 -0.626105189 0.070357420
1413394919655760384.000000 0.692933202 -3.062865734 1.791354299 -0.768882751 -0.211688250 -0.596789360 0.088600248
1413394919955760384.000000 0.736393809 -2.990468025 1.906871915 -0.798508048 -0.261704713 -0.510877967 0.181381449
1413394920055760384.000000 0.758239388 -2.955840111 1.927042961 -0.793282032 -0.292817652 -0.493014514 0.204690620
1413394920155760384.000000 0.787327528 -2.916419983 1.935479045 -0.784071922 -0.326674670 -0.476776958 0.226271152
1413394920255760384.000000 0.824705243 -2.871418238 1.932017565 -0.770774186 -0.363790125 -0.463665366 0.242029980
1413394920455760384.000000 0.919700265 -2.758754492 1.908104539 -0.722493589 -0.432653040 -0.471298844 0.262091219
1413394920555760384.000000 0.969190776 -2.688947439 1.898269892 -0.696727335 -0.460722268 -0.480853111 0.266620398
1413394920755760384.000000 1.048692703 -2.523804426 1.888463497 -0.664749801 -0.497776121 -0.493787259 0.257877499
1413394922755760384.000000 1.539626956 -0.413093001 1.552060843 -0.614151001 -0.555021167 -0.414542645 0.378053397
1413394922955760384.000000 1.562318325 -0.240241051 1.663346767 -0.622711539 -0.560976923 -0.397148460 0.373909444
1413394923155760384.000000 1.591855049 -0.041600097 1.752165437 -0.625149548 -0.565591753 -0.395181358 0.364863992
1413394923755760384.000000 1.615812898 0.701599360 1.975182414 -0.567283332 -0.610943556 -0.392327905 0.388608277
1413394923955760384.000000 1.585298181 0.985372186 2.001006603 -0.515234709 -0.642341256 -0.383821636 0.417865843
1413394924155760384.000000 1.527919888 1.262610316 1.992520690 -0.471423388 -0.668918431 -0.353304595 0.453303546
1413394924355760384.000000 1.449394822 1.525964499 1.989331245 -0.440094799 -0.691616595 -0.291890889 0.492729992
1413394924555760384.000000 1.373498082 1.783068299 1.997313976 -0.387670428 -0.717848182 -0.257118940 0.517972648
1413394924755760384.000000 1.299658060 2.033356428 2.015701771 -0.318236142 -0.749559104 -0.236509070 0.530047536
1413394925205760512.000000 1.106932878 2.472412586 2.094192982 -0.182315096 -0.782976568 -0.239618808 0.544326961
1413394925355760384.000000 1.021264195 2.540240526 2.124702692 -0.158972874 -0.797247291 -0.233431876 0.533511043
1413394925555760384.000000 0.875826716 2.574445963 2.134075165 -0.161127180 -0.799707532 -0.209106177 0.539240777
1413394926755760384.000000 -0.362376750 2.240771532 2.036516905 -0.148694754 -0.812757492 -0.053538900 0.560757339
1413394926905760512.000000 -0.548823357 2.199482203 2.035508871 -0.127108634 -0.810710669 0.012911352 0.571336210
1413394927205760512.000000 -0.905087948 2.225100279 1.995783329 -0.039837588 -0.814193308 0.016224602 0.578998387
1413394928905760512.000000 -2.678145647 2.369249105 2.178949356 -0.001166761 -0.803887367 -0.007679701 0.594730973
1413394929255760384.000000 -2.889182329 2.284350157 2.130881071 -0.007051883 -0.790151119 -0.005936051 0.612842739
1413394931205760512.000000 -3.192116022 2.068240643 1.756822705 -0.011545707 -0.779800415 -0.029462624 0.625227988
1413394931605760512.000000 -3.171311617 2.015445709 1.857704282 -0.020850245 -0.803902090 -0.030504448 0.593612731
1413394932405760512.000000 -3.014517069 1.600949526 1.990577936 0.170025155 -0.765756249 0.165257961 0.597828209
1413394934055760384.000000 -2.113763094 1.264653087 1.797747493 0.526194215 -0.615541399 0.381738752 0.445537895
1413394934305760512.000000 -1.967172742 1.266442418 1.729091763 0.562040329 -0.567635179 0.423491031 0.427266240
1413394934505760512.000000 -1.851806998 1.281448007 1.628453970 0.599568725 -0.544717848 0.444812983 0.382022560
1413394934905760512.000000 -1.661125064 1.322465420 1.441269398 0.628705204 -0.512853682 0.459105104 0.361847341
1413394935355760384.000000 -1.502278209 1.384641767 1.434340119 0.595967829 -0.519894898 0.472380877 0.389086217
1413394935755760384.000000 -1.409067631 1.518862367 1.335652471 0.595730662 -0.539047360 0.440865457 0.400213242
1413394936005760512.000000 -1.352013350 1.626605153 1.327638865 0.595643640 -0.546634555 0.432513326 0.399163485
1413394936255760384.000000 -1.280965090 1.738819480 1.266632080 0.637272358 -0.533383429 0.425471097 0.358274162
1413394936505760512.000000 -1.185734034 1.829984903 1.198373199 0.687569439 -0.431239843 0.484225035 0.326812804
1413394936705760512.000000 -1.095887780 1.908630252 1.161100030 0.735370815 -0.351830930 0.508474767 0.277305275
1413394936905760512.000000 -0.993043423 1.996845126 1.138881326 0.766613662 -0.295098186 0.521599412 0.230553135
1413394937105760512.000000 -0.871677041 2.092873096 1.122752309 0.796947181 -0.236587718 0.523607671 0.186376855
1413394937305760512.000000 -0.725250363 2.190055609 1.108553529 0.816040397 -0.190826640 0.527857304 0.137949124
1413394937455760384.000000 -0.599491060 2.255045652 1.100514650 0.818906009 -0.176605612 0.534470260 0.112003781
1413394937655760384.000000 -0.415034711 2.324120283 1.089836836 0.815101683 -0.168116361 0.544593096 0.103752069
1413394937855760384.000000 -0.218203336 2.374819279 1.083514690 0.806971073 -0.178773195 0.553522468 0.102228582
1413394938055760384.000000 -0.018682208 2.400873423 1.087337971 0.800988913 -0.219393864 0.548144877 0.099098034
1413394938255760384.000000 0.184373215 2.383957386 1.134684443 0.795717597 -0.257708877 0.538724840 0.100971349
1413394938455760384.000000 0.386356622 2.307509661 1.249943972 0.780200243 -0.273346663 0.543365717 0.146023467
1413394938555760384.000000 0.485436082 2.256263971 1.313517451 0.773071647 -0.281762868 0.541472435 0.172561720
1413394938755760384.000000 0.680886507 2.144843817 1.405334830 0.763940096 -0.323720723 0.515723407 0.213611633
1413394938955760384.000000 0.878044009 2.023674250 1.454200745 0.728652954 -0.402293354 0.505588651 0.227167830
1413394939155760384.000000 1.055303931 1.878783464 1.465634584 0.663898051 -0.485690504 0.511734307 0.247935638
1413394939355760384.000000 1.185735941 1.709099889 1.444910765 0.627511501 -0.529619277 0.486578941 0.298284590
1413394939755760384.000000 1.357399464 1.336987138 1.496598244 0.600564778 -0.551642358 0.456632704 0.355667442
1413394939955760384.000000 1.408223391 1.149363160 1.566577315 0.577622116 -0.586755633 0.445445150 0.351637870
1413394940155760384.000000 1.424098969 0.953084469 1.596541643 0.579980493 -0.603430212 0.396043420 0.377682745
1413394940355760384.000000 1.425176382 0.739771724 1.579777122 0.532261848 -0.632107496 0.385826647 0.410213619
1413394940555760384.000000 1.408095956 0.521937013 1.535883069 0.480546594 -0.661891401 0.358582854 0.449881107
1413394940955760384.000000 1.381258845 0.080899566 1.528582454 0.429910392 -0.696198463 0.298068047 0.491569221
1413394941205760512.000000 1.377541304 -0.203689888 1.589554429 0.382967770 -0.743680060 0.315243006 0.448216051
1413394941705760512.000000 1.142453909 -0.797324300 1.778032660 0.409830630 -0.728808284 0.241152585 0.492668986
1413394941905760512.000000 1.020603776 -1.076405048 1.855941892 0.369641364 -0.736901700 0.267825246 0.498608947
1413394942355760384.000000 0.612815440 -1.627408981 2.054524660 0.238855556 -0.790170848 0.347925693 0.444438905
1413394942655760384.000000 0.071532950 -1.789036870 2.189683437 0.173757121 -0.804845989 0.278311670 0.494544387
1413394942855760384.000000 -0.357077718 -1.812732697 2.201801777 0.147391036 -0.784623623 0.179250151 0.574901044
1413394944855760384.000000 -1.270796299 -2.604219198 1.583507180 -0.259113491 -0.831060231 -0.116492800 0.478151172
1413394945105760512.000000 -1.365067363 -2.594439983 1.506914973 -0.342864901 -0.791279435 -0.188226044 0.469990879
1413394946155760384.000000 -1.900806785 -2.237670898 1.273831129 -0.667882383 -0.460540891 -0.428743660 0.397509962
1413394946455760384.000000 -1.823369265 -2.216001749 1.249431252 -0.739914894 -0.338087380 -0.487440467 0.317214072
1413394946755760384.000000 -1.674873710 -2.267593145 1.238079071 -0.775575399 -0.219095096 -0.553760707 0.209354341
1413394946955760384.000000 -1.567322016 -2.337545633 1.234827518 -0.786696434 -0.136423290 -0.588822961 0.125637800
1413394947155760384.000000 -1.481273770 -2.418522596 1.249199748 -0.795923591 -0.049741708 -0.601722062 0.044293117
1413394948555760384.000000 -0.799265683 -2.647990227 1.873883843 -0.759257138 -0.045363851 -0.649155259 0.008268245
1413394948955760384.000000 -0.661241651 -2.617143869 2.004167318 -0.773276985 -0.038523875 -0.632868290 0.006038565
1413394949255760384.000000 -0.718187094 -2.550343990 2.042851448 -0.871097863 -0.031123703 -0.490019381 -0.010050419
1413394949455760384.000000 -0.682714701 -2.476773500 2.028960705 -0.882632911 -0.025347121 -0.469179690 -0.013679320
1413394949855760384.000000 -0.422441840 -2.253226519 2.059314489 -0.760680616 -0.017333433 -0.648894072 0.001096415
1413394949955760384.000000 -0.381791413 -2.186717749 2.064509630 -0.761485696 -0.012046763 -0.647699893 0.021893665
1413394950055760384.000000 -0.359197110 -2.121074438 2.071276665 -0.762573361 -0.012920667 -0.645012856 0.047680356
1413394950155760384.000000 -0.353288829 -2.060700893 2.077287197 -0.770690978 -0.016700769 -0.631995261 0.079615809
1413394950255760384.000000 -0.359931767 -2.011314392 2.079057693 -0.798353493 -0.024896447 -0.592724562 0.103389621
1413394950355760384.000000 -0.369646609 -1.977373362 2.082576275 -0.829845965 -0.049292423 -0.548343599 0.090804055
1413394950455760384.000000 -0.372267783 -1.953463078 2.090758801 -0.851437509 -0.075483561 -0.514836550 0.065572344
1413394950655760384.000000 -0.328033656 -1.900988579 2.121684313 -0.862365961 -0.098450124 -0.495049089 0.039484899
1413394951055760384.000000 -0.131197184 -1.703122020 2.246880293 -0.711401284 -0.137523338 -0.683447003 0.088858761
1413394951655760384.000000 -0.390398592 -1.486686587 2.422116280 -0.866403103 -0.216427654 -0.426296860 0.144138217
1413394951855760384.000000 -0.372233450 -1.393482327 2.523779154 -0.859733701 -0.216694653 -0.443610281 0.130810603
1413394952155760384.000000 -0.185996205 -1.178931594 2.703824043 -0.750824869 -0.196514517 -0.611831307 0.152665317
1413394952955760384.000000 0.170169175 -0.725576162 2.878793240 -0.732077539 -0.249878213 -0.602940679 0.195156172
1413394953155760384.000000 0.223817304 -0.643601894 2.902995586 -0.690114200 -0.241209447 -0.648452461 0.212296575
1413394953255760384.000000 0.216555268 -0.622795880 2.921043158 -0.680158734 -0.237653092 -0.659165084 0.215421960
1413394953455760384.000000 0.110226132 -0.637137175 3.007503033 -0.679817736 -0.232640475 -0.661441803 0.214990899
1413394954055760384.000000 -0.402655780 -0.757104039 2.688661337 -0.807524562 -0.268031061 -0.504419386 0.147052974
1413394954255760384.000000 -0.506933808 -0.714859843 2.517377615 -0.738676846 -0.257125229 -0.597206771 0.177728340
1413394954455760384.000000 -0.652997255 -0.680451214 2.370267630 -0.709878266 -0.247853905 -0.629276872 0.196601018
1413394954655760384.000000 -0.863002479 -0.676054001 2.262783527 -0.788069963 -0.250171542 -0.531177640 0.184960410
1413394954855760384.000000 -1.059327841 -0.674686730 2.156771898 -0.848869622 -0.240701675 -0.441241503 0.163673773
1413394955055760384.000000 -1.169753194 -0.637453556 2.048015118 -0.803023338 -0.247055605 -0.518654287 0.158476546
1413394955255760384.000000 -1.259626150 -0.573526084 1.938554168 -0.732948542 -0.270316005 -0.593751431 0.192808300
1413394955455760384.000000 -1.389750481 -0.518697977 1.851983190 -0.751519561 -0.292374343 -0.529719293 0.262931973
1413394956005760512.000000 -1.454872608 -0.380381256 1.874011755 -0.750950575 -0.365919769 -0.500653207 0.226985276
1413394958955760384.000000 -1.267582893 0.074064143 2.158621311 -0.523262620 -0.698804080 -0.299303234 0.385080010
1413394959655760384.000000 -1.264117002 0.208866179 2.295746565 -0.422978461 -0.754832864 -0.243546665 0.438179731
1413394962555760384.000000 -2.688366652 0.149242699 2.198580980 -0.083643489 -0.752651811 -0.083972111 0.647663236
1413394964905760512.000000 -1.975925088 -1.447864175 1.763670921 -0.117784761 -0.862666905 0.001822498 0.491863161
1413394967405760512.000000 -1.436054587 -1.852310181 1.912515640 0.408440232 -0.672560573 0.318030745 0.528862357
1413394967655760384.000000 -1.341647625 -1.885424614 1.954348683 0.456259608 -0.661075532 0.349723816 0.482182086
1413394967905760512.000000 -1.241123676 -1.887942910 2.017046928 0.510985315 -0.633927405 0.370348692 0.447070509
1413394968155760384.000000 -1.141584516 -1.887333274 2.085059643 0.559405327 -0.588749945 0.404466450 0.420530885
1413394968405760512.000000 -1.046148062 -1.877448678 2.088607073 0.600152910 -0.576356232 0.403808951 0.380221307
1413394968655760384.000000 -0.953892052 -1.902661324 2.067935944 0.625442266 -0.556365669 0.414066166 0.357531011
1413394968905760512.000000 -0.858905256 -1.971387982 2.061652422 0.636616111 -0.532127380 0.414403498 0.373938829
1413394969155760384.000000 -0.738103092 -2.064556360 2.062453747 0.625345230 -0.510721803 0.463700950 0.364812344
1413394969455760384.000000 -0.608382463 -2.156098366 1.969400525 0.620804846 -0.479360938 0.495800078 0.372822762
1413394969755760384.000000 -0.496297359 -2.177460194 1.846663713 0.664767802 -0.471031338 0.430181205 0.388789713
1413394970055760384.000000 -0.302269131 -2.168844223 1.777020693 0.666275263 -0.502684176 0.420686007 0.355540872
1413394970355760384.000000 -0.043787204 -2.206501007 1.813758016 0.631275177 -0.505936623 0.468951136 0.354407489
1413394970755760384.000000 0.214225709 -2.236639500 1.777085781 0.575573564 -0.514240324 0.540742815 0.334468603
1413394971055760384.000000 0.249887362 -2.187825918 1.752538919 0.644590139 -0.502482474 0.442331582 0.369266599
1413394971355760384.000000 0.296753526 -2.141960859 1.797655821 0.670729220 -0.537729323 0.391269147 0.328447759
1413394971655760384.000000 0.393367678 -2.234367847 1.817660809 0.654243946 -0.561016202 0.407114744 0.302462012
1413394971955760384.000000 0.461434424 -2.470554590 1.872116089 0.572538555 -0.553770423 0.484992415 0.360998958
1413394972355760384.000000 0.382141799 -2.708642721 1.858754277 0.461463124 -0.615081191 0.447963744 0.456131041
1413394972755760384.000000 0.137964159 -2.712708235 1.760679245 0.352513820 -0.736207545 0.278756469 0.505991399
1413394973205760512.000000 -0.180077165 -2.662600756 1.722568154 0.178164497 -0.795246840 0.122057155 0.566517472
1413394973605760512.000000 -0.424440950 -2.644077778 1.701061249 -0.005602049 -0.820926905 0.020992829 0.570619762
1413394974105760512.000000 -0.731930971 -2.587833405 1.719683290 -0.219024926 -0.784896255 -0.127196237 0.565497220
1413394974405760512.000000 -0.879928529 -2.536308527 1.741520882 -0.347957015 -0.739036143 -0.189483300 0.544837356
1413394974905760512.000000 -0.992846251 -2.358325243 1.801851273 -0.486239135 -0.652116954 -0.319957525 0.485738754
1413394975205760512.000000 -1.007379770 -2.243568420 1.753345132 -0.522471189 -0.606782317 -0.387549937 0.456775695
1413394975855760384.000000 -1.071187019 -2.130883932 1.552330732 -0.583739638 -0.578679204 -0.414257556 0.390856802
1413394976055760384.000000 -1.120674253 -2.096759081 1.536285877 -0.568609476 -0.566614389 -0.433373213 0.409657389
1413394976455760384.000000 -1.258744955 -2.073989868 1.512792945 -0.551634610 -0.561527789 -0.448444575 0.423418641
1413394976705760512.000000 -1.373355985 -2.127222776 1.506184101 -0.545365632 -0.540850997 -0.452553242 0.453047514
1413394977155760384.000000 -1.529333115 -2.354773760 1.500728726 -0.661972165 -0.573443711 -0.304015011 0.374873489
1413394977405760512.000000 -1.497481585 -2.320110083 1.565844059 -0.660404146 -0.598297477 -0.320456028 0.321270019
1413394978005760512.000000 -1.374123693 -1.503688812 1.890882134 -0.602752864 -0.582503855 -0.416432053 0.352083325
1413394979605760512.000000 -1.870842695 1.113205314 2.102125883 -0.536657035 -0.451621085 -0.479103297 0.527728856
1413394981005760512.000000 -2.138051510 0.100801975 2.300019026 -0.613199115 -0.537182510 -0.418640524 0.400202423
1413394981355760384.000000 -2.239444733 -0.213871107 2.247011900 -0.622926354 -0.532918870 -0.406156570 0.403729081
1413394981805760512.000000 -2.287643909 -0.547766507 2.160300732 -0.638228357 -0.534207046 -0.414181620 0.368430465
1413394982605760512.000000 -2.050327539 -0.893383563 2.119046926 -0.747914433 -0.344046146 -0.460523099 0.331925899
1413394982805760512.000000 -1.855228305 -0.992930293 2.150032520 -0.766690135 -0.296754211 -0.487398803 0.294220150
1413394983005760512.000000 -1.613505840 -1.112401485 2.186573267 -0.778633177 -0.259257168 -0.513943434 0.249756172
1413394983205760512.000000 -1.346386552 -1.243075252 2.228702068 -0.779424369 -0.246597871 -0.534457266 0.214575619
1413394983405760512.000000 -1.071944237 -1.374263287 2.272710085 -0.775333464 -0.249350011 -0.545588076 0.197525650
1413394984105760512.000000 -0.246735483 -1.702653527 2.222585678 -0.754548252 -0.298875183 -0.559765995 0.167309642
1413394984405760512.000000 -0.013814092 -1.730621576 2.128962040 -0.754681349 -0.322152734 -0.542892218 0.178722575
1413394984705760512.000000 0.157981947 -1.679653168 2.061462641 -0.748201370 -0.357748747 -0.522823215 0.197145805
1413394985005760512.000000 0.284905195 -1.535305381 2.027755737 -0.721455753 -0.406587332 -0.505031645 0.243169591
1413394985405760512.000000 0.389735758 -1.244239211 2.055880070 -0.709282696 -0.432072610 -0.472622812 0.294718742
1413394987005760512.000000 0.810136855 0.529742420 2.561428070 -0.693991661 -0.430385113 -0.496550471 0.294248074
1413394987405760512.000000 0.866140723 1.050743818 2.581248045 -0.684077322 -0.420651913 -0.514321148 0.300938576
1413394987705760512.000000 0.862595677 1.404865265 2.589783907 -0.657260716 -0.429917723 -0.549299717 0.285392791
1413394988205760512.000000 0.564938426 1.868721366 2.685156822 -0.650539696 -0.401563972 -0.560268641 0.318815857
1413394988705760512.000000 0.082974292 2.002575636 2.745946884 -0.740898371 -0.278230876 -0.534087121 0.297335267
1413394989205760512.000000 -0.345947653 1.832805514 2.682126760 -0.757897317 -0.248764917 -0.572150946 0.190659165
1413394989405760512.000000 -0.541250050 1.744152427 2.663949251 -0.765876770 -0.246585697 -0.560445964 0.196286961
1413394989505760512.000000 -0.641769052 1.698400378 2.655158758 -0.768246830 -0.245351210 -0.555291474 0.203103706
1413394989605760512.000000 -0.742327213 1.650590181 2.639408588 -0.770883143 -0.244676933 -0.549310029 0.210073501
1413394990005760512.000000 -1.110722065 1.447585821 2.487780571 -0.761476219 -0.318738848 -0.493794024 0.273362577
1413394990355760384.000000 -1.350615025 1.276725769 2.281210899 -0.677415133 -0.476918161 -0.461593062 0.317158699
1413394990705760512.000000 -1.569165707 1.169048667 2.084059477 -0.634423196 -0.543456256 -0.418856770 0.355979681
1413394991005760512.000000 -1.743857265 1.161748052 1.953276277 -0.633363307 -0.543462694 -0.417278677 0.359691054
1413394991455760384.000000 -1.973595738 1.278088093 1.824148774 -0.667540431 -0.495247662 -0.429936349 0.352525622
1413394991855760384.000000 -2.098202467 1.455469131 1.759949207 -0.694862843 -0.413747340 -0.494987041 0.317752391
1413394992305760512.000000 -2.190180302 1.615590096 1.712211013 -0.736341536 -0.344741672 -0.496076345 0.304733783
1413394992505760512.000000 -2.191017628 1.646487713 1.710454702 -0.745876610 -0.330494821 -0.518028498 0.257075280
1413394992855760384.000000 -2.184460640 1.697856784 1.722934961 -0.752322912 -0.296140164 -0.537917793 0.238653705
1413394993355760384.000000 -2.167545080 1.733687043 1.646036386 -0.760069966 -0.291245282 -0.542264879 0.208371550
1413394993805760512.000000 -2.172847271 1.782943010 1.505104780 -0.763994575 -0.280347466 -0.544055998 0.204256535
1413394994105760512.000000 -2.182380199 1.816443324 1.373340964 -0.791218638 -0.196845025 -0.548150599 0.186430007
1413394994505760512.000000 -2.170458555 1.789084435 1.304932833 -0.805776238 -0.115758225 -0.575512528 0.078166306
1413394994905760512.000000 -2.174823523 1.804963589 1.364873528 -0.799710393 -0.090161927 -0.591820121 0.045639362
1413394995305760512.000000 -2.232470989 1.887814164 1.295415044 -0.815993428 -0.070649512 -0.567058444 0.087224647
1413394995705760512.000000 -2.243590832 1.938099265 1.140548825 -0.822183132 -0.081926674 -0.558286130 0.074963763
1413394995905760512.000000 -2.217135191 1.961191058 1.092227817 -0.807668865 -0.077163503 -0.579002500 0.080455638
1413394996105760512.000000 -2.206133127 1.973989844 1.077946663 -0.798683703 -0.077542230 -0.592212617 0.073320568
1413394996505760512.000000 -2.193460226 1.986768007 1.087964416 -0.800635695 -0.088593051 -0.588528872 0.069046453
1413394997005760512.000000 -2.160289049 2.006182671 1.121087313 -0.799174726 -0.087078281 -0.590484083 0.071174763
1413394997405760512.000000 -2.126832247 2.026478052 1.152016759 -0.799268842 -0.086788505 -0.590372562 0.071395792
1413394997905760512.000000 -2.078001022 2.057905436 1.195831895 -0.799389660 -0.086539030 -0.590261817 0.071261652
