1403715893384058112.000000 -1.877896786 -5.779012203 2.826948404 -0.559984267 -0.607312381 -0.392554104 0.404339761
1403715894134057984.000000 -1.922156453 -5.818948269 2.922245741 -0.564167678 -0.607128143 -0.382846683 0.408091575
1403715896834057984.000000 -2.920627594 -5.861768246 3.557992220 -0.591788769 -0.550611496 -0.346402168 0.476044804
1403715897134057984.000000 -2.738817215 -5.892251015 3.619855165 -0.608647048 -0.542306542 -0.316303104 0.485185325
1403715899134057984.000000 0.378613412 -5.999571800 3.677315712 -0.658503890 -0.497916877 -0.447609216 0.343653142
1403715899934057984.000000 1.406110525 -5.798002720 3.498133659 -0.644874394 -0.530801654 -0.456362009 0.306790441
1403715901584058112.000000 1.617964029 -4.719876289 3.560144663 -0.624764860 -0.474246353 -0.490927190 0.379143417
1403715901884058112.000000 1.482702017 -4.844027996 3.605923176 -0.636572897 -0.485701174 -0.477567434 0.361661106
1403715902084058112.000000 1.381089807 -4.958048820 3.628372908 -0.638071895 -0.487204969 -0.474505663 0.361026347
1403715902284058112.000000 1.270190477 -5.087235928 3.642999411 -0.633651853 -0.496941745 -0.478747576 0.349764317
1403715905184058112.000000 -0.629005671 -5.180264473 3.937885284 -0.091582857 -0.779711783 -0.086614557 0.613318980
1403715905984058112.000000 -0.682056129 -5.375503063 3.595461130 0.135820180 -0.822539032 0.111275926 0.540925324
1403715906334057984.000000 -0.710353374 -5.508690357 3.489141941 0.300729394 -0.773480833 0.177015871 0.529107332
1403715908484058112.000000 -0.193055540 -6.118122578 3.616172075 0.788923383 -0.139386803 0.590401828 0.097963966
1403715909834057984.000000 -0.414715618 -5.563980103 3.572790384 -0.727169514 -0.365592003 -0.534742594 0.227194697
1403715911234057984.000000 -1.377034664 -5.291635990 3.318096399 -0.348122388 -0.703773677 -0.276249111 0.554256260
1403715912934057984.000000 -1.786757946 -6.521106243 3.555349350 0.052746337 -0.812089145 0.047684040 0.579185009
1403715915334057984.000000 -0.774930537 -8.384694099 3.559291601 0.069269165 -0.846701562 0.118466355 0.514066279
1403715915684058112.000000 -0.991283298 -8.509250641 3.509021521 0.114749171 -0.820178866 0.074546762 0.555501699
1403715915934057984.000000 -1.168317795 -8.601303101 3.428100586 0.119357727 -0.831101179 0.081469096 0.537017226
1403715916184058112.000000 -1.371146560 -8.699794769 3.358294249 0.111472487 -0.823425829 0.081647284 0.550343037
1403715919134057984.000000 -2.051587820 -8.456315041 2.861726284 -0.215664625 -0.821558714 -0.152961224 0.505106747
1403715919634057984.000000 -2.000044584 -8.321406364 2.878597975 -0.196813434 -0.799714863 -0.164307564 0.542884588
1403715919934057984.000000 -2.048358917 -8.296291351 2.763212442 -0.193895116 -0.799815834 -0.169688851 0.542130113
1403715920334057984.000000 -2.192451477 -8.322377205 2.705309391 -0.201967254 -0.806278229 -0.141269788 0.537742913
1403715922734057984.000000 -2.865427017 -8.319457054 4.067362309 -0.126821622 -0.794331729 -0.079736553 0.588723719
1403715923184058112.000000 -2.853858709 -8.321812630 4.226819515 -0.115295939 -0.803351581 -0.092583939 0.576854765
1403715923584058112.000000 -2.817237139 -8.367200851 4.393135071 -0.139891937 -0.808358252 -0.054915741 0.569185019
1403715923984058112.000000 -2.765929461 -8.354509354 4.316176414 -0.141359493 -0.789020002 -0.049662810 0.595817626
1403715924184058112.000000 -2.712223530 -8.316278458 4.201679707 -0.129641101 -0.785721421 -0.066104151 0.601219893
1403715924584058112.000000 -2.533905029 -8.228487968 3.966143608 -0.128547236 -0.808876574 -0.073336363 0.569048464
1403715924784058112.000000 -2.436313152 -8.174720764 3.855742455 -0.155973539 -0.806876719 -0.066173598 0.565900505
1403715924984058112.000000 -2.336130142 -8.094738960 3.751452684 -0.195967555 -0.790897906 -0.091431946 0.572466195
1403715925184058112.000000 -2.218787193 -7.994637966 3.674966574 -0.233040646 -0.762887418 -0.146202192 0.585081041
1403715927234057984.000000 0.119135156 -7.311196804 3.238024235 -0.664240181 -0.456730187 -0.506826699 0.305465728
1403715930134057984.000000 0.035254180 -8.274163246 3.224483013 -0.801288724 -0.054978769 -0.586610019 0.103935421
1403715932334057984.000000 1.579335213 -8.218979836 3.497405767 -0.747622073 -0.084959149 -0.655914128 0.060165633
1403715932634057984.000000 1.735914230 -8.174005508 3.576742172 -0.696733832 -0.077301256 -0.709535003 0.071739882
1403715934434057984.000000 1.340001106 -8.117486954 4.252580643 -0.710657716 -0.046948310 -0.700674176 0.042629432
1403715934934057984.000000 1.218175173 -8.096332550 4.293143272 -0.697142184 -0.049706005 -0.712179542 0.065745093
1403715936334057984.000000 0.158780009 -8.180276871 4.003682613 -0.796159029 -0.054270633 -0.601895273 0.030126678
1403715936834057984.000000 0.350120217 -8.067620277 3.937819004 -0.758816123 -0.030609120 -0.648979187 0.045687787
1403715938034057984.000000 -0.160786301 -7.934853554 3.494490385 -0.834911227 -0.219644025 -0.485365123 0.138204738
1403715940934057984.000000 0.402059585 -6.461057663 3.927173615 -0.836208045 -0.391084135 -0.345212817 0.169226006
1403715941634057984.000000 0.860216618 -5.638791084 4.255054951 -0.631108463 -0.281429499 -0.645242691 0.325824231
1403715942084058112.000000 0.709354222 -5.779409409 4.170704842 -0.643229365 -0.290984303 -0.632854164 0.317930490
1403715944534057984.000000 0.201254204 -6.605401039 3.335166693 -0.765649557 -0.456817478 -0.374268651 0.254993260
1403715946884058112.000000 -0.034407116 -6.013039589 4.048594952 -0.508227229 -0.573750079 -0.431055993 0.476137340
1403715947134057984.000000 -0.111376196 -5.902332783 4.115088463 -0.478695661 -0.540933311 -0.462467045 0.514165103
1403715947584058112.000000 -0.201910213 -6.165638924 4.107513428 -0.540013373 -0.569982767 -0.407562792 0.466259420
1403715948134057984.000000 -0.232244402 -6.629467010 3.815757751 -0.610409439 -0.667845309 -0.278948098 0.321824580
1403715948384058112.000000 -0.257035255 -6.544370174 3.714117527 -0.593408108 -0.656239510 -0.303722829 0.353509516
1403715949734057984.000000 -0.371073931 -6.099295139 3.399172306 -0.504026294 -0.723866582 -0.263372868 0.390652597
1403715950034057984.000000 -0.458222926 -5.958873272 3.393838167 -0.435710311 -0.769452214 -0.256260425 0.390423536
1403715952834057984.000000 -1.495528221 -5.760836124 3.945798635 -0.144469157 -0.670007110 -0.141690031 0.714243114
1403715953834057984.000000 -0.708799899 -5.873927593 3.841025591 -0.095152490 -0.909881055 -0.031968705 0.402542442
1403715954634057984.000000 -1.575841546 -5.838381290 3.781018257 -0.031339917 -0.701155365 -0.047845483 0.710710824
1403715954884058112.000000 -1.572347403 -5.956354618 3.753873825 -0.033125985 -0.714244068 -0.043051984 0.697785616
1403715955134057984.000000 -1.371570468 -6.100973606 3.730045080 -0.044599138 -0.800811470 -0.038631734 0.596002996
1403715955584058112.000000 -1.026077628 -6.343216419 3.714139938 -0.078082927 -0.895326853 -0.000748574 0.438511342
1403715955784058112.000000 -1.051729441 -6.397775650 3.741392612 -0.049401600 -0.898696601 0.010894689 0.435643613
1403715956584058112.000000 -1.470278859 -6.504518032 3.966707230 0.180543035 -0.685531795 0.127791733 0.693627954
1403715957434057984.000000 -0.528680444 -6.358473301 3.978628635 0.214047015 -0.872804463 0.123797335 0.420797408
1403715957684058112.000000 -0.415402293 -6.397078514 3.883645058 0.219814241 -0.897218168 0.104698822 0.368401140
1403715957884058112.000000 -0.508542359 -6.514688969 3.825792313 0.220575929 -0.859252274 0.121394865 0.445303321
1403715958434057984.000000 -0.922156572 -6.957540512 3.717275381 0.259312809 -0.665849209 0.234290302 0.659173667
1403715961134057984.000000 -0.107287772 -6.450687408 3.698911428 0.560864210 -0.707310498 0.248194396 0.351486415
1403715961384058112.000000 -0.006659426 -6.454394817 3.766697407 0.542771578 -0.727299511 0.261830896 0.328449398
1403715961634057984.000000 0.029739685 -6.680965900 3.882530689 0.525003672 -0.660327137 0.359353304 0.399004310
1403715962084058112.000000 0.044846699 -7.080608368 4.008671284 -0.504512250 0.488236606 -0.499812037 -0.507228017
1403715962284058112.000000 0.064113915 -7.077447414 3.997738600 -0.505945921 0.452802718 -0.540963113 -0.496333867
1403715962484058112.000000 0.072855130 -6.913542747 3.954726219 0.538804591 -0.473983437 0.550636947 0.426413238
1403715965284058112.000000 -0.187581226 -6.050231934 3.117637873 0.753784895 -0.287475348 0.558617890 0.192645922
1403715968034057984.000000 0.076829731 -5.705128193 3.897763252 0.809316635 -0.291647911 0.499879122 0.100344725
1403715969534057984.000000 -0.667338610 -5.348944664 3.372072458 0.879443884 -0.244832277 0.388326526 0.125849307
1403715969884058112.000000 -0.517664850 -5.396893501 3.315884113 0.839194655 -0.178275377 0.471931428 0.203103140
1403715971184058112.000000 -0.255366296 -4.978692532 3.388101339 0.882324636 -0.241608873 0.398580581 0.065282516
1403715973834057984.000000 -0.858251572 -5.334183693 3.900281668 0.859276593 -0.012682616 0.507554591 -0.062219087
1403715976784058112.000000 -0.056709781 -6.826973438 3.863198042 -0.815111578 -0.095496036 -0.569842398 0.041873675
1403715978434057984.000000 0.145169154 -5.879106045 3.810808420 -0.612207413 -0.524757326 -0.493439823 0.326112121
1403715980334057984.000000 -1.283010483 -5.923635960 3.884150505 0.029107993 -0.782238901 -0.031975642 0.621476114
1403715980584058112.000000 -1.320230722 -6.230610371 3.900042057 0.115810335 -0.771108687 0.067746751 0.622406363
1403715980834057984.000000 -1.270990372 -6.538124561 3.905034542 0.209235996 -0.754954159 0.161608428 0.600122690
1403715981134057984.000000 -1.119697571 -6.851151466 3.906337500 0.324019343 -0.709714592 0.272934794 0.562870681
1403715981434057984.000000 -0.901435792 -7.053509712 3.915874481 0.443593442 -0.634504199 0.376951814 0.508465052
1403715981734057984.000000 -0.660379767 -7.100880146 3.940859079 0.548596799 -0.527011216 0.473328859 0.444140226
1403715981984058112.000000 -0.471259356 -7.003665924 3.947548389 0.647671819 -0.455349445 0.495166361 0.357754737
1403715982284058112.000000 -0.266501129 -6.796288490 3.962379932 0.714208722 -0.357362509 0.532804787 0.279851884
1403715982584058112.000000 -0.088151388 -6.521427631 3.977836132 0.758557320 -0.252617657 0.565162778 0.203386918
1403715982884058112.000000 0.046738252 -6.183414459 3.986088514 0.789236307 -0.131421670 0.589393735 0.111577511
1403715983134057984.000000 0.109979071 -5.872496605 3.991052389 0.799990892 -0.031006703 0.598275185 0.033467956
1403715983384058112.000000 0.126542151 -5.551403999 3.993345737 -0.794946730 -0.075582199 -0.599829257 0.050515551
1403715983634057984.000000 0.086741723 -5.242230892 4.000904083 -0.758559763 -0.176962242 -0.608171165 0.152968585
1403715983884058112.000000 -0.026788615 -4.990499020 4.009737015 -0.717008114 -0.263986677 -0.596427560 0.245936364
1403715984134057984.000000 -0.210824043 -4.839858055 4.020899773 -0.687409103 -0.344755679 -0.557047188 0.313545346
1403715984284058112.000000 -0.341387004 -4.801934719 4.029801846 -0.671167672 -0.388479859 -0.527107179 0.347527444
1403715984534057984.000000 -0.567109048 -4.821743488 4.053375721 -0.628718197 -0.459634781 -0.489180893 0.392621070
1403715984684058112.000000 -0.702491522 -4.876104355 4.064392090 -0.605724752 -0.515267551 -0.453849047 0.402017176
1403715984834057984.000000 -0.837983072 -4.948447704 4.072859287 -0.574963570 -0.558774054 -0.412201643 0.432756573
1403715985184058112.000000 -1.106473446 -5.163164139 4.093022823 -0.489402562 -0.630790532 -0.360712528 0.482156575
1403715985284058112.000000 -1.168573737 -5.237429142 4.099910736 -0.473465383 -0.643144667 -0.365188926 0.478364497
1403715985934057984.000000 -1.560269594 -5.809532166 4.086641312 -0.574438989 -0.623582959 -0.327083647 0.417349398
1403715986234057984.000000 -1.714685559 -5.984042168 3.965901613 -0.581793070 -0.595226347 -0.342159450 0.436061293
1403715986584058112.000000 -1.820990562 -6.117835999 3.797541857 -0.563364029 -0.608420372 -0.367856264 0.420865089
1403715986984058112.000000 -1.918656707 -6.183192730 3.599728346 -0.566770375 -0.618181288 -0.359569162 0.409063935
1403715987434057984.000000 -1.977181673 -6.161901474 3.425066710 -0.588341713 -0.548959732 -0.400949806 0.437877417
1403715987684058112.000000 -1.963061690 -6.183762074 3.342771053 -0.589342415 -0.562835336 -0.409360170 0.410263717
1403715987934057984.000000 -1.947322130 -6.211064339 3.267284870 -0.595314980 -0.581642568 -0.394453645 0.389484644
1403715988184058112.000000 -1.937830687 -6.213320732 3.208288431 -0.586577177 -0.584043264 -0.397481889 0.396016300
1403715988534057984.000000 -1.939359665 -6.196526527 3.153657198 -0.575761676 -0.569078326 -0.407091260 0.422995239
1403715988884058112.000000 -1.928049922 -6.211415768 3.118759155 -0.593459606 -0.568492711 -0.385513246 0.419525027
1403715989134057984.000000 -1.889508724 -6.222707272 3.112569571 -0.591333449 -0.576027334 -0.393152118 0.404905736
1403715989634057984.000000 -1.798897862 -6.206838131 3.113629580 -0.589352727 -0.573224127 -0.401491195 0.403586864
1403715990134057984.000000 -1.720406175 -6.176805973 3.084188223 -0.575048089 -0.575498223 -0.416059345 0.406221837
1403715990584058112.000000 -1.707029819 -6.184302807 2.994060993 -0.573941231 -0.584711611 -0.412284613 0.398403406
1403715991034057984.000000 -1.776365995 -6.171692848 2.860761881 -0.576837480 -0.592926741 -0.405755609 0.388662964
1403715991184058112.000000 -1.809557438 -6.159081936 2.851188421 -0.572766900 -0.586883366 -0.411095291 0.398128986
1403715991634057984.000000 -1.811181545 -6.162608624 2.848406076 -0.574059904 -0.583299875 -0.409293413 0.403355151
1403715991984058112.000000 -1.811862469 -6.164524555 2.846227646 -0.573965967 -0.583115220 -0.409399778 0.403647870
1403715992484058112.000000 -1.812576890 -6.165890217 2.846887589 -0.574279308 -0.582968116 -0.409081846 0.403736979
1403715992984058112.000000 -1.812461734 -6.167021751 2.847652197 -0.574484825 -0.582831264 -0.408876568 0.403849959
1403715993484058112.000000 -1.812238574 -6.167086124 2.847715855 -0.574608088 -0.582818031 -0.408661216 0.403911829
1403715993934057984.000000 -1.811546445 -6.166066647 2.847364426 -0.575104475 -0.582852542 -0.407989681 0.403834492
