1413393216555760384.000000 0.558010995 -0.646699905 0.295671135 -0.544811785 -0.593116343 -0.394222885 0.442697972
1413393219205760512.000000 0.112902507 -1.168656230 0.547953963 -0.571372569 -0.598511398 -0.376621276 0.416502118
1413393222155760384.000000 -0.096197575 -1.124220252 1.038457632 -0.551688254 -0.593590140 -0.399649709 0.428451747
1413393223855760384.000000 -0.244982466 -0.572749972 0.954931915 -0.546674252 -0.601139486 -0.398100615 0.425786912
1413393224105760512.000000 -0.296358824 -0.456548423 0.947396576 -0.551087797 -0.596162975 -0.402470529 0.422976762
1413393224555760384.000000 -0.413863897 -0.271830499 0.824522614 -0.562797487 -0.578926921 -0.410679758 0.423609108
1413393227355760384.000000 -0.371746391 0.547132909 0.529340863 -0.737319887 -0.349721938 -0.518406987 0.255554438
1413393229555760384.000000 0.295335114 1.146800399 0.449710757 -0.795626223 -0.173377141 -0.566185415 0.127880082
1413393231605760512.000000 1.544931293 1.845554233 0.433756560 -0.799517214 -0.055559184 -0.594618440 0.064144336
1413393232005760512.000000 1.776612163 1.958793640 0.373974174 -0.810459554 -0.011674798 -0.582644343 0.059536982
1413393232305760512.000000 1.925270081 1.969426036 0.361732125 0.814420581 -0.030595616 0.579340219 -0.012160000
1413393232555760384.000000 2.048455954 1.943536878 0.322093874 0.815015376 -0.075014837 0.574264467 0.018522343
1413393233355760384.000000 2.482060909 1.728067517 0.235596880 0.808913767 -0.090081647 0.577327609 0.065090105
1413393233755760384.000000 2.697624922 1.602998376 0.359057397 0.798669040 -0.144507602 0.573200405 0.112635612
1413393233955760384.000000 2.795851946 1.554718971 0.452441007 0.784254611 -0.173455760 0.580734491 0.132685050
1413393234155760384.000000 2.881047249 1.519937515 0.536047995 0.778218925 -0.213111892 0.573774815 0.140503377
1413393236755760384.000000 2.888406277 1.208463311 0.639110267 0.612591565 -0.558532715 0.428227156 0.359714240
1413393239605760512.000000 3.177075148 0.351115614 0.726852417 0.592525244 -0.562542140 0.411208749 0.404187471
1413393242155760384.000000 3.257815361 -0.812240541 0.589592993 0.573004603 -0.554575205 0.426539212 0.426821113
1413393245005760512.000000 3.216940165 -0.878834128 0.569411635 0.673860788 -0.443158865 0.506485343 0.304950029
1413393247555760384.000000 3.230582237 -0.480579495 0.250709385 0.720726788 -0.415351599 0.492982805 0.254958659
1413393250505760512.000000 3.099967718 -0.656614363 0.082423717 0.691931546 -0.413326889 0.512032688 0.297008783
1413393250805760512.000000 3.167401791 -0.627746701 0.057711914 0.687516212 -0.421757668 0.518766582 0.283413559
1413393253655760384.000000 3.145911694 -0.438369751 0.265946448 0.436682254 -0.696707308 0.310566872 0.476923287
1413393254705760512.000000 3.098971367 -0.769473672 0.484913737 0.371928781 -0.732056797 0.254892290 0.510677814
1413393256605760512.000000 2.898206234 -1.328705072 0.645365119 0.353513449 -0.744277060 0.260785401 0.503061652
1413393257105760512.000000 2.764815807 -1.528143406 0.625647902 0.366735905 -0.731453121 0.267216593 0.508995593
1413393258005760512.000000 2.493927956 -1.944620609 0.516373515 0.360693902 -0.732184947 0.253369570 0.519238889
1413393260505760512.000000 2.230036974 -3.026226759 0.587742627 0.716612637 -0.323116004 0.550093234 0.281886190
1413393263355760384.000000 2.735820293 -3.141068697 0.504734457 0.789329231 -0.209394544 0.564181745 0.121706188
1413393266205760512.000000 3.129943609 -3.324252844 0.216766462 0.813023865 -0.047964167 0.579209745 0.034750458
1413393267555760384.000000 3.093422413 -3.286740303 0.447438776 -0.784037650 -0.216890916 -0.556879938 0.167714238
1413393270005760512.000000 2.977781296 -3.352644205 0.224259272 -0.775689781 -0.262215853 -0.544080019 0.183099151
1413393270255760384.000000 2.960542440 -3.362884998 0.153129354 -0.778319657 -0.265335739 -0.538497448 0.183945283
1413393270705760512.000000 2.967890263 -3.370551825 0.059430458 -0.786360979 -0.237127751 -0.546254992 0.164354637
1413393272855760384.000000 2.862951517 -2.911544323 0.194838673 -0.810047150 -0.016116317 -0.586080849 -0.008557087
1413393275605760512.000000 2.509892225 -2.260236740 0.449204922 0.631439626 -0.502216399 0.476453692 0.349363178
1413393278505760512.000000 1.941086650 -2.453080893 0.434727073 0.503209054 -0.649320066 0.396800429 0.409528553
1413393278855760384.000000 1.751753926 -2.486891031 0.453957498 0.507735550 -0.638370931 0.372768819 0.442414433
1413393279305760512.000000 1.494232059 -2.545127869 0.483942717 0.528385043 -0.626025438 0.358257622 0.447831362
1413393279805760512.000000 1.295065165 -2.661944389 0.456876993 0.536228776 -0.612925947 0.368847132 0.448031604
1413393280305760512.000000 1.182450056 -2.794817686 0.451343298 0.527749300 -0.610449731 0.401986301 0.432711154
1413393280805760512.000000 1.035555840 -2.852535725 0.452827334 0.523207724 -0.623209417 0.422608286 0.399081558
1413393281105760512.000000 0.864801764 -2.868798494 0.417830080 0.540699959 -0.614831567 0.402393639 0.409518033
1413393281355760384.000000 0.698105574 -2.895907640 0.429038912 0.551230550 -0.603678763 0.385098189 0.428271323
1413393281755760384.000000 0.472396910 -2.961066723 0.469056457 0.540486932 -0.603792965 0.383237004 0.443212539
1413393282255760384.000000 0.269020826 -3.026360273 0.549091816 0.520468473 -0.628723979 0.392534256 0.423952460
1413393282755760384.000000 0.068570703 -3.086532593 0.615692675 0.532931030 -0.603028536 0.383772552 0.452835411
1413393283255760384.000000 -0.043393217 -3.121600628 0.623323321 0.599634051 -0.559213579 0.411692321 0.397779763
1413393283655760384.000000 -0.062345833 -3.171236038 0.617996156 0.657624781 -0.491621315 0.452847451 0.347515941
1413393284705760512.000000 0.144503474 -3.276987553 0.471282870 0.773117959 -0.258750021 0.550226927 0.180519715
1413393287605760512.000000 0.877606511 -3.659574270 0.508078218 -0.795085251 -0.189291716 -0.557705820 0.144818604
1413393290255760384.000000 1.525856972 -3.555073500 0.445467025 -0.738115549 -0.337024212 -0.527232409 0.252242565
1413393293055760384.000000 1.846231580 -3.477206945 0.348265558 -0.690115929 -0.413025171 -0.514440119 0.297492266
1413393295205760512.000000 0.816407919 -3.641674042 0.475130081 -0.701844990 -0.420218140 -0.495732725 0.291683674
1413393296805760512.000000 0.132937357 -3.435467243 0.406041235 -0.725551128 -0.386057466 -0.491061658 0.288779527
1413393297305760512.000000 0.015613914 -3.276192904 0.330883026 -0.736822188 -0.357984692 -0.503989518 0.273741990
1413393299955760384.000000 0.194789678 -2.479899883 0.246165350 -0.722749472 -0.359492540 -0.526376724 0.267069042
1413393300605760512.000000 0.112557635 -2.366181850 0.313906342 -0.709689438 -0.396958083 -0.483647704 0.323805660
1413393302555760384.000000 -0.250997752 -2.360178947 0.154946297 -0.579012275 -0.571033895 -0.403643280 0.419210374
1413393302855760384.000000 -0.358740181 -2.366779566 0.189734712 -0.592483878 -0.560681522 -0.399507552 0.418321431
1413393303505760512.000000 -0.510103822 -2.345630646 0.311639071 -0.582743466 -0.571166873 -0.416141897 0.401253641
1413393304155760384.000000 -0.664698899 -2.299226284 0.465249568 -0.595753610 -0.557789981 -0.406638324 0.410601050
1413393306505760512.000000 -1.358508825 -1.646043658 0.583577514 -0.630806446 -0.526018023 -0.433262169 0.371041954
1413393307055760384.000000 -1.591827750 -1.429540634 0.553162038 -0.691466153 -0.434673846 -0.460221380 0.348036796
1413393308405760512.000000 -1.649357557 -0.899402738 0.651685834 -0.791254699 -0.188973084 -0.566611409 0.130984157
1413393310355760384.000000 -1.555812359 -0.305059969 0.459196121 -0.815788865 -0.005768117 -0.578308940 0.003762715
1413393311355760384.000000 -1.320006728 -0.275695860 0.390442848 0.821912289 -0.011279218 0.569500446 0.001535053
1413393311605760512.000000 -1.226143956 -0.289309412 0.339441657 0.823301852 -0.006746884 0.567439437 0.011882193
1413393314505760512.000000 -0.504303515 -0.364965737 0.346320093 -0.818221271 -0.039240398 -0.573244333 0.019104395
1413393317205760512.000000 -0.044220485 0.331030667 0.618569732 -0.786436439 -0.178353533 -0.577965736 0.125153512
1413393317505760512.000000 -0.043477930 0.466260254 0.598195672 -0.780667782 -0.175569728 -0.586672127 0.124695428
1413393317855760384.000000 -0.090380184 0.620446861 0.524377584 -0.784087598 -0.167749539 -0.584515512 0.124130845
1413393318205760512.000000 -0.176358491 0.767893136 0.444971085 -0.796796858 -0.154176250 -0.572440624 0.116860054
1413393318505760512.000000 -0.254461706 0.890791118 0.365207076 -0.799579918 -0.135517165 -0.570854247 0.128189683
1413393318805760512.000000 -0.322185636 0.984386921 0.284545988 -0.798539579 -0.133171424 -0.572644889 0.129142419
1413393319205760512.000000 -0.416833073 1.053642154 0.242602944 -0.794160187 -0.138247132 -0.577400684 0.129637614
1413393319505760512.000000 -0.497556746 1.070331335 0.220755920 -0.810015082 -0.141979441 -0.554045677 0.129425004
1413393319805760512.000000 -0.535784185 1.070003152 0.155399069 -0.817696869 -0.146740034 -0.541520953 0.128818437
1413393320105760512.000000 -0.521866441 1.067335963 0.063838661 -0.799168527 -0.163690135 -0.567399144 0.112221129
1413393320505760512.000000 -0.516932070 1.091251493 -0.013427548 -0.802765727 -0.155670807 -0.564722121 0.111457326
1413393320855760384.000000 -0.521856487 1.133723378 -0.088579856 -0.793531835 -0.149917379 -0.579889238 0.107519984
1413393321155760384.000000 -0.539237678 1.110538244 -0.089863651 -0.790039897 -0.146796361 -0.584321916 0.113383599
1413393321555760384.000000 -0.539648533 1.107684612 -0.083654419 -0.792704165 -0.142911494 -0.583409131 0.104068816
1413393322055760384.000000 -0.538822711 1.107830644 -0.084244117 -0.791011035 -0.142964810 -0.585683227 0.104105279
1413393322555760384.000000 -0.539286137 1.107748389 -0.084536977 -0.790981531 -0.143039554 -0.585707068 0.104092538
1413393323055760384.000000 -0.539701700 1.107668281 -0.084069498 -0.791040957 -0.142884582 -0.585626602 0.104306251
1413393323555760384.000000 -0.540105164 1.107500553 -0.083998993 -0.791088462 -0.142735615 -0.585558951 0.104529731
1413393324055760384.000000 -0.539646506 1.107602000 -0.084604643 -0.791168332 -0.142579317 -0.585491896 0.104514204
1413393324555760384.000000 -0.539609611 1.107715607 -0.084246688 -0.791256309 -0.142477334 -0.585383356 0.104594834
1413393325055760384.000000 -0.539765418 1.107530951 -0.083720922 -0.791283309 -0.142461821 -0.585336030 0.104676783
1413393325555760384.000000 -0.540149927 1.107609868 -0.084559195 -0.791314781 -0.142159805 -0.585351527 0.104762234
1413393326055760384.000000 -0.539836705 1.107555389 -0.084337845 -0.791283429 -0.142144144 -0.585372806 0.104901582
