1403638147795097088.000000 -4.928831577 3.385040045 -9.747222900 -0.566268265 -0.618447363 -0.363723934 0.405669749
1403638148095097088.000000 -4.930878639 3.414745569 -9.712034225 -0.558273494 -0.600908816 -0.383693039 0.424286485
1403638150845096960.000000 -5.375821114 3.914678097 -9.364980698 -0.506357074 -0.659959316 -0.341616303 0.437440902
1403638152295097088.000000 -6.304979801 4.295073509 -9.206879616 -0.374485970 -0.735896111 -0.267838210 0.496467412
1403638152595097088.000000 -6.549378395 4.353574753 -9.203049660 -0.374446809 -0.736798346 -0.274229735 0.491646200
1403638152945096960.000000 -6.878933907 4.413013935 -9.187438965 -0.361174136 -0.739096522 -0.252064317 0.509659886
1403638153945096960.000000 -7.934374332 4.608253002 -9.003811836 -0.245568976 -0.789098501 -0.182169512 0.532760501
1403638154695097088.000000 -8.811626434 4.655545235 -9.041252136 -0.228968710 -0.777296185 -0.174715102 0.559337735
1403638155095097088.000000 -9.232225418 4.577574730 -8.983736038 -0.193153560 -0.793795824 -0.161886498 0.553509355
1403638155695097088.000000 -9.830752373 4.314150333 -8.928447723 -0.134785473 -0.790195167 -0.114438325 0.586795092
1403638155895097088.000000 -10.000076294 4.184929371 -8.951151848 -0.103278004 -0.796889484 -0.080904290 0.589707911
1403638156295097088.000000 -10.282952309 3.906708956 -8.949341774 -0.029331423 -0.824900508 -0.011248853 0.564404428
1403638156695097088.000000 -10.571906090 3.662033796 -8.942056656 -0.002896952 -0.831869602 0.013867792 0.554790199
1403638157095097088.000000 -10.912580490 3.461093664 -8.986922264 -0.007225384 -0.834578454 0.009550745 0.550758958
1403638157295097088.000000 -11.108279228 3.376621008 -8.978558540 -0.010230104 -0.836804688 0.007802297 0.547350407
1403638157895097088.000000 -11.776171684 3.120337009 -8.936250687 0.060798503 -0.818294644 0.033023410 0.570619762
1403638158295097088.000000 -12.216286659 2.925582647 -8.884054184 0.097247377 -0.816238821 0.079030886 0.563960254
1403638158595097088.000000 -12.537027359 2.796888828 -8.891132355 0.110629469 -0.813107908 0.069949739 0.567206919
1403638159345096960.000000 -13.320030212 2.469908953 -8.857870102 0.091232873 -0.832022429 0.078357756 0.541548908
1403638159545096960.000000 -13.559024811 2.393157244 -8.840435982 0.079825051 -0.804249585 0.092473045 0.581600726
1403638160345096960.000000 -14.281497955 2.383062363 -8.481521606 0.097972013 -0.816912472 0.076630250 0.563190401
1403638160545096960.000000 -14.420361519 2.413644075 -8.335057259 0.099333502 -0.823366582 0.075186171 0.553667367
1403638160745096960.000000 -14.569530487 2.439300299 -8.206303596 0.096835628 -0.822084486 0.078013964 0.555620253
1403638160945096960.000000 -14.724879265 2.469499588 -8.090256691 0.074007019 -0.807960272 0.083445214 0.578584611
1403638161145096960.000000 -14.867509842 2.519510746 -7.989542484 0.043548003 -0.804952204 0.062436011 0.588436306
1403638162145096960.000000 -15.456883430 2.934481621 -7.687094212 -0.072620898 -0.818464100 -0.020782532 0.569570839
1403638162495097088.000000 -15.662486076 3.144116640 -7.597720623 -0.085658275 -0.818556607 -0.017131478 0.567744911
1403638162745096960.000000 -15.807010651 3.327243567 -7.531093121 -0.075829692 -0.820654929 -0.027915662 0.565681875
1403638165595097088.000000 -16.236701965 6.294360161 -6.938337803 -0.201156437 -0.779841185 -0.113249496 0.581857681
1403638166195097088.000000 -15.896364212 6.948450089 -7.034359932 -0.189855754 -0.796968281 -0.129352003 0.558627367
1403638166795097088.000000 -15.544100761 7.496957302 -6.808903217 -0.186956808 -0.801686168 -0.115244806 0.555936337
1403638167195097088.000000 -15.362389565 7.864181995 -6.743066788 -0.195324719 -0.820744574 -0.100722753 0.527334332
1403638167595097088.000000 -15.296350479 8.306619644 -6.619259834 -0.193184927 -0.810306609 -0.107900724 0.542623401
1403638168995097088.000000 -15.167303085 10.301954269 -6.409019470 -0.295182139 -0.784698308 -0.205589727 0.504825771
1403638169395097088.000000 -15.241651535 10.897621155 -6.463501453 -0.313926429 -0.752716482 -0.182005882 0.549310386
1403638169595097088.000000 -15.260917664 11.201331139 -6.502768040 -0.340267003 -0.731288910 -0.193467498 0.558574319
1403638169795097088.000000 -15.238558769 11.506536484 -6.517033577 -0.362273782 -0.723359942 -0.233298719 0.539518178
1403638170395097088.000000 -15.078748703 12.286327362 -6.475197792 -0.462621957 -0.653948426 -0.324062943 0.503304839
1403638170645096960.000000 -14.977330208 12.538564682 -6.486258984 -0.510820746 -0.616647780 -0.339386076 0.493583739
1403638171095097088.000000 -14.678741455 12.899855614 -6.445562363 -0.568056762 -0.561794937 -0.386424333 0.460840851
1403638171495097088.000000 -14.309273720 13.098654747 -6.456953049 -0.589043856 -0.532935143 -0.403778553 0.453839749
1403638172295097088.000000 -13.212204933 13.023368835 -6.476971149 -0.612249196 -0.492649108 -0.433665842 0.440887541
1403638172695097088.000000 -12.521595001 12.729553223 -6.591379642 -0.608281553 -0.489833832 -0.432357013 0.450692505
1403638172895097088.000000 -12.146073341 12.518897057 -6.688895226 -0.606919706 -0.491656423 -0.427572340 0.455087155
1403638174295097088.000000 -9.084457397 10.369026184 -7.852668762 -0.609201431 -0.538400233 -0.419299275 0.403964072
1403638174495097088.000000 -8.666946411 10.029012680 -8.036337852 -0.612961113 -0.544005513 -0.412281752 0.397945285
1403638174695097088.000000 -8.257892609 9.707853317 -8.203529358 -0.615135074 -0.552838027 -0.408114702 0.386550784
1403638174895097088.000000 -7.860611916 9.409000397 -8.341630936 -0.617329836 -0.558928609 -0.404532492 0.377963066
1403638177195097088.000000 -4.903304100 8.735657692 -8.745527267 -0.600557983 -0.565780580 -0.432720631 0.363284022
1403638177695097088.000000 -4.746997833 8.920464516 -8.831653595 -0.615452826 -0.550016463 -0.416309685 0.381295145
1403638177945096960.000000 -4.691752434 9.024952888 -8.901294708 -0.618795633 -0.527704418 -0.419956774 0.402810633
1403638178395097088.000000 -4.534288883 9.150292397 -8.927932739 -0.638385355 -0.486899644 -0.455900043 0.384119749
1403638179945096960.000000 -3.568682194 9.095705032 -9.199072838 -0.774300754 -0.277175277 -0.527681470 0.212566227
1403638180195097088.000000 -3.371413231 9.089089394 -9.218937874 -0.790300965 -0.252958089 -0.523766875 0.192626387
1403638180495097088.000000 -3.110920191 9.086319923 -9.257905006 -0.793695629 -0.249663055 -0.523716688 0.182856157
1403638181095097088.000000 -2.503288269 9.137509346 -9.318163872 -0.793934464 -0.263542145 -0.514706254 0.187859014
1403638181795097088.000000 -1.658164740 9.184877396 -9.455550194 -0.792528093 -0.167277008 -0.563394725 0.162800655
1403638182045096960.000000 -1.368656993 9.124747276 -9.455359459 -0.811203659 -0.137392506 -0.556094646 0.117604569
1403638182295097088.000000 -1.082398772 9.056773186 -9.426950455 -0.824598610 -0.116439126 -0.543065727 0.107511871
1403638182745096960.000000 -0.511512220 8.923099518 -9.346775055 -0.829796314 -0.130650356 -0.534905672 0.090799361
1403638182945096960.000000 -0.231077552 8.875249863 -9.297693253 -0.824746907 -0.132575870 -0.541161835 0.096747853
1403638183695097088.000000 0.861059785 8.768190384 -9.275863647 -0.822280586 -0.148241431 -0.542551994 0.086697929
1403638184145096960.000000 1.521988869 8.810765266 -9.213768005 -0.814452112 -0.146487266 -0.554688454 0.086775526
1403638184395097088.000000 1.871782660 8.863865852 -9.176676750 -0.818368852 -0.144119516 -0.549513221 0.086817883
1403638184645096960.000000 2.220841169 8.939312935 -9.158084869 -0.812451422 -0.142484784 -0.558541238 0.087478340
1403638185045096960.000000 2.756307602 9.098414421 -9.122007370 -0.811402321 -0.140408203 -0.560509145 0.087985210
1403638185245096960.000000 3.012157679 9.191394806 -9.096169472 -0.811934114 -0.145360053 -0.559437096 0.081631482
1403638185645096960.000000 3.490785360 9.427931786 -9.037928581 -0.796171725 -0.177208528 -0.571735919 0.088463672
1403638186045096960.000000 3.897479773 9.723171234 -8.986962318 -0.804420650 -0.175780490 -0.548631370 0.144956246
1403638186295097088.000000 4.145551205 9.891104698 -8.976877213 -0.803780735 -0.188303143 -0.548654318 0.132124916
1403638186545096960.000000 4.390413284 10.055685997 -8.937044144 -0.802873909 -0.191052258 -0.550460577 0.126038671
1403638189145096960.000000 5.334486008 11.846905708 -8.561660767 -0.716150403 -0.343566984 -0.548838019 0.260513276
1403638190145096960.000000 4.657670021 11.844053268 -8.367120743 -0.717429280 -0.416207701 -0.480304152 0.285261840
1403638190595097088.000000 4.409228325 11.921878815 -8.389538765 -0.677080691 -0.439724088 -0.516499162 0.285364777
1403638191645096960.000000 3.500060558 11.980155945 -8.322958946 -0.695147753 -0.445175290 -0.478929490 0.298688918
1403638191845096960.000000 3.323159218 11.998761177 -8.322243690 -0.692294002 -0.450934291 -0.483804286 0.288653195
1403638192995097088.000000 2.220811844 12.279256821 -8.045351028 -0.663248718 -0.407338262 -0.520184517 0.351546288
1403638193195097088.000000 2.008965492 12.256565094 -7.990051746 -0.662356913 -0.417976320 -0.507968962 0.358534127
1403638196145096960.000000 -0.637988150 10.597337723 -7.672908783 -0.691158533 -0.470099509 -0.451211929 0.312592804
1403638197495097088.000000 -1.098067880 10.890397072 -7.599520206 -0.668673694 -0.466371238 -0.485793620 0.315242618
1403638198195097088.000000 -1.366227746 11.129653931 -7.471561432 -0.663726091 -0.452279449 -0.490415782 0.338235587
1403638198445096960.000000 -1.484434485 11.176457405 -7.558553219 -0.667622268 -0.461289942 -0.485001534 0.325984061
1403638198895097088.000000 -1.764472485 11.231037140 -7.730956554 -0.639491200 -0.485267937 -0.519834578 0.292126685
1403638199295097088.000000 -2.221883297 11.266102791 -7.748670578 -0.643877089 -0.478035063 -0.515365660 0.302163988
1403638199695097088.000000 -2.864791870 11.285094261 -7.631817341 -0.640646756 -0.490721464 -0.509342670 0.298888534
1403638199895097088.000000 -3.249128580 11.290984154 -7.556108475 -0.647999346 -0.491194040 -0.484261930 0.322979420
1403638200145096960.000000 -3.746643782 11.296491623 -7.489201069 -0.637350559 -0.505861700 -0.474836588 0.335288554
1403638200395097088.000000 -4.264369488 11.295238495 -7.411550522 -0.601835132 -0.529148996 -0.476873815 0.361091852
1403638200645096960.000000 -4.813785076 11.275400162 -7.296217442 -0.574343801 -0.561656773 -0.472489864 0.362524718
1403638200895097088.000000 -5.410333157 11.236718178 -7.164415359 -0.560982406 -0.585129201 -0.457879186 0.365060657
1403638201095097088.000000 -5.918881893 11.197159767 -7.087526321 -0.569236636 -0.578164637 -0.438882649 0.386105508
1403638201295097088.000000 -6.435642719 11.152040482 -7.041356564 -0.574070990 -0.573046386 -0.433921456 0.392138422
1403638201495097088.000000 -6.952328682 11.102383614 -7.023307323 -0.575217485 -0.571029425 -0.436756670 0.390248597
1403638201695097088.000000 -7.469365597 11.047847748 -7.034786701 -0.574984372 -0.567342818 -0.441474885 0.390659720
1403638201895097088.000000 -7.986636639 10.984306335 -7.078305244 -0.576472998 -0.565885961 -0.441507965 0.390541673
1403638202345096960.000000 -9.148746490 10.773103714 -7.148747921 -0.578101575 -0.579568624 -0.405712724 0.406565964
1403638202595097088.000000 -9.763329506 10.663332939 -7.176152706 -0.578867853 -0.582346499 -0.398744494 0.408396214
1403638202845096960.000000 -10.344464302 10.569007874 -7.241347313 -0.578763127 -0.582383931 -0.399651080 0.407604247
1403638203245096960.000000 -11.206959724 10.430192947 -7.329522133 -0.573348761 -0.578297675 -0.409419596 0.411361843
1403638203445096960.000000 -11.610138893 10.357061386 -7.344487667 -0.572699368 -0.574343681 -0.409808040 0.417375296
1403638203845096960.000000 -12.357466698 10.193253517 -7.386862278 -0.574686050 -0.574600637 -0.406315297 0.417705715
1403638204245096960.000000 -13.021762848 10.003894806 -7.331069946 -0.581826448 -0.577332020 -0.391427398 0.418270677
1403638204445096960.000000 -13.316349983 9.913031578 -7.274524689 -0.598047316 -0.572970927 -0.369056761 0.421711951
1403638204745096960.000000 -13.688236237 9.806061745 -7.217593193 -0.587662578 -0.580759108 -0.369565040 0.425197899
1403638204995097088.000000 -13.951726913 9.735781670 -7.215379715 -0.536505520 -0.622685730 -0.372026056 0.431301445
1403638205195097088.000000 -14.161788940 9.683557510 -7.231418610 -0.479414165 -0.665729761 -0.343034983 0.457485616
1403638205395097088.000000 -14.377692223 9.629478455 -7.223156929 -0.408203453 -0.706845760 -0.300779104 0.493225038
1403638205595097088.000000 -14.589796066 9.568049431 -7.183059216 -0.340554237 -0.735025942 -0.283991843 0.512941003
1403638205795097088.000000 -14.803216934 9.479372025 -7.117726803 -0.297618240 -0.745375693 -0.282724619 0.525266826
1403638206495097088.000000 -15.612808228 8.853920937 -6.806825638 -0.205815569 -0.774667978 -0.173863247 0.572102308
1403638206745096960.000000 -15.866812706 8.561988831 -6.747883797 -0.194918469 -0.774754107 -0.157910004 0.580368221
1403638206995097088.000000 -16.082351685 8.254081726 -6.729970455 -0.182347283 -0.774827778 -0.144486114 0.587805450
1403638207245096960.000000 -16.253246307 7.936369896 -6.755218506 -0.175106689 -0.772573471 -0.138748258 0.594320536
1403638207745096960.000000 -16.428236008 7.249392033 -6.846872330 -0.117518216 -0.792427361 -0.082666554 0.592802346
1403638208045096960.000000 -16.439188004 6.848969460 -6.826891422 -0.110494763 -0.806956232 -0.065662369 0.576455653
1403638208295097088.000000 -16.424638748 6.542353630 -6.818660259 -0.111317024 -0.798638642 -0.068172172 0.587484062
1403638208545096960.000000 -16.389261246 6.253589630 -6.847031593 -0.108573981 -0.806023538 -0.064991370 0.578198910
1403638208795097088.000000 -16.338676453 5.980322838 -6.845612049 -0.086379834 -0.808976710 -0.046532791 0.579594612
1403638209045096960.000000 -16.273855209 5.731381416 -6.838305950 -0.071055241 -0.808276474 -0.039331842 0.583175182
1403638209295097088.000000 -16.192018509 5.500902176 -6.872978210 -0.068086103 -0.808900654 -0.033713214 0.583015740
1403638209545096960.000000 -16.100257874 5.290247917 -6.947365284 -0.068818964 -0.806598902 -0.031332493 0.586242616
1403638209845096960.000000 -15.978005409 5.065592766 -7.158572674 -0.068506762 -0.806440949 -0.036099259 0.586222470
1403638210095097088.000000 -15.859757423 4.894924164 -7.406301498 -0.065739445 -0.796469331 -0.041638829 0.599650979
1403638210345096960.000000 -15.703073502 4.731776714 -7.628313541 -0.065651223 -0.792046785 -0.041957635 0.605467916
1403638210595097088.000000 -15.498934746 4.575131416 -7.850687981 -0.067518659 -0.791539609 -0.040884502 0.605998993
1403638210945096960.000000 -15.139346123 4.368983269 -8.168981552 -0.071370006 -0.795038402 -0.036843687 0.601217687
1403638211245096960.000000 -14.775333405 4.213418484 -8.371950150 -0.074017629 -0.803301513 -0.031291276 0.590126336
1403638211495097088.000000 -14.461831093 4.110007763 -8.507347107 -0.090205371 -0.803190410 -0.042013813 0.587352633
1403638211745096960.000000 -14.130749702 4.029190063 -8.672692299 -0.137927264 -0.796273470 -0.064794645 0.585428417
1403638211995097088.000000 -13.784738541 3.978579521 -8.839286804 -0.202058330 -0.784844339 -0.096259698 0.577863336
1403638212245096960.000000 -13.423503876 3.964546204 -8.958192825 -0.252599657 -0.770579100 -0.140471339 0.568039656
1403638212495097088.000000 -13.043348312 3.970932484 -9.023147583 -0.301020771 -0.752733588 -0.181973472 0.556474984
1403638212745096960.000000 -12.643627167 3.987860203 -9.042178154 -0.352602929 -0.733446360 -0.217047036 0.539090276
1403638212995097088.000000 -12.226275444 4.011772156 -9.021853447 -0.407918572 -0.706168950 -0.253908366 0.520056188
1403638213245096960.000000 -11.795745850 4.045594215 -8.983660698 -0.472336054 -0.673922598 -0.280629963 0.493937224
1403638213495097088.000000 -11.350379944 4.102457047 -8.980562210 -0.543319643 -0.635760784 -0.289039224 0.465905994
1403638213695097088.000000 -10.970416069 4.180687904 -8.990920067 -0.556979835 -0.609865308 -0.333259046 0.454726607
1403638213945096960.000000 -10.483190536 4.295162201 -8.975608826 -0.550907195 -0.602605045 -0.369727165 0.443475276
1403638214245096960.000000 -9.909812927 4.430068970 -8.918537140 -0.557122052 -0.618184686 -0.355663687 0.425401151
1403638217095097088.000000 -5.851116180 5.524211884 -9.296511650 -0.551961184 -0.592730761 -0.400129199 0.428842217
1403638219795097088.000000 -5.150070667 4.970968723 -9.301129341 -0.596341848 -0.542655468 -0.422150582 0.414355457
1403638221095097088.000000 -5.057095051 4.262335300 -9.328725815 -0.601972461 -0.555738330 -0.423132539 0.386966467
1403638221595097088.000000 -5.063671112 4.016588688 -9.352256775 -0.610744178 -0.552565098 -0.414178073 0.387453139
1403638222095097088.000000 -5.057583332 3.809398890 -9.358289719 -0.603750408 -0.553346097 -0.422946274 0.387827218
1403638222395097088.000000 -5.056039333 3.695403099 -9.349831581 -0.611888766 -0.559866965 -0.412171602 0.377168119
1403638222795097088.000000 -5.058938503 3.593933821 -9.391547203 -0.605917573 -0.553093970 -0.420467496 0.387502372
1403638223045096960.000000 -5.065288544 3.541834831 -9.430148125 -0.598821223 -0.546611071 -0.429452568 0.397743583
1403638223295097088.000000 -5.076146126 3.473359585 -9.446735382 -0.615673661 -0.556925893 -0.406086713 0.381933331
1403638223595097088.000000 -5.078485489 3.408129454 -9.466053009 -0.617593706 -0.542952001 -0.403646469 0.401061863
1403638223895097088.000000 -5.052353382 3.354120731 -9.500500679 -0.604586542 -0.555951297 -0.423148334 0.382542700
1403638224145096960.000000 -5.039654255 3.314438581 -9.540037155 -0.608235717 -0.562964857 -0.417259067 0.372846961
1403638224445096960.000000 -5.044146538 3.293217421 -9.581801414 -0.608386934 -0.553605437 -0.417734772 0.385854840
1403638224745096960.000000 -5.057869911 3.282587767 -9.620179176 -0.611200273 -0.558309555 -0.413433969 0.379205763
1403638225045096960.000000 -5.075299740 3.286088228 -9.628629684 -0.610421479 -0.544711411 -0.412850708 0.400286853
1403638225345096960.000000 -5.077696800 3.293266296 -9.616467476 -0.608799040 -0.558675647 -0.413122028 0.382851869
1403638225645096960.000000 -5.081276894 3.308530569 -9.628632545 -0.588967800 -0.543104768 -0.440625250 0.404973686
1403638225945096960.000000 -5.095639229 3.293740988 -9.719628334 -0.605463445 -0.560508311 -0.417476207 0.380733609
1403638226245096960.000000 -5.125424862 3.308601141 -9.745459557 -0.612812459 -0.571638346 -0.403950930 0.366761714
1403638226445096960.000000 -5.130851269 3.309618235 -9.736557007 -0.610963821 -0.567934453 -0.406069875 0.373203576
1403638226945096960.000000 -5.128865242 3.317277431 -9.710024834 -0.611026049 -0.567984760 -0.405850142 0.373264283
1403638227445096960.000000 -5.131197929 3.323935986 -9.691448212 -0.611605346 -0.568000376 -0.405106276 0.373099834
1403638227945096960.000000 -5.136150360 3.334649086 -9.680492401 -0.611903787 -0.568121791 -0.404740304 0.372822762
1403638228445096960.000000 -5.141913891 3.353382826 -9.678175926 -0.612202048 -0.568113267 -0.404459774 0.372650474
