#Stereo rect[ms], MP culling[ms], MP creation[ms], LBA[ms], KF culling[ms], Total[ms]
9.641553,0.214946,2.318908,0.016000,0.016000,12.204783
12.142318,0.399300,5.748387,0.004768,0.004768,18.299382
13.249723,0.572839,8.606180,0.508070,0.508070,72.423503
14.039844,0.633096,14.684363,1.216494,1.216494,83.254253
15.361620,0.349796,17.787216,1.906198,1.906198,92.210102
15.856634,0.423429,22.931308,2.136537,2.136537,119.826329
16.302462,0.447014,27.247134,2.907874,2.907874,131.943719
17.570285,0.498310,30.708935,3.456969,3.456969,128.375261
18.436568,0.471173,35.413758,3.193382,3.193382,135.604626
18.591513,0.501670,36.836431,93.471653,93.471653,230.071298
18.960862,0.442437,36.396938,4.478324,4.478324,125.945185
20.227085,0.517062,44.395015,4.799992,4.799992,144.878879
13.132346,0.441413,29.616570,5.369407,5.369407,127.533172
21.872064,0.587143,52.897003,5.888004,5.888004,183.362817
23.085102,0.621127,51.604476,6.437419,6.437419,182.784282
23.718646,0.604615,55.300007,7.669753,7.669753,189.847757
21.664286,0.522598,42.185645,8.307969,8.307969,168.795543
16.192061,0.432581,44.607402,9.124299,9.124299,340.929717
15.309907,0.412869,35.918500,9.763378,9.763378,185.619964
17.142857,0.479398,47.044774,10.793311,10.793311,194.595686
29.836477,0.574823,64.224687,11.475462,11.475462,254.955848
20.321678,0.376645,46.628481,13.398621,13.398621,210.931973
13.716513,0.318723,35.579905,12.164494,12.164494,190.035664
13.448157,0.376068,35.372798,13.786753,13.786753,201.674616
26.760729,0.552839,68.619011,12.223471,12.223471,249.821196
15.829017,0.411045,42.313423,14.329320,14.329320,211.795183
24.485246,0.555879,54.228699,13.834722,13.834722,251.657154
14.159302,0.446469,39.926324,14.470954,14.470954,208.286919
12.372177,0.454597,32.969058,13.929603,13.929603,200.259817
25.794990,0.591847,52.585864,14.352360,14.352360,230.731630
15.399860,0.415045,40.982272,11.650216,11.650216,199.759618
12.658708,0.436293,33.036163,13.263579,13.263579,198.830520
13.041208,0.437285,34.743991,14.278504,14.278504,195.399728
21.653053,0.686728,50.009098,11.244004,11.244004,214.777683
20.274125,0.769673,58.325003,13.708352,13.708352,251.321439
16.422049,0.478693,43.503454,10.608700,10.608700,203.971093
20.975478,0.696488,57.098749,10.785951,10.785951,226.613311
13.197627,0.534342,40.811998,12.907767,12.907767,214.115052
21.847008,0.643528,55.143366,12.010221,12.010221,230.664110
21.244121,0.732041,57.997671,11.837642,11.837642,235.174243
18.802524,0.762889,55.266152,12.004716,12.004716,230.496524
18.298903,0.709256,51.948737,12.119182,12.119182,226.029945
18.869245,0.696968,48.820636,11.755369,11.755369,220.842171
10.718366,0.467238,23.109934,11.509063,11.509063,176.676567
13.378205,0.521830,34.093936,10.778910,10.778910,194.644617
11.013153,0.428677,26.752730,9.866388,9.866388,193.269785
12.723062,0.457957,31.093740,15.104529,15.104529,197.820559
10.657597,0.476934,26.912987,10.284760,10.284760,174.892898
13.898883,0.646311,36.913905,12.350928,12.350928,199.567970
11.109731,0.546438,28.191530,8.806407,8.806407,175.338919
14.592971,0.584390,34.949530,12.274640,12.274640,196.623808
11.068642,0.585894,27.925736,8.721478,8.721478,173.188494
15.954523,0.742345,38.909864,12.034733,12.034733,201.074453
13.004152,0.613960,33.941037,8.314338,8.314338,194.433511
12.076237,0.744073,31.094508,9.648977,9.648977,441.363350
11.325668,0.720265,34.199921,7.932189,7.932189,187.861498
10.425307,0.682408,30.379716,7.777595,7.777595,190.297047
10.186999,0.763817,30.389893,10.718685,10.718685,191.963306
10.279129,0.720296,28.392589,8.696518,8.696518,193.495485
8.731174,0.627976,23.732694,7.683706,7.683706,187.332532
9.351885,0.623495,25.280329,7.354230,7.354230,190.729116
9.270349,0.666440,27.082014,9.727890,9.727890,190.090261
7.471288,0.647367,22.583209,8.540260,8.540260,191.835498
8.487716,0.852906,25.328169,11.342693,11.342693,192.338032
7.477208,0.739400,22.078883,8.454883,8.454883,185.913316
7.627098,0.758409,21.665022,8.254688,8.254688,191.287364
6.971506,0.851594,21.159256,7.766203,7.766203,182.991490
4.639319,0.899146,11.326917,5.172317,5.172317,161.440806
5.643715,0.924426,14.652236,8.271809,8.271809,169.544581
10.033654,0.816490,34.543573,9.862612,9.862612,225.453365
9.861076,0.954347,28.617776,8.916680,8.916680,205.133894
9.526608,0.847114,24.062874,7.783643,7.783643,197.323755
10.201976,0.780137,28.730161,6.402859,6.402859,204.758947
14.837646,0.816874,38.226816,7.532376,7.532376,245.968006
15.291316,0.656808,42.203823,6.230793,6.230793,220.034486
16.424001,0.721384,45.048785,5.813860,5.813860,226.355361
16.868326,0.689096,45.186994,8.635269,8.635269,227.703376
17.327467,0.726153,44.750925,7.377366,7.377366,248.813896
11.860299,0.576359,33.841837,4.801433,4.801433,209.455227
17.299883,0.790633,51.401339,6.060423,6.060423,257.073673
15.106449,0.586663,35.335871,6.947794,6.947794,214.222099
18.485689,0.729193,50.458288,6.886385,6.886385,255.514776
18.564698,0.831754,51.399611,7.209525,7.209525,250.642623
13.070202,0.631719,32.300347,10.031413,10.031413,210.901773
12.965368,0.707305,40.368922,10.220472,10.220472,230.377041
13.814722,0.974860,41.868620,11.403686,11.403686,227.352686
19.940523,0.756361,55.479051,9.028011,9.028011,257.320623
13.243900,0.679464,32.184122,9.980853,9.980853,212.023034
20.827188,0.808938,57.190816,10.732926,10.732926,264.575715
13.387005,0.563591,34.829433,10.391866,10.391866,223.099101
20.494193,0.858858,52.581450,12.203952,12.203952,261.199709
21.419804,0.881034,57.851432,13.844451,13.844451,270.656044
20.517233,0.722792,56.517720,16.432513,16.432513,271.666456
12.177199,0.539174,26.881372,16.249823,16.249823,225.278871
15.028528,0.619528,42.802711,14.108038,14.108038,251.898864
23.067791,0.782217,64.657272,13.760066,13.760066,282.844348
22.696843,0.756361,59.780638,13.735138,13.735138,275.412741
22.708843,0.759433,62.767714,13.725345,13.725345,282.119380
22.911309,0.674056,58.659378,13.899140,13.899140,276.114862
14.413098,0.572486,36.705840,14.594699,14.594699,242.490786
18.893406,0.765929,54.930118,15.235987,15.235987,272.787303
14.044453,0.598791,44.159143,14.007108,14.007108,252.503928
10.592829,0.653543,29.370426,12.090222,12.090222,157.932385
11.193860,0.531494,30.478406,17.840274,17.840274,221.069576
11.512008,0.531782,30.061634,14.932528,14.932528,215.790218
14.954800,0.620199,46.199295,11.930220,11.930220,257.263057
12.628500,0.531046,33.305288,17.757969,17.757969,217.973699
23.679735,0.796361,60.556072,15.209330,15.209330,258.504993
24.480224,0.730376,64.738938,13.699489,13.699489,260.951581
13.988516,0.519174,37.084629,17.186634,17.186634,218.293447
25.477868,0.738760,69.187438,12.486675,12.486675,270.305900
24.226621,0.745257,61.601620,15.529847,15.529847,261.327874
21.314235,0.723080,57.934442,13.818915,13.818915,274.751169
13.523551,0.670184,44.559180,16.882982,16.882982,235.035949
18.994591,0.790313,52.959696,13.791907,13.791907,268.969789
19.854985,0.754921,53.443285,13.303517,13.303517,260.346936
21.141816,0.694697,58.504816,14.515435,14.515435,280.762696
17.612400,0.700744,55.664655,11.970669,11.970669,261.303140
17.320748,0.736488,55.708720,17.295691,17.295691,260.914399
17.551087,0.962859,54.391169,13.681441,13.681441,266.218014
17.254539,0.755241,55.524622,17.019656,17.019656,269.326883
17.407405,0.803849,54.828582,16.293728,16.293728,261.380165
17.710033,0.804393,56.475001,15.674105,15.674105,265.366037
17.710224,0.898731,53.936283,10.922849,10.922849,259.189292
12.542356,0.756137,44.884592,10.123511,10.123511,237.419596
18.227734,0.907307,52.969648,10.751359,10.751359,258.013887
18.821278,1.000780,55.836337,19.166594,19.166594,274.810949
18.809726,0.989291,57.074497,15.817627,15.817627,274.759813
17.527694,1.003212,58.455121,16.252191,16.252191,263.434719
11.361830,0.978764,42.906457,18.562970,18.562970,255.166878
10.651614,1.013932,44.481164,15.247475,15.247475,238.698364
15.764826,1.094285,54.578211,14.549260,14.549260,263.013980
11.285125,0.778985,42.887098,12.607700,12.607700,244.104284
10.914464,0.694025,33.772238,17.445134,17.445134,229.132108
9.696242,0.687336,33.212071,12.857432,12.857432,228.346307
14.033541,1.094957,53.411381,12.427987,12.427987,261.668460
10.671870,1.052492,40.114361,13.078714,13.078714,252.932741
10.169944,0.940651,34.948636,11.022594,11.022594,248.534514
8.314754,0.634184,23.537685,14.173479,14.173479,212.640843
7.778620,0.583783,22.027939,12.898360,12.898360,206.160351
11.628329,0.767625,36.702832,13.869315,13.869315,246.667772
11.312613,0.716680,33.462731,12.999161,12.999161,239.735402
10.605565,0.820138,36.156586,10.047414,10.047414,246.730141
9.325134,0.685512,26.754683,13.834403,13.834403,213.229874
8.261985,0.627368,24.708259,13.732514,13.732514,210.697045
11.067042,0.640712,35.149726,11.583369,11.583369,244.475779
9.303630,0.601831,28.373967,10.294969,10.294969,219.825696
9.683059,0.714792,32.654593,14.650413,14.650413,230.114810
9.154636,0.989036,34.968444,13.968613,13.968613,232.727865
10.440027,1.071725,35.204415,12.867671,12.867671,230.395261
15.028177,1.252687,58.966711,12.299217,12.299217,266.422630
17.121130,1.210574,58.773334,11.067203,11.067203,269.474571
9.139436,0.697384,26.824125,10.668574,10.668574,219.377052
9.762995,0.654856,27.168289,15.846779,15.846779,215.749297
16.467010,0.801129,43.463553,16.635141,16.635141,237.747093
20.568659,0.866378,62.853253,16.464258,16.464258,270.742490
21.082169,0.787945,60.826446,17.953780,17.953780,266.362663
12.210800,0.730697,31.883864,18.520475,18.520475,218.116174
11.144580,0.672200,28.123563,17.373485,17.373485,211.320669
10.844224,0.593223,25.440364,19.122305,19.122305,208.768127
20.612467,0.880619,45.298646,15.404694,15.404694,261.658832
11.758475,0.634952,30.279397,19.443301,19.443301,212.330922
14.277993,0.744745,41.325735,12.139247,12.139247,229.697175
15.135795,0.724713,46.510661,14.073574,14.073574,231.338507
16.137374,0.703112,42.839322,12.255345,12.255345,224.614139
18.458554,0.766729,47.662163,15.972285,15.972285,230.142301
15.016113,0.674216,44.715696,18.183895,18.183895,226.150382
15.209363,0.604135,44.605391,18.260376,18.260376,222.493314
11.305030,0.514438,34.651289,17.761042,17.761042,210.122065
11.073731,0.553318,33.982513,19.307300,19.307300,207.288431
10.716990,0.516966,34.591513,13.041050,13.041050,205.941119
10.949857,0.650024,33.842479,16.218816,16.218816,210.587798
19.358948,0.951628,52.785935,14.684142,14.684142,234.333327
20.049325,0.965867,58.601364,20.999832,20.999832,241.892424
19.633192,0.976428,57.083490,15.329077,15.329077,240.541401
16.248608,0.940203,52.343370,18.852447,18.852447,230.770597
20.368688,0.938252,65.164993,20.693941,20.693941,246.055066
19.043137,0.928907,75.105494,20.167822,20.167822,264.876088
18.683197,0.948875,64.441273,18.446010,18.446010,262.055831
18.022069,0.937003,60.110950,14.091014,14.091014,260.029759
11.991886,0.771273,40.364285,10.153144,10.153144,227.697506
18.817470,0.855626,57.486951,12.945817,12.945817,261.565938
16.999273,0.571975,47.566386,11.199396,11.199396,258.401101
19.209891,0.766953,60.650668,10.819968,10.819968,273.696482
18.444378,0.822953,56.724127,11.674634,11.674634,269.633522
18.165366,0.905067,56.979201,9.250317,9.250317,273.093211
17.565296,0.891754,50.526774,14.557196,14.557196,268.307811
17.633841,1.012204,53.795612,15.117491,15.117491,277.646482
18.043093,0.975115,54.352579,10.524061,10.524061,282.597900
15.400599,0.723848,39.359153,17.035177,17.035177,270.689216
18.327897,0.968459,55.488368,16.319361,16.319361,288.776374
17.681681,0.949579,50.328467,9.154348,9.154348,282.643790
17.142539,0.980460,50.849785,9.375342,9.375342,290.192135
17.498671,1.132334,50.702551,11.740139,11.740139,290.390538
16.786887,0.971851,53.262646,12.206161,12.206161,312.204684
17.642224,1.020588,52.917586,11.380839,11.380839,296.366065
17.240268,0.798633,43.908583,13.455647,13.455647,283.330742
22.593516,0.934155,60.425258,16.764902,16.764902,326.046289
11.607177,0.537670,30.273542,25.312875,25.312875,287.779147
15.725370,0.585287,42.177426,26.399640,26.399640,285.854421
10.674814,0.531078,31.348979,41.162983,41.162983,282.167210
18.085142,0.811434,57.492232,16.562788,16.562788,292.348707
11.563240,0.712969,33.547661,19.875275,19.875275,273.184320
9.011626,0.703785,23.848890,21.038393,21.038393,234.906075
15.749274,0.900299,58.692822,15.986141,15.986141,282.459342
15.334965,0.701512,46.559847,18.416794,18.416794,273.271457
11.906285,0.770825,43.878376,21.999141,21.999141,264.520283
8.646087,0.489925,27.233539,16.151071,16.151071,230.870637
10.029079,0.604295,33.261002,10.728767,10.728767,233.553068
9.910870,0.574566,32.306719,11.986061,11.986061,230.852365
15.157748,0.787305,57.109060,12.949977,12.949977,270.931911
11.040195,0.674888,41.621836,13.474080,13.474080,268.845167
15.709114,0.874410,53.528474,7.413336,7.413336,268.118438
16.231617,0.661255,54.670664,15.134964,15.134964,274.520947
16.912072,0.769065,54.206850,13.585889,13.585889,272.768573
14.852944,0.608679,39.335218,12.346802,12.346802,267.700418
18.207351,0.697417,56.739775,9.811060,9.811060,281.586374
18.613373,0.672584,55.322447,9.637778,9.637778,284.802381
18.642621,0.724904,57.757068,16.311905,16.311905,286.361247
19.614760,0.829546,59.849285,11.716939,11.716939,291.272666
13.550016,0.608616,43.569572,13.156668,13.156668,265.970702
20.708597,0.812778,59.660515,15.907485,15.907485,292.390280
16.653798,0.571750,42.492760,10.371899,10.371899,275.299486
21.468190,0.714312,60.559310,18.632572,18.632572,285.430677
21.491871,0.755049,57.710763,20.511667,20.511667,286.623204
20.626709,0.757385,58.826521,15.032146,15.032146,281.841356
19.218628,0.828073,57.519114,19.124578,19.124578,279.686674
19.038754,0.856202,57.432617,19.219556,19.219556,280.483293
18.445690,0.905035,57.340840,11.895661,11.895661,275.951815
12.793111,1.024268,45.490044,16.896968,16.896968,251.619078
18.105878,0.797226,58.178386,17.216140,17.216140,276.329932
18.346714,0.825353,58.654328,16.984297,16.984297,279.992663
17.988374,0.728520,59.788357,17.419183,17.419183,271.635605
17.898836,0.747529,58.555639,16.724518,16.724518,266.746171
11.906253,0.765801,48.917764,16.306882,16.306882,247.516919
18.445819,0.836298,57.622859,13.093724,13.093724,267.444964
18.204920,0.786537,57.409641,15.137716,15.137716,258.358520
12.141552,0.727721,41.921425,11.404839,11.404839,227.018884
16.878632,0.939660,52.488398,15.145268,15.145268,261.058137
10.455580,0.657640,28.031948,14.570861,14.570861,205.794313
15.926141,0.969739,48.532416,15.122484,15.122484,265.282187
11.038691,0.969484,37.862689,12.876569,12.876569,220.733307
15.463127,0.872298,51.751526,14.488172,14.488172,239.194709
15.670682,0.875019,52.137450,14.412203,14.412203,239.258903
15.629114,0.840106,50.105010,14.321290,14.321290,235.102950
16.298785,0.787209,58.229715,13.068379,13.068379,259.866411
11.053700,0.651687,34.354104,11.902861,11.902861,214.514162
8.945994,0.619559,27.949612,9.928694,9.928694,203.438926
15.762875,0.705736,54.523783,15.459800,15.459800,256.137216
10.212441,0.556231,29.022904,13.652322,13.652322,204.654749
9.078091,0.479846,24.972008,15.908156,15.908156,204.072501
8.036128,0.445829,22.602732,13.158076,13.158076,207.374717
14.936145,0.683304,41.258890,10.426684,10.426684,221.257186
8.491813,0.478565,25.440174,13.489344,13.489344,202.583908
8.405988,0.444294,26.515834,9.776244,9.776244,202.250625
8.862890,0.532326,26.388121,11.555305,11.555305,205.412326
8.507973,0.504774,29.270619,9.814868,9.814868,209.812698
8.155905,0.499526,28.732981,15.343350,15.343350,211.921108
15.539064,0.865866,50.044147,9.533010,9.533010,240.414470
14.048007,0.863914,47.610741,12.066607,12.066607,258.195129
10.186521,0.839402,35.675272,15.908797,15.908797,218.459970
13.734595,0.769577,41.779056,9.774324,9.774324,222.836949
11.960174,0.655016,37.233242,12.713335,12.713335,220.700829
9.652530,0.639208,25.832435,9.430896,9.430896,200.836528
9.412112,0.488838,25.586064,18.069911,18.069911,210.603589
17.207084,0.690280,53.297977,12.093039,12.093039,258.434236
11.171684,0.650184,34.001940,16.351138,16.351138,216.355465
9.228110,0.484902,27.525958,20.914104,20.914104,212.633149
9.276526,0.468678,25.389197,25.270508,25.270508,214.561972
9.730900,0.481285,29.825570,40.456865,40.456865,242.307742
18.110039,0.620071,59.449858,28.229616,28.229616,289.468462
18.535420,0.765961,62.438118,23.765402,23.765402,292.293551
12.155665,0.559622,39.418452,27.247460,27.247460,242.596706
13.602882,0.546887,46.294917,25.450894,25.450894,257.387186
20.587156,0.618280,64.656928,23.761019,23.761019,283.575241
20.915321,0.675880,60.600496,28.395857,28.395857,280.392739
19.300390,0.638407,48.921445,31.771738,31.771738,275.752493
20.837944,0.822666,61.354457,21.607841,21.607841,278.357164
21.128731,0.771209,61.274520,27.569383,27.569383,282.144664
21.724034,0.775913,60.527184,25.353550,25.353550,290.125304
21.970821,0.729065,57.603565,21.376830,21.376830,279.027476
17.543280,0.597064,49.732527,30.356297,30.356297,281.073037
24.986697,0.656872,64.709441,27.310821,27.310821,305.528272
24.605189,0.725320,61.974177,28.100142,28.100142,295.077780
25.542512,0.807273,62.579080,25.811699,25.811699,298.620318
25.367150,0.799338,67.653188,24.506979,24.506979,304.970666
18.509020,0.757385,52.002538,21.922917,21.922917,273.446099
19.160099,0.811530,55.280177,23.136051,23.136051,279.053301
24.421730,0.832170,68.256652,22.973649,22.973649,298.415420
23.952669,0.865674,73.127302,24.128095,24.128095,310.435851
25.403662,0.928107,84.152808,27.721866,27.721866,329.568047
13.166109,0.520006,43.447044,30.963409,30.963409,276.297110
17.603569,0.660616,57.453483,30.840815,30.840815,289.432242
27.522407,0.758217,70.428038,25.185899,25.185899,331.918475
24.923144,0.671080,63.287537,29.703073,29.703073,304.413060
12.636214,0.593991,37.759329,21.708898,21.708898,256.104998
13.492832,0.554055,35.809738,28.548019,28.548019,258.090077
12.233266,0.461157,30.271784,25.626417,25.626417,246.538453
13.024763,0.420933,33.937652,29.256604,29.256604,246.215665
10.463805,0.405956,27.429703,24.756199,24.756199,146.993781
8.177153,0.178435,20.268785,25.159883,25.159883,142.569088
9.150861,0.183938,24.644261,25.939124,25.939124,134.197149
10.283162,0.225155,27.984397,19.456296,19.456296,132.709451
11.767436,0.304292,42.568538,22.996146,22.996146,160.867258
11.588426,0.156162,41.125257,22.718574,22.718574,158.816993
10.074840,0.092513,28.287089,20.481107,20.481107,129.647431
12.995835,0.196770,36.699765,26.233976,26.233976,154.424333
13.252062,0.096993,35.738569,20.632246,20.632246,150.322141
13.594274,0.065697,34.699772,23.909628,23.909628,152.553559
12.014287,0.084609,33.172811,19.147972,19.147972,125.172082
13.443136,0.039744,31.688218,24.285121,24.285121,127.260619
13.864581,0.052801,32.881799,21.668930,21.668930,146.798931
14.400715,0.062049,29.923556,21.211644,21.211644,105.968141
14.387244,0.060288,27.667594,21.273469,21.273469,100.006407
12.097680,0.071521,22.593581,21.546688,21.546688,93.077492
