1403636859051666432.000000 0.873295844 0.399212390 -1.737576962 -0.582174540 -0.565846503 -0.389459163 0.434985310
1403636861951666432.000000 0.951890171 0.399196833 -1.541871905 -0.608106673 -0.568649530 -0.394122094 0.389245242
1403636864851666432.000000 0.948706388 0.404834181 -1.356179476 -0.609000266 -0.553947508 -0.418524683 0.383533448
1403636866201666560.000000 0.935366511 0.410275996 -1.267110944 -0.599740624 -0.530706167 -0.431362748 0.415437460
1403636868851666432.000000 0.897522211 0.270755261 -1.529245138 -0.698992968 -0.620341480 -0.250021696 0.253129452
1403636871701666560.000000 1.212556720 0.336975187 -1.545236111 -0.727716744 -0.578180432 -0.270845234 0.250556529
1403636874351666432.000000 1.287805915 0.353601456 -1.584045529 -0.734376609 -0.581326187 -0.255910039 0.239292651
1403636876001666560.000000 0.904296339 0.159315675 -1.604721785 -0.804926097 -0.456968755 -0.287495941 0.246210724
1403636876151666432.000000 0.968135059 0.116414085 -1.597298622 -0.818660080 -0.425569326 -0.311822683 0.226832956
1403636876351666432.000000 1.070874929 0.105627865 -1.594365954 -0.834539413 -0.394903570 -0.323922992 0.206565157
1403636876551666432.000000 1.190162301 0.151636332 -1.596233368 -0.837997794 -0.386269838 -0.335548729 0.189637914
1403636878751666432.000000 1.123960257 0.175397038 -1.611194015 -0.782984078 -0.484687269 -0.314824939 0.229999155
1403636879051666432.000000 1.276578546 0.257739305 -1.594097853 -0.789236069 -0.469912559 -0.326687872 0.222628757
1403636879201666560.000000 1.314644575 0.322373450 -1.584056854 -0.781407118 -0.469989955 -0.336061090 0.235743970
1403636880901666560.000000 0.938128769 0.090710133 -1.504814744 -0.751507640 -0.519743264 -0.316573352 0.254724294
1403636881101666560.000000 0.864022315 0.099139377 -1.501104712 -0.728198767 -0.536496103 -0.321585715 0.280145049
1403636881251666432.000000 0.816975653 0.136083990 -1.498854518 -0.703727424 -0.558562398 -0.314774692 0.306092501
1403636882901666560.000000 1.071444035 0.429218590 -1.640856385 -0.606032014 -0.582608879 -0.359709710 0.404847026
1403636885701666560.000000 1.006069541 0.543737769 -1.780764461 -0.499292672 -0.620652735 -0.353085577 0.490741849
1403636888201666560.000000 1.006260991 0.543832958 -1.780906200 -0.499268502 -0.620565891 -0.352989584 0.490945339
1403636890701666560.000000 1.005978703 0.543573081 -1.781021833 -0.498951316 -0.620619595 -0.353241891 0.491018355
1403636893201666560.000000 1.006170511 0.543724418 -1.780889750 -0.498914242 -0.620162606 -0.353702217 0.491302073
1403636895701666560.000000 1.006214380 0.543389678 -1.780743241 -0.499356627 -0.620089769 -0.353167892 0.491329014
1403636898501666560.000000 1.106479764 0.486396700 -1.643303871 -0.502976596 -0.652936041 -0.346090525 0.448230386
1403636901151666432.000000 1.462881923 0.978363931 -1.367872357 -0.582636774 -0.581326783 -0.375952750 0.425738394
1403636903201666560.000000 2.366595268 1.559724092 -1.461338043 -0.569614649 -0.586343765 -0.399198741 0.415187240
1403636905301666560.000000 3.222407103 2.155131817 -1.201473951 -0.573330700 -0.586850762 -0.406011373 0.402558029
1403636906601666560.000000 3.515892506 2.654807091 -1.159952521 -0.570751607 -0.590362310 -0.375773191 0.429545701
1403636907801666560.000000 3.721525192 3.261529446 -1.131679177 -0.570125639 -0.602133572 -0.363797694 0.424315125
1403636908751666432.000000 3.970379114 3.906110525 -1.118712068 -0.548441529 -0.615823150 -0.373290002 0.425003827
1403636909051666432.000000 4.040068626 4.113522053 -1.072396040 -0.553397119 -0.617699802 -0.363273054 0.424536645
1403636910701666560.000000 4.420179367 5.371154308 -1.180473685 -0.543896973 -0.616057515 -0.379909158 0.424638987
1403636911601666560.000000 4.521138668 5.920859337 -1.205206394 -0.544013798 -0.614491820 -0.380094349 0.426587701
1403636913101666560.000000 4.820052624 6.766661167 -1.327624083 -0.548912048 -0.600862980 -0.383074075 0.436936527
1403636913951666432.000000 5.154731274 7.171908855 -1.398450613 -0.549187064 -0.605917990 -0.382742912 0.429842889
1403636914801666560.000000 5.505526066 7.511429310 -1.345690012 -0.546847045 -0.605750501 -0.389284641 0.427179277
1403636917651666432.000000 6.332057476 8.454302788 -1.439388871 -0.623618066 -0.523128688 -0.446646690 0.371407747
1403636920201666560.000000 6.504646778 8.753571510 -1.120577693 -0.656735659 -0.465968013 -0.467387855 0.364857167
1403636922901666560.000000 6.807067871 8.196207047 -1.311210036 -0.687309980 -0.428946644 -0.493615419 0.316154420
1403636924151666432.000000 6.942467213 8.115560532 -1.410335064 -0.728901625 -0.409684658 -0.483588159 0.258850127
1403636927051666432.000000 8.113918304 9.122233391 -1.699102998 -0.743908525 -0.340450913 -0.510111392 0.265480191
1403636929751666432.000000 9.816429138 9.894039154 -1.757642746 -0.764399588 -0.276949048 -0.548063636 0.196516767
1403636932601666560.000000 10.528048515 9.478240013 -1.604630709 -0.771689773 -0.225811392 -0.575996757 0.147417471
1403636935301666560.000000 9.378733635 8.704256058 -1.501621962 0.815250456 -0.015379846 0.578904271 -0.000356937
1403636937751666432.000000 8.980385780 7.775100231 -1.587520242 0.817244470 -0.008814960 0.575899303 0.019332608
1403636938001666560.000000 8.967460632 7.712674141 -1.645800114 0.805862069 -0.005441878 0.591298103 0.030388284
1403636938351666432.000000 8.906023979 7.673174381 -1.748148084 0.797121942 -0.039079539 0.602435470 0.011870096
1403636939601666560.000000 8.399952888 7.177144051 -1.794481993 0.806681633 -0.037982330 0.589471281 0.018597992
1403636939851666432.000000 8.280148506 7.052098274 -1.776421666 0.802665412 -0.037449531 0.595021784 0.016579170
1403636940151666432.000000 8.105632782 6.897904396 -1.803323984 0.807561338 -0.057747506 0.586637139 0.019149071
1403636940801666560.000000 7.679940224 6.514641762 -1.911234736 0.821391463 -0.076164611 0.564021826 0.037342452
1403636943651666432.000000 6.236063004 4.769646645 -1.768804789 0.808163583 -0.072315894 0.582224309 0.051546000
1403636945551666432.000000 5.626131535 4.097174644 -1.855538726 0.812720478 -0.016054939 0.582138419 0.018507997
1403636947901666560.000000 5.322615147 4.033546925 -2.376014471 0.828466892 -0.030720802 0.557438970 0.044278368
1403636948401666560.000000 5.494136810 3.994964838 -2.455859184 0.830506980 -0.021579802 0.554887116 0.043507580
1403636949101666560.000000 5.838007927 4.209201813 -2.557670593 0.810452759 -0.026310477 0.585135698 0.009498527
1403636949851666432.000000 6.079899788 4.518746853 -2.677083492 0.822519422 -0.026746171 0.568107903 -0.000148844
1403636950151666432.000000 6.158944130 4.599911690 -2.675036907 0.832737684 -0.027486550 0.552984536 0.000806403
1403636953051666432.000000 7.455158710 5.514066696 -2.858569145 0.824770510 -0.024619646 0.564925492 0.002577443
1403636954601666560.000000 8.245193481 6.060744286 -2.866843939 0.829687834 -0.011685378 0.557831526 0.017480191
1403636956101666560.000000 9.189002037 6.971931934 -2.980761290 0.814142764 -0.066819668 0.576464951 0.019872317
1403636956451666432.000000 9.367041588 7.173992157 -2.962775946 0.814974725 -0.060418047 0.575103700 0.037705988
1403636956701666560.000000 9.482287407 7.309082985 -2.990544319 0.807619750 -0.045405857 0.587719202 0.016581289
1403636957201666560.000000 9.642749786 7.533411980 -2.991604328 -0.810436070 -0.077054702 -0.577945709 0.056874081
1403636959901666560.000000 10.122714996 8.234917641 -3.159942865 -0.765070379 -0.291702420 -0.537027478 0.202924788
1403636960701666560.000000 10.160289764 8.490238190 -3.171762466 -0.748710275 -0.311555535 -0.549936771 0.199839160
1403636963601666560.000000 9.278995514 9.159582138 -2.781276941 -0.544030309 -0.603720546 -0.393239886 0.430017471
1403636964051666432.000000 9.053515434 9.100378036 -2.698578596 -0.549272537 -0.597714961 -0.401860744 0.423726887
1403636964601666560.000000 8.752018929 8.964070320 -2.580385685 -0.534628034 -0.607882321 -0.408725500 0.421420664
1403636964901666560.000000 8.546333313 8.851547241 -2.574699163 -0.499518096 -0.635435939 -0.392329127 0.439068109
1403636967601666560.000000 6.516451359 7.600012779 -2.148814440 -0.469668537 -0.654275835 -0.351870179 0.476992667
1403636968351666432.000000 6.181440353 6.996439457 -2.337885141 -0.471735835 -0.652919471 -0.349999070 0.478186369
1403636968701666560.000000 6.046505928 6.651361942 -2.367646933 -0.469297200 -0.656066298 -0.354518324 0.472920626
1403636969151666432.000000 5.865993023 6.168944836 -2.353438377 -0.475470275 -0.654883921 -0.346908152 0.474035710
1403636969501666560.000000 5.726918697 5.779979706 -2.270969391 -0.486468434 -0.667022288 -0.334450006 0.454502970
1403636972001666560.000000 4.665772915 4.330461502 -2.383396864 -0.479030341 -0.653177798 -0.332451165 0.483078688
1403636973301666560.000000 4.668634892 4.161522388 -2.366283178 -0.509222031 -0.644709885 -0.348968744 0.450846910
1403636974051666432.000000 4.681855202 4.116283417 -2.503937721 -0.517542303 -0.631321669 -0.361898750 0.450124770
1403636976851666432.000000 4.926697731 4.073313236 -2.756824493 -0.759111643 -0.312227905 -0.523796737 0.227816612
1403636979401666560.000000 6.036468029 4.000516891 -3.093517303 -0.767690897 -0.311801106 -0.519567072 0.208520547
1403636979751666432.000000 6.229345798 4.097471714 -3.108036041 -0.775816023 -0.313244760 -0.509158969 0.201852709
1403636980401666560.000000 6.606942177 4.400980473 -3.114171743 -0.761705756 -0.295661092 -0.536846399 0.210201949
1403636981801666560.000000 7.206016541 5.001715183 -3.279723644 -0.769279778 -0.298681855 -0.530118585 0.194864586
1403636982151666432.000000 7.344070911 5.157306194 -3.254686832 -0.789302468 -0.296999753 -0.504253030 0.185799927
1403636982601666560.000000 7.591186047 5.433543205 -3.249509811 -0.773311377 -0.281677902 -0.526848674 0.212314934
1403636985501666560.000000 9.372197151 7.542664528 -3.301848888 -0.764799416 -0.295673400 -0.538738668 0.193442181
1403636988301666560.000000 9.067560196 9.369889259 -3.096057892 -0.751096189 -0.303338677 -0.527590632 0.255906671
1403636990951666432.000000 7.947843075 7.639939785 -2.769429207 -0.749575317 -0.328532219 -0.528329372 0.225990102
1403636991451666432.000000 7.675162792 7.259521961 -2.813898087 -0.750889957 -0.326954722 -0.528759122 0.222887188
1403636991951666432.000000 7.412698746 6.929911137 -2.707945585 -0.761990011 -0.305497289 -0.520712554 0.234309807
1403636992951666432.000000 7.002018452 6.316291332 -2.614617109 -0.762432575 -0.307288706 -0.532962143 0.200553164
1403636993451666432.000000 6.790575027 6.103315830 -2.571265936 -0.743214309 -0.328780621 -0.530136168 0.241849974
1403636993851666432.000000 6.605233669 5.929059505 -2.470930576 -0.722453415 -0.379924834 -0.510360181 0.270648807
1403636996801666560.000000 4.929972172 3.841382504 -2.100932360 -0.692360222 -0.443094999 -0.479354650 0.307446301
1403636998651666432.000000 4.335232735 3.090174913 -1.829317689 -0.647447824 -0.502657652 -0.451827317 0.352134556
1403636999651666432.000000 4.056165695 2.945600748 -1.634157538 -0.640547454 -0.495036602 -0.466910601 0.355854422
1403637000151666432.000000 3.852930069 2.817172050 -1.654647112 -0.638750553 -0.497647911 -0.471216232 0.349713743
1403637000651666432.000000 3.603177071 2.642066240 -1.630553603 -0.640845418 -0.497298211 -0.468106031 0.350554556
1403637001651666432.000000 3.030610800 2.197497129 -1.517394900 -0.651451588 -0.490838408 -0.459231108 0.351845503
1403637002151666432.000000 2.759185791 1.941423178 -1.510946512 -0.653638124 -0.491188556 -0.458891422 0.347720802
1403637002651666432.000000 2.501114130 1.703842998 -1.527856350 -0.650151253 -0.495454341 -0.464032888 0.341323763
1403637003151666432.000000 2.230027437 1.485283732 -1.509955645 -0.655126750 -0.488919526 -0.463123977 0.342465818
1403637003551666432.000000 2.015758514 1.322050691 -1.532673717 -0.656098306 -0.481997848 -0.466261655 0.346140504
1403637003901666560.000000 1.833685040 1.174727798 -1.500838399 -0.657933176 -0.483726799 -0.463251024 0.344283223
1403637004251666432.000000 1.659955740 1.032268167 -1.528131008 -0.657775521 -0.493672937 -0.457805783 0.337686718
1403637004601666560.000000 1.495874405 0.920357764 -1.492041945 -0.656010032 -0.483301073 -0.463239282 0.348540336
1403637005001666560.000000 1.335903168 0.781135321 -1.450896382 -0.673851132 -0.470950305 -0.447446883 0.352025419
1403637005501666560.000000 1.217913747 0.625562370 -1.552448034 -0.662881792 -0.482395589 -0.463031918 0.336873323
1403637006001666560.000000 1.114124537 0.517076969 -1.549525499 -0.661550343 -0.485497117 -0.458780497 0.340828627
1403637006501666560.000000 1.033851624 0.444302976 -1.542842984 -0.676051676 -0.485604733 -0.436789036 0.341112345
1403637006951666432.000000 1.011260629 0.429454237 -1.569008350 -0.632709324 -0.519103169 -0.434593648 0.375951022
1403637007251666432.000000 1.010107756 0.422455519 -1.595730662 -0.596300423 -0.554791629 -0.425475121 0.394465417
1403637007651666432.000000 1.000347257 0.390832067 -1.641798139 -0.589544475 -0.569292188 -0.417241305 0.392751276
1403637008101666560.000000 0.960894823 0.358874589 -1.686882377 -0.596699774 -0.557772875 -0.417867094 0.397776306
1403637008451666432.000000 0.930054545 0.348723769 -1.696979284 -0.607329130 -0.563468754 -0.412323803 0.379003137
1403637008751666432.000000 0.901331306 0.367573559 -1.690711617 -0.609923720 -0.543675542 -0.415005445 0.400225431
1403637009051666432.000000 0.898938596 0.385190189 -1.717545748 -0.619701207 -0.541842043 -0.404810280 0.398128510
1403637009351666432.000000 0.937429845 0.411815673 -1.768293381 -0.600607216 -0.560651243 -0.434635311 0.368826926
1403637009651666432.000000 0.959364414 0.419040710 -1.786146998 -0.575019836 -0.534794033 -0.423547357 0.451613903
1403637009951666432.000000 0.960192621 0.423138738 -1.798552990 -0.589047194 -0.528454661 -0.419419318 0.444799393
1403637010451666432.000000 0.955745339 0.421156436 -1.813174844 0.588674307 0.528505862 0.420088887 -0.444600254
