1413393216555760384.000000 0.160157830 0.170621857 -0.225072265 -0.566527009 -0.572612524 -0.410003871 0.427853733
1413393219255760384.000000 -0.337168396 -0.329081863 0.036401875 -0.592082977 -0.576803505 -0.392164230 0.403661609
1413393222205760512.000000 -0.533501804 -0.249051854 0.525395811 -0.573211014 -0.574587643 -0.413978547 0.412189126
1413393223755760384.000000 -0.625856936 0.253923923 0.464439422 -0.566034138 -0.583222866 -0.412061244 0.411900431
1413393224455760384.000000 -0.761831284 0.572643697 0.353491902 -0.575731456 -0.566906691 -0.424813151 0.408269435
1413393224855760384.000000 -0.854510307 0.716889858 0.174728736 -0.620511949 -0.523649156 -0.430872411 0.393834502
1413393225255760384.000000 -0.913129032 0.823487282 0.116799742 -0.638032377 -0.510437191 -0.440385520 0.372060835
1413393227055760384.000000 -0.734139025 1.313287139 0.019461466 -0.749487519 -0.330806106 -0.529035568 0.221262723
1413393229605760512.000000 0.051346835 2.001647234 -0.080580294 -0.802766323 -0.141016886 -0.568473876 0.111883141
1413393231605760512.000000 1.331645727 2.591070890 -0.088813901 -0.800990224 -0.026419533 -0.596586764 0.042437792
1413393232455760384.000000 1.793456674 2.668944120 -0.180779845 0.812128842 -0.087803014 0.576112688 0.028835749
1413393232855760384.000000 1.989881873 2.581439018 -0.273481309 0.808764994 -0.125844121 0.571629703 0.057463545
1413393233055760384.000000 2.093845606 2.515995264 -0.302958339 0.811902583 -0.120626234 0.566887081 0.070017695
1413393233655760384.000000 2.421435833 2.296474218 -0.204660237 0.793163240 -0.157847628 0.576437235 0.117031075
1413393233855760384.000000 2.517557621 2.234932899 -0.116674006 0.785988390 -0.187499255 0.570683718 0.146240503
1413393234055760384.000000 2.606834650 2.186770439 -0.024868298 0.772204697 -0.221572652 0.574491084 0.156734228
1413393234255760384.000000 2.682314873 2.147009373 0.049596295 0.761370838 -0.258728296 0.571553469 0.163404092
1413393236905760512.000000 2.644290686 1.844123483 0.113189615 0.570559859 -0.595680356 0.417744964 0.380940378
1413393239455760384.000000 2.842949152 1.060661554 0.197916716 0.571746171 -0.582402170 0.393490434 0.423177570
1413393242355760384.000000 2.864779234 -0.221758872 0.064412326 0.544408739 -0.573769152 0.424871266 0.440332353
1413393244905760512.000000 2.802713871 -0.268275887 0.032474823 0.654582679 -0.468580961 0.497443229 0.323270231
1413393247555760384.000000 2.847266197 0.152942583 -0.267600536 0.704545975 -0.442240566 0.482944727 0.273500890
1413393250055760384.000000 2.593006849 -0.036071129 -0.378613085 0.695140898 -0.426251590 0.485013932 0.315990716
1413393250955760384.000000 2.792141676 0.025502726 -0.468924910 0.680391014 -0.451059043 0.494810551 0.297953457
1413393253355760384.000000 2.766984701 0.262135893 -0.278977096 0.418628484 -0.716964006 0.280854434 0.481491119
1413393254805760512.000000 2.690710545 -0.168490276 -0.007378276 0.337538123 -0.741837323 0.242949292 0.526042819
1413393256305760512.000000 2.523509979 -0.580888629 0.119301163 0.328918666 -0.752146184 0.231309250 0.522096455
1413393257755760384.000000 2.092644691 -1.140059114 0.027658669 0.328251451 -0.747595668 0.250328124 0.520276427
1413393260455760384.000000 1.661661744 -2.288469076 0.072516769 0.705287874 -0.363450617 0.532940805 0.294018567
1413393263155760384.000000 2.103529930 -2.412224770 0.005850293 0.782357097 -0.237457410 0.556486428 0.147832289
1413393265905760512.000000 2.519668102 -2.709980249 -0.339572906 0.799208343 -0.145033851 0.572983027 0.109186970
1413393267155760384.000000 2.529052973 -2.581076384 -0.111170128 -0.786546409 -0.195889965 -0.563480020 0.159568816
1413393267905760512.000000 2.479983807 -2.695116997 -0.135248885 -0.790258229 -0.192240313 -0.568294406 0.124807976
1413393269405760512.000000 2.444360971 -2.702054024 -0.142341107 -0.775280774 -0.204713047 -0.577825129 0.152153060
1413393270255760384.000000 2.364276171 -2.702838182 -0.367701501 -0.786854923 -0.236723930 -0.545749545 0.164251387
1413393272905760512.000000 2.290412664 -2.229134560 -0.312584341 0.809736490 -0.023202468 0.585165441 0.037013993
1413393275805760512.000000 1.946671605 -1.523542404 -0.053396732 0.591437995 -0.557706535 0.440134615 0.381373972
1413393278655760384.000000 1.343575239 -1.722293019 -0.080032304 0.470382333 -0.678081453 0.376196980 0.421214730
1413393279005760512.000000 1.125976205 -1.747538924 -0.046504248 0.491696805 -0.646830559 0.346962065 0.468467504
1413393279505760512.000000 0.864336252 -1.803730488 -0.051694050 0.513210833 -0.647373199 0.337917149 0.450926483
1413393280005760512.000000 0.691818953 -1.931848288 -0.068594523 0.509523988 -0.627586007 0.364415050 0.462301701
1413393280505760512.000000 0.580267489 -2.031082630 -0.049354810 0.496789843 -0.629797339 0.404376775 0.439357072
1413393280955760384.000000 0.399932504 -2.048231363 -0.088155195 0.503627717 -0.644247115 0.404535472 0.409458071
1413393281305760512.000000 0.169699401 -2.061086893 -0.091976643 0.527755916 -0.624672532 0.370988071 0.440029413
1413393281605760512.000000 -0.013868012 -2.091957569 -0.065884396 0.524457812 -0.625324368 0.364814043 0.448134005
1413393282005760512.000000 -0.203503519 -2.145943165 -0.010334544 0.502018332 -0.627856433 0.375659108 0.461144298
1413393282505760512.000000 -0.408167034 -2.185313463 0.084265515 0.504748762 -0.635750353 0.366368026 0.454779953
1413393283005760512.000000 -0.572428346 -2.224308729 0.096488796 0.531985819 -0.611398518 0.385911316 0.440744221
1413393283505760512.000000 -0.641946495 -2.261808157 0.115340456 0.619086742 -0.540628612 0.420538634 0.384186804
1413393284005760512.000000 -0.616567492 -2.339838266 0.021816321 0.682606280 -0.446420878 0.479292184 0.324092656
1413393286855760384.000000 0.133696586 -2.842970133 -0.066440664 -0.814196646 -0.047288019 -0.578317523 0.019911610
1413393289555760384.000000 0.771285534 -2.777066469 -0.062965438 -0.746655047 -0.323648483 -0.531074107 0.236047193
1413393292205760512.000000 1.315232873 -2.724623203 -0.342015147 -0.721122503 -0.358275145 -0.536364913 0.252851725
1413393292955760384.000000 1.263792753 -2.728106976 -0.189215854 -0.705566287 -0.384674221 -0.529099286 0.272499532
1413393295455760384.000000 0.054403435 -2.796714306 -0.016910141 -0.723684847 -0.382784665 -0.497467190 0.286849320
1413393296355760384.000000 -0.304361671 -2.692519426 -0.052616648 -0.716345191 -0.402343512 -0.505770206 0.262994170
1413393297105760512.000000 -0.543818474 -2.461219549 -0.157541096 -0.745834351 -0.341737717 -0.511725247 0.255115062
1413393299905760512.000000 -0.331447840 -1.620382309 -0.271946728 -0.735967338 -0.327213705 -0.536192536 0.252548873
1413393300405760512.000000 -0.385278046 -1.531198740 -0.223257378 -0.737553418 -0.343514472 -0.513186514 0.273225725
1413393303105760512.000000 -0.945258260 -1.447259307 -0.279567212 -0.612670958 -0.538705528 -0.417915165 0.399721980
1413393304205760512.000000 -1.186187863 -1.360421300 -0.046272524 -0.618066609 -0.537302554 -0.419060320 0.392030627
1413393305205760512.000000 -1.351770043 -1.157114744 -0.087500036 -0.601195991 -0.558383226 -0.421980530 0.385621727
1413393305455760384.000000 -1.406539917 -1.077231526 -0.066604786 -0.605523288 -0.553277791 -0.429335505 0.378016323
1413393305705760512.000000 -1.474320412 -0.989412308 -0.039879657 -0.615386605 -0.542069554 -0.433212668 0.373880714
1413393307555760384.000000 -2.074170351 -0.258326143 0.046820153 -0.749497592 -0.336951107 -0.514064848 0.245875299
1413393308055760384.000000 -2.060643196 -0.071260288 0.098383836 -0.782708764 -0.236844346 -0.552835763 0.160138845
1413393310605760512.000000 -1.862523794 0.700316012 -0.055786505 0.814213157 -0.026032347 0.579769790 0.015696367
1413393311405760512.000000 -1.663688064 0.687319994 -0.129971951 0.821718574 -0.040253364 0.567889631 0.025683954
1413393314305760512.000000 -0.880268037 0.578126788 -0.164148495 0.816403151 -0.024262886 0.576732874 0.016629623
1413393314655760384.000000 -0.863406956 0.525121629 -0.161461517 -0.820596159 -0.046699371 -0.569309056 0.018120708
1413393317355760384.000000 -0.357243896 1.274116874 0.090071306 -0.788216949 -0.147870958 -0.588243246 0.104009978
1413393318205760512.000000 -0.461251616 1.651228189 -0.074519828 -0.802170753 -0.125448242 -0.576022863 0.094776087
1413393318555760384.000000 -0.540832162 1.795965433 -0.167538479 -0.804094791 -0.106122419 -0.575262964 0.106029510
1413393318905760512.000000 -0.611583710 1.897364140 -0.247322589 -0.798145890 -0.106051423 -0.583505392 0.106008515
1413393319205760512.000000 -0.684885263 1.947575092 -0.271612316 -0.799287677 -0.109625340 -0.580999732 0.107521854
1413393319505760512.000000 -0.765933812 1.969985008 -0.292126119 -0.815096140 -0.112387739 -0.557908595 0.108283669
1413393319755760384.000000 -0.802804351 1.974283218 -0.346559018 -0.824678898 -0.111369714 -0.542606413 0.114366718
1413393320005760512.000000 -0.797232270 1.968426347 -0.419740736 -0.810211539 -0.132160872 -0.563485682 0.092600077
1413393320255760384.000000 -0.782715976 1.973805308 -0.505434096 -0.795433104 -0.132014751 -0.584287584 0.092013262
1413393320505760512.000000 -0.781112671 1.993119359 -0.534693003 -0.807958364 -0.126136079 -0.568392992 0.090676621
1413393320805760512.000000 -0.778503597 2.034033775 -0.601592183 -0.808757365 -0.124347374 -0.568503141 0.085166730
1413393321155760384.000000 -0.798739791 2.014781952 -0.610653281 -0.794974625 -0.117702253 -0.587941945 0.092118494
1413393321405760512.000000 -0.800262272 2.010198832 -0.603335083 -0.797074616 -0.114233769 -0.587169766 0.082791798
1413393321655760384.000000 -0.800539613 2.012205839 -0.605008066 -0.795966625 -0.114441089 -0.588741660 0.081998065
1413393321905760512.000000 -0.799770713 2.011482716 -0.605183005 -0.795871615 -0.114062749 -0.588874936 0.082488239
1413393322405760512.000000 -0.799745321 2.011549950 -0.605470121 -0.795909345 -0.113906257 -0.588810325 0.082801588
1413393322905760512.000000 -0.800032973 2.011604548 -0.605557024 -0.795949996 -0.113820784 -0.588747859 0.082972847
1413393323405760512.000000 -0.800528765 2.011421442 -0.604827166 -0.795982480 -0.113654986 -0.588698804 0.083235629
1413393323905760512.000000 -0.800392509 2.011400938 -0.605856001 -0.796042144 -0.113471456 -0.588618398 0.083484642
1413393324405760512.000000 -0.800402641 2.011410713 -0.605431736 -0.796117425 -0.113378994 -0.588527620 0.083530791
1413393324905760512.000000 -0.800568461 2.011329412 -0.604878902 -0.796189427 -0.113374837 -0.588413179 0.083656423
1413393325405760512.000000 -0.801140964 2.011559248 -0.605257928 -0.796228349 -0.113364160 -0.588311195 0.084017456
1413393325905760512.000000 -0.800919354 2.011389732 -0.605134726 -0.796257436 -0.113038480 -0.588330567 0.084044509
