1403638538777829376.000000 2.846355677 1.341444373 -6.183563232 -0.583546937 -0.602247000 -0.377056122 0.393192500
1403638539027829504.000000 2.844546080 1.351624727 -6.182429790 -0.578252554 -0.596642554 -0.385189593 0.401585251
1403638539277829376.000000 2.841697216 1.370663166 -6.155988216 -0.570548594 -0.586845636 -0.396597326 0.415688574
1403638542177829376.000000 2.134772062 2.347817421 -5.740442276 -0.383531988 -0.730794132 -0.265349537 0.498430312
1403638542577829376.000000 1.850399733 2.486507416 -5.705395222 -0.295725942 -0.755664527 -0.250152886 0.528148651
1403638542927829504.000000 1.578562260 2.537275791 -5.648021221 -0.297870010 -0.764083982 -0.223097950 0.526950181
1403638543277829376.000000 1.294061184 2.538703918 -5.555962563 -0.309115469 -0.763579845 -0.214324713 0.524841428
1403638543677829376.000000 0.954245090 2.536648989 -5.520386696 -0.278492153 -0.777714670 -0.197669029 0.527758598
1403638545277829376.000000 -0.579024017 2.526431084 -5.325168133 -0.179773837 -0.802349389 -0.122387685 0.555822134
1403638545627829504.000000 -0.900550425 2.531459332 -5.371248245 -0.166565150 -0.804058433 -0.109500840 0.560138881
1403638545927829504.000000 -1.173041344 2.530121803 -5.358848572 -0.107309140 -0.816720486 -0.073718555 0.562154710
1403638546077829376.000000 -1.306994796 2.528753519 -5.331661224 -0.073101558 -0.821877062 -0.058370691 0.561931491
1403638546527829504.000000 -1.719267488 2.513197184 -5.317715168 -0.044340003 -0.825118661 -0.029485133 0.562444508
1403638546677829376.000000 -1.861204267 2.504112244 -5.319226265 -0.034070328 -0.825494647 -0.024748106 0.562836945
1403638547277829376.000000 -2.464924097 2.435315609 -5.253840446 -0.005863905 -0.827556074 -0.030517597 0.560522258
1403638547677829376.000000 -2.891692638 2.327318668 -5.282507896 -0.020724608 -0.827924252 -0.016282598 0.560220480
1403638548877829376.000000 -4.306249619 1.823187590 -5.284606934 0.059579391 -0.827123523 0.036923163 0.557632267
1403638549077829376.000000 -4.561075211 1.724646091 -5.233879566 0.061385673 -0.827005267 0.039562099 0.557430685
1403638549477829376.000000 -5.077169895 1.524577975 -5.079483509 0.054166131 -0.825479686 0.045667846 0.559967577
1403638549677829376.000000 -5.339273930 1.426906466 -5.017636299 0.051968627 -0.822813690 0.046038445 0.564054489
1403638550277829376.000000 -6.156102180 1.163540006 -4.737883091 0.051159061 -0.826003075 0.046716463 0.559391975
1403638550477829376.000000 -6.436088085 1.086633921 -4.612070084 0.050499748 -0.825204551 0.049133103 0.560422421
1403638550677829376.000000 -6.716876507 1.017250180 -4.512142181 0.046630852 -0.820941865 0.055021405 0.566438675
1403638551077829376.000000 -7.259860516 0.920395076 -4.358735085 0.043013953 -0.803974807 0.057932720 0.590269625
1403638554027829504.000000 -8.596815109 2.823432684 -3.650932550 -0.061706536 -0.795525491 -0.038481288 0.601540267
1403638554827829504.000000 -8.029668808 3.439987183 -3.529781580 -0.066195466 -0.815603852 -0.028844550 0.574087560
1403638557777829376.000000 -6.505288124 6.131821156 -3.159121037 -0.106147170 -0.813735843 -0.066130996 0.567620814
1403638560677829376.000000 -7.233758450 9.237821579 -3.167504072 -0.268324167 -0.762385607 -0.171037033 0.563486218
1403638563277829376.000000 -6.397220612 10.590633392 -3.383105278 -0.564345360 -0.579105318 -0.375434101 0.452990741
1403638563527829504.000000 -6.197793961 10.618197441 -3.431307316 -0.567440927 -0.558531880 -0.394167125 0.459004521
1403638563827829504.000000 -5.914581299 10.591663361 -3.465339422 -0.571973443 -0.564042211 -0.385986149 0.453560919
1403638564127829504.000000 -5.582662106 10.515345573 -3.450404644 -0.566546381 -0.567418873 -0.379394233 0.461650372
1403638565177829376.000000 -4.034651756 9.884783745 -3.527229548 -0.561424017 -0.571631312 -0.367185563 0.472456902
1403638566777829376.000000 -1.067680717 8.228341103 -4.405961990 -0.564744055 -0.610011458 -0.370033830 0.414759070
1403638566977829376.000000 -0.739340186 8.020050049 -4.578604221 -0.569396675 -0.621722639 -0.357138991 0.402119696
1403638567277829376.000000 -0.282651007 7.763160706 -4.841361523 -0.546444476 -0.603015482 -0.388853043 0.431930721
1403638567477829376.000000 0.004373021 7.598193645 -5.029797077 -0.545985103 -0.601930857 -0.393311948 0.429982811
1403638567877829376.000000 0.523723841 7.268847466 -5.321535587 -0.558403254 -0.608679473 -0.385291576 0.411394715
1403638569577829376.000000 1.745545745 6.528275490 -5.796767235 -0.555811286 -0.614935756 -0.394244403 0.396861821
1403638570577829376.000000 1.736645579 6.500782013 -5.901361465 -0.594405174 -0.569175422 -0.376074046 0.425781727
1403638572527829504.000000 3.094094992 5.814739227 -6.283874512 -0.771851480 -0.310665220 -0.503251314 0.233389452
1403638573327829504.000000 4.094441414 5.466470242 -6.227233887 -0.777362168 -0.315227002 -0.504285812 0.205026135
1403638573527829504.000000 4.365009308 5.434779167 -6.203527927 -0.778314829 -0.315505028 -0.504845560 0.199533701
1403638573727829504.000000 4.642774582 5.429788113 -6.151141644 -0.779477000 -0.313063711 -0.506998062 0.193286628
1403638573927829504.000000 4.924876213 5.448980808 -6.093404770 -0.776315749 -0.289481223 -0.529873848 0.181019694
1403638574327829504.000000 5.465991497 5.498641968 -6.045996666 -0.791424334 -0.174468800 -0.560996234 0.168794081
1403638574577829376.000000 5.782276154 5.485744953 -6.044668674 -0.804628015 -0.125505358 -0.565997481 0.128331795
1403638574927829504.000000 6.203533173 5.428759098 -5.992034435 -0.814643621 -0.112673536 -0.562023580 0.088260755
1403638575377829376.000000 6.731691360 5.341825962 -5.980804920 -0.822107494 -0.104947984 -0.549589574 0.105244942
1403638575677829376.000000 7.107042313 5.261574745 -6.003613472 -0.825938821 -0.123812839 -0.541840911 0.094361000
1403638575927829504.000000 7.446730137 5.199468136 -5.975729465 -0.829064488 -0.135791361 -0.535544515 0.086051881
1403638576377829376.000000 8.112008095 5.150417328 -5.836293221 -0.823442519 -0.141737849 -0.543732285 0.078791298
1403638576627829504.000000 8.502488136 5.163539410 -5.790505886 -0.823327243 -0.152177930 -0.543235064 0.062207829
1403638576877829376.000000 8.897039413 5.226477146 -5.770375252 -0.813766360 -0.150939018 -0.557492197 0.064840131
1403638577127829504.000000 9.276555061 5.329596519 -5.770908356 -0.810760617 -0.137823001 -0.562878072 0.082706951
1403638577327829504.000000 9.567137718 5.425730228 -5.747200489 -0.810515046 -0.138924837 -0.563269913 0.080575377
1403638577727829504.000000 10.118346214 5.662850380 -5.667597771 -0.811850250 -0.143382028 -0.560865462 0.075965427
1403638577977829376.000000 10.441508293 5.840519905 -5.661313534 -0.811663151 -0.143966943 -0.560683668 0.078168079
1403638578227829504.000000 10.754753113 6.040843487 -5.633259296 -0.811290145 -0.135367200 -0.560886502 0.094289087
1403638578477829376.000000 11.063643456 6.242414474 -5.594454765 -0.811793804 -0.129127145 -0.560209632 0.102383077
1403638578727829504.000000 11.364112854 6.426667213 -5.586303234 -0.810670614 -0.131056875 -0.562279105 0.097363003
1403638578977829376.000000 11.653004646 6.603466988 -5.592306137 -0.808534801 -0.140781447 -0.565062761 0.084593818
1403638580027829504.000000 12.706506729 7.407501221 -5.522973061 -0.773030698 -0.236486256 -0.566240609 0.160839722
1403638580227829504.000000 12.844876289 7.557181835 -5.540488243 -0.737234175 -0.306199223 -0.561820507 0.216992199
1403638582827829504.000000 13.567519188 8.441788673 -5.312171936 -0.690059543 -0.428661644 -0.502012074 0.296733737
1403638585427829504.000000 12.407670975 8.636936188 -4.793457508 -0.693337560 -0.426348180 -0.497894675 0.299351424
1403638587927829504.000000 10.385746956 8.508859634 -4.737285137 -0.698087990 -0.423265278 -0.494631976 0.298092037
1403638590527829504.000000 7.970843315 8.129231453 -4.990389824 -0.699723244 -0.419460863 -0.495891690 0.297542423
1403638591727829504.000000 7.049883842 7.964428425 -5.019411564 -0.727861702 -0.428582519 -0.456148863 0.280111790
1403638592177829376.000000 6.881378174 8.098104477 -5.035927296 -0.715866148 -0.423673421 -0.470674008 0.294113189
1403638594777829376.000000 6.781762123 9.184791565 -4.059296131 -0.640115499 -0.494628429 -0.465325445 0.359259218
1403638595127829504.000000 6.700726986 9.208190918 -3.956845522 -0.645959556 -0.493973166 -0.460107177 0.356410056
1403638595577829376.000000 6.597734451 9.201396942 -3.936747313 -0.647873342 -0.494404703 -0.458610833 0.354260057
1403638596077829376.000000 6.474736691 9.163902283 -3.948397160 -0.640226722 -0.503554404 -0.469641060 0.340558290
1403638597327829504.000000 5.141937733 9.171255112 -3.752900124 -0.604073584 -0.529223979 -0.515305459 0.299127817
1403638597527829504.000000 4.705407619 9.193876266 -3.736195087 -0.610899389 -0.514645517 -0.509478748 0.319958389
1403638597727829504.000000 4.230485916 9.207117081 -3.739007473 -0.614287138 -0.506317139 -0.506435394 0.331387252
1403638597927829504.000000 3.726437807 9.206848145 -3.760416508 -0.601763725 -0.524221838 -0.509746373 0.321295261
1403638598127829504.000000 3.182717323 9.196130753 -3.779076099 -0.600600123 -0.527158141 -0.498555481 0.335896283
1403638598327829504.000000 2.608289719 9.167956352 -3.780322075 -0.615557253 -0.518894613 -0.471859425 0.359425038
1403638598527829504.000000 2.035128593 9.129272461 -3.795707226 -0.620476067 -0.519595802 -0.461056441 0.363945961
1403638598727829504.000000 1.470412135 9.082784653 -3.835405111 -0.612206876 -0.533471525 -0.451527029 0.369775832
1403638598927829504.000000 0.915634692 9.031169891 -3.864392996 -0.593267858 -0.554574311 -0.439708084 0.383585006
1403638599127829504.000000 0.368762463 8.973749161 -3.872668982 -0.569780350 -0.578832269 -0.423787773 0.400883287
1403638599327829504.000000 -0.172926903 8.906609535 -3.856915236 -0.544819951 -0.605323970 -0.404576868 0.416018993
1403638599527829504.000000 -0.706089139 8.832605362 -3.818709373 -0.527619898 -0.627084076 -0.388074815 0.421640575
1403638599927829504.000000 -1.744205594 8.692526817 -3.802277327 -0.527841926 -0.633457839 -0.374109685 0.424447954
1403638600527829504.000000 -3.169811010 8.581976891 -3.891759872 -0.569279492 -0.608248174 -0.331667930 0.442664027
1403638600727829504.000000 -3.552162886 8.592229843 -3.886217356 -0.573356330 -0.609550059 -0.327666521 0.438572645
1403638600927829504.000000 -3.882033348 8.634300232 -3.857031107 -0.566127837 -0.625395656 -0.335845172 0.419031650
1403638601127829504.000000 -4.182932377 8.710101128 -3.839010477 -0.552989721 -0.636250734 -0.351975381 0.406817764
1403638601527829504.000000 -4.780484676 8.939799309 -3.829370022 -0.520737231 -0.638772666 -0.365185708 0.432945281
1403638601727829504.000000 -5.084882736 9.066424370 -3.798041344 -0.486454934 -0.660445452 -0.350807190 0.451782972
1403638601927829504.000000 -5.393227577 9.183840752 -3.741248131 -0.438752323 -0.689823329 -0.331125557 0.471164703
1403638602327829504.000000 -6.019039154 9.381210327 -3.662450314 -0.374048442 -0.718972504 -0.303687900 0.500939131
1403638602727829504.000000 -6.609282017 9.455660820 -3.540024757 -0.304490864 -0.696497917 -0.242977843 0.602609158
1403638604577829376.000000 -6.879275799 8.358839989 -3.336449385 -0.200702980 -0.782863438 -0.159314185 0.566976428
1403638605477829376.000000 -6.558084488 7.429812908 -3.259512186 -0.198426768 -0.800063968 -0.161944926 0.542492807
1403638605727829504.000000 -6.513572693 7.189892769 -3.250350952 -0.182003200 -0.794106305 -0.183402076 0.550121605
1403638606027829504.000000 -6.495462894 6.846633911 -3.202238083 -0.178312853 -0.796346247 -0.190570518 0.545637190
1403638606527829504.000000 -6.562161446 6.130221844 -3.196382046 -0.204048976 -0.807288706 -0.162419036 0.529404402
1403638606777829376.000000 -6.647321224 5.752418518 -3.253741026 -0.200885683 -0.818795621 -0.137288928 0.519971609
1403638607027829504.000000 -6.783643723 5.401919365 -3.312464476 -0.163536265 -0.830234110 -0.104991682 0.522440553
1403638607527829504.000000 -7.171952248 4.814952374 -3.367173195 -0.123039506 -0.813102543 -0.065474428 0.565189064
1403638608977829376.000000 -8.066829681 3.716898680 -4.117367268 -0.126450002 -0.802774131 -0.074080251 0.577993274
1403638609277829376.000000 -8.142029762 3.554105997 -4.233813763 -0.133507103 -0.801023304 -0.063451000 0.580096066
1403638609527829504.000000 -8.177804947 3.446529388 -4.357339382 -0.130604863 -0.803405106 -0.068874054 0.576835275
1403638609777829376.000000 -8.196512222 3.358993292 -4.514741421 -0.127452359 -0.804800868 -0.073895872 0.574970424
1403638610077829376.000000 -8.203724861 3.274959087 -4.662771702 -0.128492281 -0.800504446 -0.072642364 0.580866098
1403638610577829376.000000 -8.139955521 3.177864075 -4.898965359 -0.125707358 -0.787665308 -0.077655658 0.598122597
1403638610827829504.000000 -8.045594215 3.136709452 -5.036793709 -0.127152607 -0.791841507 -0.073075384 0.592856824
1403638611227829504.000000 -7.825883389 3.094257116 -5.205591679 -0.125692204 -0.791350007 -0.069440685 0.594259739
1403638611577829376.000000 -7.564922810 3.071559191 -5.331007957 -0.106845319 -0.797756135 -0.098093063 0.585275173
1403638612027829504.000000 -7.184196472 2.991863012 -5.462544918 -0.127632976 -0.804330170 -0.073636927 0.575621784
1403638612377829376.000000 -6.886698246 2.944027662 -5.534216881 -0.129593626 -0.804784477 -0.073879518 0.574516535
1403638612727829504.000000 -6.586286068 2.918272495 -5.613661289 -0.123845741 -0.802164078 -0.090755567 0.577025473
1403638613027829504.000000 -6.321849346 2.883641005 -5.705259323 -0.128381014 -0.799715102 -0.092706002 0.579119861
1403638613277829376.000000 -6.096024990 2.839071512 -5.735002995 -0.131512538 -0.802029788 -0.090468794 0.575559020
1403638613777829376.000000 -5.645639420 2.732798338 -5.777828693 -0.146314859 -0.789762914 -0.092872418 0.588422656
1403638614077829376.000000 -5.342322350 2.665937424 -5.870548725 -0.179966778 -0.783072472 -0.118689470 0.583371520
1403638614327829504.000000 -5.063881397 2.607671022 -5.949100494 -0.218673006 -0.780262470 -0.145828202 0.567544580
1403638614577829376.000000 -4.778906822 2.544834852 -5.981781006 -0.243554056 -0.775540471 -0.154928580 0.561440706
1403638614827829504.000000 -4.488199234 2.493938923 -5.965853214 -0.285076797 -0.766906798 -0.158584550 0.552662790
1403638615077829376.000000 -4.181965351 2.472699404 -5.906162739 -0.336820930 -0.752574980 -0.188561365 0.533504784
1403638615327829504.000000 -3.863080502 2.485641003 -5.820937634 -0.384252012 -0.722072124 -0.250299573 0.517988801
1403638615577829376.000000 -3.545687437 2.505222321 -5.757033348 -0.437615752 -0.687472343 -0.296455741 0.497984231
1403638615827829504.000000 -3.237879038 2.519040108 -5.702921391 -0.467112601 -0.667383432 -0.317671180 0.485273361
1403638616127829504.000000 -2.870389938 2.524600983 -5.631439686 -0.497580737 -0.645638525 -0.336223155 0.471718431
1403638616377829376.000000 -2.560323477 2.522166252 -5.658771038 -0.533468425 -0.618062973 -0.357903123 0.453116924
1403638616577829376.000000 -2.311764717 2.516954899 -5.725004196 -0.558073997 -0.599875629 -0.370702207 0.437358648
1403638617027829504.000000 -1.749818444 2.539134026 -5.897428036 -0.584546447 -0.597551048 -0.360349089 0.413988918
1403638617777829376.000000 -0.832668424 2.825012922 -5.864785194 -0.563214779 -0.618765712 -0.368344903 0.405265540
1403638618077829376.000000 -0.520791948 3.024713039 -5.750480652 -0.558530688 -0.621230483 -0.368430614 0.407891124
1403638618627829504.000000 -0.029028289 3.470027208 -5.641508102 -0.555253983 -0.621764541 -0.370036840 0.410091102
1403638618877829376.000000 0.156957507 3.704261065 -5.590910435 -0.559201837 -0.614875555 -0.378334969 0.407533973
1403638619377829376.000000 0.467986256 4.193713188 -5.543793201 -0.614591599 -0.541285932 -0.433118135 0.376424402
1403638621177829376.000000 1.613448620 5.363869667 -5.739777565 -0.646609128 -0.499789357 -0.452000827 0.357494712
1403638622127829504.000000 2.176188946 5.617280006 -5.869156837 -0.629194200 -0.498047978 -0.467114389 0.371304482
1403638624227829504.000000 2.561523199 4.494360924 -5.800329208 -0.647147059 -0.493039131 -0.456184328 0.360567629
1403638624727829504.000000 2.584373713 4.018836975 -5.844426155 -0.640805602 -0.483397514 -0.466017514 0.372186452
1403638625027829504.000000 2.595507860 3.698175907 -5.845407486 -0.636680901 -0.504071176 -0.453292310 0.367526561
1403638625327829504.000000 2.604541063 3.372450590 -5.851136208 -0.637018561 -0.506946862 -0.442714840 0.375786901
1403638625577829376.000000 2.621430159 3.103022337 -5.846560478 -0.635869145 -0.507976055 -0.442541033 0.376547635
1403638625877829376.000000 2.652369261 2.786922693 -5.809049129 -0.642684281 -0.513678789 -0.433715850 0.367398530
1403638626177829376.000000 2.696802378 2.492137909 -5.807237625 -0.645815730 -0.513747215 -0.431171983 0.364796788
1403638626577829376.000000 2.768164873 2.134519100 -5.860247612 -0.636942029 -0.518427730 -0.443988353 0.358346224
1403638627027829504.000000 2.826362371 1.797376513 -5.889900684 -0.644572079 -0.524496198 -0.431235909 0.351377636
1403638627427829504.000000 2.870604753 1.585739017 -5.913094997 -0.641554177 -0.526714802 -0.433724493 0.350517958
1403638627727829504.000000 2.896824121 1.474893451 -5.953351021 -0.636885345 -0.523684144 -0.441554129 0.353782296
1403638628027829504.000000 2.908257484 1.390576839 -5.999980450 -0.637474298 -0.525079012 -0.442238152 0.349777162
1403638628327829504.000000 2.900430679 1.330186605 -6.034143925 -0.640384912 -0.524873435 -0.440478504 0.346977919
1403638628627829504.000000 2.876595259 1.301154375 -6.043832302 -0.641721427 -0.506489098 -0.439535409 0.372117043
1403638628927829504.000000 2.865633965 1.272326231 -6.061932564 -0.640325069 -0.509037077 -0.442635149 0.367340654
1403638629227829504.000000 2.862492085 1.244091749 -6.085207462 -0.636671484 -0.516691506 -0.447204322 0.357334107
1403638629577829376.000000 2.841376066 1.222621799 -6.089872360 -0.646711230 -0.521838486 -0.434074968 0.347890943
1403638630077829376.000000 2.831064224 1.245104671 -6.111534595 -0.633493423 -0.502670169 -0.455542684 0.372142017
1403638630377829376.000000 2.831020832 1.243851900 -6.195502758 -0.648338616 -0.525147676 -0.431883037 0.342569888
1403638630577829376.000000 2.824579000 1.265957355 -6.180203915 -0.635809064 -0.511271358 -0.449128807 0.364186555
1403638630877829376.000000 2.827189922 1.267180324 -6.203526974 -0.645693123 -0.534923375 -0.424068630 0.342203408
1403638631377829376.000000 2.825537205 1.242094398 -6.198484898 -0.645847857 -0.534936488 -0.424157530 0.341780424
