1403715278412143104.000000 -0.230346650 -0.552567065 0.095848516 -0.560116649 -0.612137258 -0.378152907 0.410557747
1403715279412143104.000000 -0.268213838 -0.434314549 0.212589905 -0.554769337 -0.596535265 -0.389358014 0.429856896
1403715282162142976.000000 -0.378294438 -0.024721444 0.405954093 -0.740801513 -0.363035649 -0.507336438 0.249054179
1403715284762142976.000000 -0.346340448 0.671590924 0.117759384 -0.816596329 -0.074732594 -0.569562852 0.056422971
1403715285562142976.000000 -0.281600475 0.727911651 0.187978715 0.825595379 -0.034453951 0.563049614 -0.013432865
1403715288112143104.000000 0.317506939 0.420886874 0.706025064 0.788434327 -0.193661869 0.571339130 0.120158054
1403715290962142976.000000 0.762435853 0.035491113 0.514493465 0.763789773 -0.305303782 0.534420490 0.194446743
1403715291712143104.000000 0.991631329 -0.140964806 0.479858220 0.738888919 -0.369118780 0.526010692 0.202749267
1403715292012143104.000000 1.032696724 -0.267960787 0.446398407 0.743797898 -0.364421785 0.508774757 0.234754533
1403715294812143104.000000 1.700769663 -1.065621495 0.573081315 -0.804727137 -0.169217855 -0.557049572 0.116083950
1403715296012143104.000000 1.697598696 -1.271049857 0.398645103 -0.724405468 -0.356014192 -0.525892913 0.268192708
1403715298912143104.000000 2.472016335 -1.393180013 0.223292828 -0.491930574 -0.658312559 -0.379115582 0.425323904
1403715301862142976.000000 2.266090393 -1.054721713 0.266985208 -0.310228616 -0.752249718 -0.228519171 0.534469485
1403715304562142976.000000 2.042333364 -1.801443100 0.132465914 -0.115626767 -0.805885851 -0.070559889 0.576367736
1403715305562142976.000000 2.060442924 -1.920898318 0.111993670 -0.119726762 -0.811759233 -0.076822542 0.566401660
1403715307962142976.000000 2.648870468 -1.867622137 0.377749383 -0.430686712 -0.710223377 -0.299162120 0.469674140
1403715310912143104.000000 3.199322462 -1.529293895 0.361994237 -0.536491811 -0.621693492 -0.376523286 0.428840369
1403715313212143104.000000 3.976458549 -0.998414159 0.467278510 -0.527362883 -0.604922116 -0.412640035 0.430912763
1403715315412143104.000000 3.726297855 -1.033550382 0.657747626 -0.636780560 -0.514541626 -0.449454963 0.357418209
1403715318212143104.000000 3.161860228 -0.744837344 0.344172120 -0.821230054 -0.036556378 -0.565347612 0.068021193
1403715320712143104.000000 3.997939348 -0.630664229 0.446789026 0.740679502 -0.326530755 0.552884936 0.197711438
1403715321212143104.000000 4.095945358 -0.516523719 0.516095221 0.722256124 -0.390095621 0.528942645 0.215386286
1403715323912143104.000000 3.331917524 -1.530103087 0.577805817 0.669577956 -0.418124527 0.511884391 0.338838756
1403715326862142976.000000 2.974475145 -1.441314697 0.661151707 0.676057518 -0.441496372 0.499731749 0.313520879
1403715328662142976.000000 2.165977955 -1.498043299 0.536677301 0.723265290 -0.374718517 0.507210195 0.281444818
1403715331162142976.000000 1.956323981 -1.358974695 0.416005671 0.801078856 -0.165791824 0.571101189 0.068038821
1403715333862142976.000000 1.860114217 -2.314903498 0.696723700 0.817395508 -0.058578055 0.572535455 0.025228500
1403715336562142976.000000 2.082275152 -3.455106258 0.653120518 -0.817455411 -0.066499166 -0.569717884 0.052594043
1403715336912143104.000000 2.157745838 -3.562651157 0.656833589 -0.816813469 -0.066291325 -0.570875287 0.050226994
1403715339412143104.000000 3.061064243 -4.135615826 0.809703290 -0.792021692 -0.215757132 -0.550159812 0.153214991
1403715340312143104.000000 3.378621340 -4.204522133 0.746879637 -0.774469376 -0.269622624 -0.549192667 0.160898671
1403715340912143104.000000 3.476590395 -4.032033920 0.813840270 -0.760180116 -0.328566223 -0.505011439 0.243174598
1403715341262142976.000000 3.581019163 -3.932103395 0.845425189 -0.757438958 -0.316457212 -0.519213021 0.237821236
1403715342512143104.000000 3.844887018 -3.609484434 0.916272759 -0.761952400 -0.330681503 -0.506984591 0.230315104
1403715345412143104.000000 3.616856813 -2.139597893 0.784561753 -0.671948016 -0.456208348 -0.487812817 0.319997609
1403715347362142976.000000 2.416748285 -1.463002563 0.739388704 -0.683688939 -0.454658598 -0.475879341 0.315268129
1403715350212143104.000000 2.264409542 -0.992634118 0.369852424 -0.460846245 -0.682466030 -0.312430352 0.473548442
1403715351812143104.000000 2.098759174 -0.665649295 0.231704727 -0.433581263 -0.688360333 -0.326857299 0.480969638
1403715354612143104.000000 1.241348505 -0.354360163 0.233245015 -0.362429768 -0.739748001 -0.243291542 0.512080848
1403715356912143104.000000 0.912619948 -0.035406217 0.544613123 -0.246725678 -0.792463601 -0.151227087 0.536896944
1403715357162142976.000000 0.813547194 0.001972705 0.566526771 -0.194805890 -0.801593423 -0.115709484 0.553272069
1403715358162142976.000000 0.386765987 0.173172846 0.659017503 -0.124627151 -0.817064941 -0.119300224 0.550127566
1403715359512143104.000000 -0.451384425 -0.043205708 0.573682427 -0.073100559 -0.804861903 -0.070931494 0.584655762
1403715359812143104.000000 -0.557781935 -0.132159740 0.571004212 -0.081518129 -0.804525971 -0.068049788 0.584347546
1403715360062142976.000000 -0.621391058 -0.223104477 0.579464257 -0.089076325 -0.810808897 -0.058654755 0.575512052
1403715360312143104.000000 -0.674308896 -0.312677145 0.590539217 -0.090530291 -0.812939823 -0.059346762 0.572198451
1403715363062142976.000000 -1.282233953 -0.411156446 0.575920224 -0.608558774 -0.541221738 -0.387369275 0.432065248
1403715364512143104.000000 -1.157644987 -0.446551859 0.706910551 -0.742340505 -0.342676193 -0.506065965 0.274592429
1403715367162142976.000000 -0.746948302 -1.282492518 0.960764468 -0.811139345 -0.179475442 -0.539830565 0.135737389
1403715370062142976.000000 0.755523682 -2.537990093 0.998342097 -0.750238359 -0.363994420 -0.505180418 0.222358525
1403715371062142976.000000 1.278354645 -2.642620564 0.977826595 -0.758004248 -0.340510756 -0.505990744 0.231204405
1403715373912143104.000000 3.260998964 -2.216964245 1.018487096 -0.689967811 -0.436485648 -0.496466905 0.294864804
1403715376762142976.000000 3.526804924 -1.087966204 0.920061767 -0.616284490 -0.530687392 -0.450557262 0.368188173
1403715377412143104.000000 3.299549341 -0.974006176 0.858538687 -0.601247489 -0.541253865 -0.446576983 0.382249773
1403715380262142976.000000 1.857139945 -0.967847526 0.836894333 -0.606239974 -0.545870364 -0.435552567 0.380516350
1403715383112143104.000000 -0.077387691 -0.491572171 0.848900616 -0.736504257 -0.386337429 -0.487460792 0.265869975
1403715385862142976.000000 -0.173135951 0.307600558 0.828234434 -0.819316089 -0.031504557 -0.568339825 0.068691470
1403715388662142976.000000 0.350663573 -1.110870481 0.750172555 -0.818009675 -0.071423136 -0.567269266 0.062964119
1403715389512143104.000000 0.655928731 -1.696693301 0.739163816 -0.812841594 -0.091042027 -0.572557211 0.056375161
1403715392462142976.000000 2.471609116 -2.074110270 0.818810344 -0.719436109 -0.382696331 -0.508064449 0.278972894
1403715394262142976.000000 3.389131546 -1.761115670 0.896641135 -0.435503125 -0.695030570 -0.307017148 0.482711256
1403715395762142976.000000 3.263158083 -1.927308798 0.813974679 -0.052352682 -0.824867189 -0.039538056 0.561507046
1403715398212143104.000000 2.299849033 -1.992933989 0.515745759 0.007798890 -0.803737581 0.013848792 0.594771624
1403715398712143104.000000 2.101269007 -1.869519353 0.466337740 0.005810820 -0.803902030 -0.010293554 0.594644368
1403715399212143104.000000 2.049161673 -1.850947261 0.441805065 0.010537967 -0.800415516 -0.017195646 0.599106252
1403715399712143104.000000 2.146659374 -1.973532915 0.428212881 0.007505518 -0.826644123 -0.009633511 0.562592626
1403715400162142976.000000 2.212365150 -2.157907963 0.448511988 -0.014144938 -0.832613111 -0.028430920 0.552944064
1403715401162142976.000000 2.004312277 -2.766148806 0.475907624 -0.237573802 -0.807763517 -0.133748800 0.522674024
1403715402362142976.000000 1.250355482 -3.067020655 0.575458348 -0.260306209 -0.765063345 -0.194676310 0.555895567
1403715403062142976.000000 0.915706456 -3.253428698 0.578061521 -0.327384174 -0.755899310 -0.206952721 0.527831793
1403715403362142976.000000 0.783642888 -3.332133532 0.588748693 -0.336350769 -0.765471399 -0.200838625 0.510475814
1403715403762142976.000000 0.600189447 -3.339399099 0.608182192 -0.377144575 -0.747182310 -0.231483653 0.495878935
1403715404112143104.000000 0.430634916 -3.259707689 0.625163913 -0.437750041 -0.710716724 -0.273327053 0.478068113
1403715405012143104.000000 -0.109534964 -2.932068586 0.621150076 -0.489104927 -0.651347399 -0.339167595 0.470625430
1403715405312143104.000000 -0.282578617 -2.849582672 0.595649183 -0.550404310 -0.602777302 -0.360777289 0.451170087
1403715405612143104.000000 -0.405909926 -2.778618336 0.570419848 -0.610700369 -0.552933991 -0.400637478 0.400997192
1403715405912143104.000000 -0.498844743 -2.701129675 0.545372546 -0.659177065 -0.507458806 -0.436489820 0.342706621
1403715406512143104.000000 -0.649552107 -2.495347500 0.455584258 -0.740597844 -0.367176205 -0.491938770 0.273299694
1403715406812143104.000000 -0.686636448 -2.394402266 0.394754708 -0.769162774 -0.304263502 -0.511081696 0.233683497
1403715407112143104.000000 -0.685851097 -2.302525282 0.342715293 -0.789979398 -0.246135652 -0.529257596 0.187713355
1403715407412143104.000000 -0.654160738 -2.212413073 0.303669691 -0.813879669 -0.215276748 -0.517753124 0.152274489
1403715409662142976.000000 -0.021469254 -1.269669533 0.497181684 -0.717955291 -0.380314261 -0.514574230 0.274070412
1403715410162142976.000000 0.016687725 -1.210004330 0.603458405 -0.745050609 -0.367928386 -0.497789204 0.248463869
1403715410662142976.000000 0.082611404 -1.088615417 0.606246471 -0.731874764 -0.368893743 -0.519325495 0.242028639
1403715411162142976.000000 0.092861772 -0.953856647 0.577053428 -0.724562526 -0.372529060 -0.514786363 0.266882569
1403715411512143104.000000 0.074410036 -0.893465698 0.561545849 -0.718201518 -0.367301464 -0.514712453 0.290425956
1403715412012143104.000000 0.044391409 -0.885647237 0.534462512 -0.718745530 -0.382035971 -0.507803261 0.282115728
1403715412412143104.000000 0.013100643 -0.912951231 0.512369871 -0.722982407 -0.384007961 -0.502714992 0.277690440
1403715412762142976.000000 -0.012258302 -0.941833794 0.497204512 -0.728042901 -0.386851609 -0.496351033 0.271909952
1403715413262142976.000000 -0.034770671 -0.956784666 0.451480389 -0.723636091 -0.385157704 -0.504085243 0.271850079
1403715413612143104.000000 -0.049262043 -0.964955091 0.354190409 -0.724999607 -0.376460820 -0.502413809 0.283254564
1403715413912143104.000000 -0.053635355 -0.987264216 0.294533461 -0.721646547 -0.382638395 -0.508027494 0.273353696
1403715414212143104.000000 -0.070681147 -1.012640357 0.255407810 -0.727978706 -0.386970252 -0.499676764 0.265752256
1403715414512143104.000000 -0.091804668 -1.014149189 0.273680389 -0.734314561 -0.391688347 -0.491327822 0.256825566
1403715414812143104.000000 -0.109373644 -0.978076935 0.252182961 -0.727797925 -0.379177868 -0.502392888 0.272278816
1403715415062142976.000000 -0.123517394 -0.947561800 0.206794947 -0.734820247 -0.358748823 -0.495774537 0.292482853
1403715415462142976.000000 -0.105321296 -0.941867650 0.141620010 -0.730274141 -0.365471154 -0.513512015 0.263507038
1403715415912143104.000000 -0.099271454 -0.944151878 0.116555661 -0.725448072 -0.367198616 -0.525008261 0.251508564
1403715416312143104.000000 -0.100884050 -0.940968096 0.113444179 -0.728030622 -0.368465185 -0.521682680 0.249102578
1403715416812143104.000000 -0.099463500 -0.941686094 0.111694477 -0.728761733 -0.368127942 -0.520762742 0.249388009
1403715417312143104.000000 -0.100809500 -0.942215323 0.110774472 -0.728969336 -0.367951810 -0.520453513 0.249686688
1403715417762142976.000000 -0.101416647 -0.942862868 0.110700257 -0.729075909 -0.367775142 -0.520291388 0.249973416
1403715418262142976.000000 -0.101456121 -0.942878723 0.110877708 -0.729134083 -0.367683649 -0.520294487 0.249931887
1403715418762142976.000000 -0.101283699 -0.943067253 0.111020952 -0.729263365 -0.367522925 -0.520190358 0.250007749
