1413393216555760384.000000 0.014982756 0.124664493 0.106587313 -0.558392882 -0.580187082 -0.404500842 0.433542788
1413393219255760384.000000 -0.466082960 -0.385366499 0.366684139 -0.583896458 -0.584808528 -0.386977673 0.409038186
1413393221805760512.000000 -0.652503431 -0.360526234 0.834455073 -0.570035398 -0.583149433 -0.408711106 0.409819067
1413393223655760384.000000 -0.757219493 0.138114035 0.831136405 -0.556772888 -0.593461275 -0.403815955 0.418019593
1413393224055760384.000000 -0.819511473 0.328712165 0.764571011 -0.564121664 -0.585012615 -0.411165178 0.412880301
1413393224505760512.000000 -0.926178515 0.522468865 0.662930369 -0.570732117 -0.571115077 -0.420440823 0.413910419
1413393224755760384.000000 -0.988430440 0.615860939 0.545683026 -0.600030363 -0.542456388 -0.423313469 0.408056676
1413393226655760384.000000 -0.980757535 1.109979510 0.395111561 -0.758476377 -0.327976614 -0.507146835 0.244841024
1413393229105760512.000000 -0.357233047 1.813808560 0.316824108 -0.809063852 -0.151743487 -0.557514489 0.107551895
1413393231605760512.000000 1.123694897 2.576182842 0.246826813 -0.800476789 -0.037690278 -0.596034229 0.050591096
1413393232455760384.000000 1.582683921 2.665693760 0.154512480 0.813184738 -0.076098196 0.576635838 0.020758506
1413393232655760384.000000 1.681716442 2.631743431 0.108707711 0.812173426 -0.104040943 0.572760165 0.038673416
1413393233055760384.000000 1.887468815 2.519844532 0.033052094 0.813528240 -0.108716436 0.567910314 0.061891399
1413393233655760384.000000 2.219445705 2.310742378 0.132652670 0.795365393 -0.146063238 0.578149796 0.108638376
1413393233855760384.000000 2.317167759 2.251960993 0.220899820 0.788615048 -0.175788894 0.572849274 0.137943193
1413393234055760384.000000 2.407780170 2.206041336 0.312740654 0.775343776 -0.210016578 0.576806903 0.148421615
1413393234255760384.000000 2.484308243 2.168331146 0.386054426 0.764955759 -0.247315779 0.574130952 0.155084968
1413393236905760512.000000 2.455766439 1.861301184 0.448860139 0.579477131 -0.586644471 0.423564970 0.375029683
1413393239855760384.000000 2.723941565 0.882979810 0.571105361 0.563862503 -0.592215896 0.425762326 0.387383401
1413393242605760512.000000 2.756517172 -0.215336114 0.399312347 0.558397651 -0.593912244 0.427796721 0.390448779
1413393245405760512.000000 2.650607824 -0.129436329 0.397534132 0.677832127 -0.460129440 0.476300925 0.319314927
1413393248055760384.000000 2.734233141 0.098406449 -0.013201794 0.690447688 -0.408874243 0.531595230 0.271127939
1413393250205760512.000000 2.488047600 -0.010075884 -0.061526380 0.704060614 -0.421318859 0.483840525 0.304446250
1413393251005760512.000000 2.660074949 0.051805630 -0.129723907 0.689171493 -0.442524493 0.494274288 0.291389197
1413393253355760384.000000 2.623040915 0.282188863 0.060207985 0.429621011 -0.710196733 0.288410723 0.477352828
1413393254805760512.000000 2.558960915 -0.150065765 0.332154870 0.349092782 -0.736287177 0.251292259 0.522367477
1413393256755760384.000000 2.293551683 -0.708105147 0.483546197 0.347089350 -0.744985819 0.243908569 0.514814317
1413393257255760384.000000 2.151941061 -0.917150378 0.431069881 0.348805577 -0.740661740 0.259153754 0.512439430
1413393258205760512.000000 1.839962125 -1.354326010 0.328156054 0.347362727 -0.737533510 0.243428454 0.525477111
1413393260505760512.000000 1.597183347 -2.318869114 0.414198339 0.708542764 -0.340360105 0.543167472 0.295112193
1413393263305760512.000000 2.083574772 -2.446559906 0.334099472 0.784384906 -0.227993190 0.560561895 0.136124045
1413393265955760384.000000 2.470439196 -2.693969011 0.007575532 0.803402364 -0.125562176 0.574202836 0.095235609
1413393267055760384.000000 2.485090971 -2.563116789 0.195909202 -0.782119274 -0.202998534 -0.565729320 0.164412677
1413393269705760512.000000 2.362392426 -2.672801256 0.150160253 -0.774201810 -0.225555316 -0.561070740 0.186911970
1413393269905760512.000000 2.338600636 -2.679155350 0.081953362 -0.780726016 -0.236231536 -0.549911857 0.179606304
1413393271955760384.000000 2.344528913 -2.497394562 -0.080426395 -0.807337940 -0.111751087 -0.575296819 0.068926156
1413393272755760384.000000 2.248960495 -2.268111229 0.009105327 -0.810394228 -0.013713140 -0.585700572 -0.005288772
1413393275655760384.000000 1.898163795 -1.564575672 0.278485239 0.613572955 -0.524173260 0.464433193 0.364790976
1413393278255760384.000000 1.411758423 -1.732182622 0.266885072 0.520867050 -0.617215574 0.403323233 0.430200815
1413393278755760384.000000 1.202615023 -1.755851626 0.269427270 0.486001194 -0.662643492 0.372530758 0.431192845
1413393279155760384.000000 0.957427204 -1.795466304 0.312938213 0.507219672 -0.636924982 0.351407617 0.462133646
1413393279655760384.000000 0.725883603 -1.879128456 0.286420047 0.523555577 -0.631468356 0.350953877 0.451629072
1413393280155760384.000000 0.585849285 -2.014756918 0.272547215 0.516611397 -0.620904684 0.380859226 0.450040430
1413393280655760384.000000 0.464174330 -2.093120575 0.296829969 0.509511530 -0.628133476 0.410478115 0.421134263
1413393281005760512.000000 0.299403220 -2.104474068 0.249107078 0.516883492 -0.634462416 0.405395240 0.407361716
1413393281355760384.000000 0.065930612 -2.127640247 0.255430251 0.537554622 -0.615848184 0.375462800 0.436799318
1413393281605760512.000000 -0.084137574 -2.158573866 0.277463675 0.533718646 -0.617456317 0.371328324 0.442727357
1413393282005760512.000000 -0.272691190 -2.217715263 0.332926452 0.511343539 -0.620248556 0.382470667 0.455560863
1413393282505760512.000000 -0.476511747 -2.263257265 0.427426428 0.514211178 -0.628084183 0.373134464 0.449297041
1413393283005760512.000000 -0.640048862 -2.306898355 0.439552844 0.541114748 -0.603256702 0.392561793 0.434938461
1413393283505760512.000000 -0.708447635 -2.346740723 0.458772629 0.627149820 -0.531211555 0.426304162 0.377838671
1413393284005760512.000000 -0.680533111 -2.424644232 0.365122497 0.689281762 -0.436018020 0.484132349 0.316851497
1413393286855760384.000000 0.092310332 -2.903592825 0.274330080 -0.813373268 -0.059428569 -0.578011870 0.028187485
1413393289755760384.000000 0.772638857 -2.819794416 0.275025904 -0.743241370 -0.334247470 -0.527352095 0.240355551
1413393292655760384.000000 1.274947524 -2.741846561 0.083763197 -0.706811190 -0.383041799 -0.528950274 0.271861196
1413393294955760384.000000 0.300653696 -2.880089998 0.277346641 -0.713655531 -0.398045093 -0.498636931 0.289166212
1413393295955760384.000000 -0.202342361 -2.819290638 0.291417807 -0.712759376 -0.402944088 -0.499054313 0.283822000
1413393296905760512.000000 -0.548059762 -2.603337049 0.208569333 -0.736690521 -0.362783581 -0.501433909 0.272468746
1413393297905760512.000000 -0.650729537 -2.280328035 0.097604983 -0.742430210 -0.330832332 -0.515507162 0.271292746
1413393300155760384.000000 -0.424704313 -1.655955315 0.087721370 -0.730168462 -0.353447199 -0.531627178 0.243519440
1413393300705760512.000000 -0.492030561 -1.552913308 0.149340004 -0.706360281 -0.403378308 -0.485325813 0.320624411
1413393302555760384.000000 -0.845483840 -1.544525027 -0.020569757 -0.592022538 -0.558106899 -0.412248999 0.409971625
1413393302805760512.000000 -0.937507451 -1.548271179 0.007138040 -0.603897214 -0.548618436 -0.408618689 0.409092456
1413393304905760512.000000 -1.374347210 -1.350844622 0.246033356 -0.591243207 -0.565692961 -0.419345737 0.393156588
1413393305155760384.000000 -1.424818397 -1.285408258 0.249394044 -0.592661440 -0.567730248 -0.414353937 0.393377155
1413393305405760512.000000 -1.480724573 -1.210391879 0.268819720 -0.593370676 -0.565819383 -0.423994482 0.384692550
1413393305655760384.000000 -1.548854828 -1.127715826 0.297103405 -0.604526281 -0.554675102 -0.424599141 0.382882446
1413393308555760384.000000 -2.178428888 0.033049010 0.491829425 -0.806492925 -0.134137928 -0.566329598 0.104149528
1413393310755760384.000000 -1.986142993 0.583455324 0.280178040 0.815278947 -0.024022439 0.578517079 -0.007818564
1413393311255760384.000000 -1.862217546 0.572591066 0.252409101 0.821666420 -0.027435226 0.569166780 0.012682868
1413393313805760512.000000 -1.031606913 0.580322981 0.174873024 -0.792542696 -0.003877425 -0.609292507 0.024975533
1413393316705760512.000000 -0.580733359 0.912171543 0.425816745 -0.799920678 -0.148315012 -0.571753502 0.105959624
1413393317755760384.000000 -0.552133203 1.372946620 0.373811305 -0.786576867 -0.153210074 -0.587552369 0.112275772
1413393318105760512.000000 -0.622542322 1.523988366 0.294012845 -0.796261549 -0.144668713 -0.578554213 0.101556607
1413393318455760384.000000 -0.706616461 1.675421953 0.202939689 -0.802864254 -0.120755136 -0.572428703 0.114684977
1413393318755760384.000000 -0.771299720 1.777015567 0.119598776 -0.802666187 -0.115906455 -0.573301315 0.116697900
1413393319155760384.000000 -0.860763848 1.857472897 0.068652138 -0.795276046 -0.121435888 -0.582662582 0.115298122
1413393319505760512.000000 -0.955854774 1.884085655 0.045976371 -0.813462496 -0.124746010 -0.555956244 0.116746545
1413393319755760384.000000 -0.992423415 1.887854695 -0.009100042 -0.823088408 -0.123860627 -0.540520310 0.122563332
1413393320005760512.000000 -0.986852348 1.882727742 -0.083328567 -0.808284938 -0.144446582 -0.561782897 0.101048402
1413393320255760384.000000 -0.971905768 1.888576984 -0.169663548 -0.793442428 -0.144161388 -0.582672775 0.100791916
1413393320505760512.000000 -0.970283389 1.908004522 -0.199314371 -0.806021452 -0.138493657 -0.566838801 0.099211015
1413393320905760512.000000 -0.973085046 1.946084142 -0.257023543 -0.793510020 -0.134919018 -0.586408019 0.090908214
1413393321105760512.000000 -0.985454798 1.932680249 -0.265353441 -0.807869673 -0.144906387 -0.565790951 0.078925617
1413393321555760384.000000 -0.989521980 1.925812721 -0.269125223 -0.795844972 -0.125989377 -0.585114956 0.091639943
1413393321905760512.000000 -0.989112318 1.925714850 -0.269706517 -0.794204950 -0.126219437 -0.587345421 0.091283172
1413393322405760512.000000 -0.989176631 1.925762415 -0.269966871 -0.794256568 -0.126064003 -0.587258875 0.091604985
1413393322905760512.000000 -0.989562631 1.925803185 -0.270058274 -0.794304252 -0.125976920 -0.587185740 0.091779806
1413393323405760512.000000 -0.990125060 1.925578117 -0.269261599 -0.794334829 -0.125808910 -0.587137163 0.092056237
1413393323905760512.000000 -0.989977956 1.925581694 -0.270353287 -0.794398546 -0.125618339 -0.587052882 0.092303798
1413393324405760512.000000 -0.989877343 1.925632954 -0.269929886 -0.794471204 -0.125519246 -0.586968780 0.092348568
1413393324905760512.000000 -0.989950478 1.925517321 -0.269407094 -0.794539690 -0.125502288 -0.586860895 0.092467092
1413393325405760512.000000 -0.990425467 1.925727963 -0.269797355 -0.794581294 -0.125475228 -0.586754739 0.092818901
1413393325905760512.000000 -0.989838958 1.925481558 -0.269737005 -0.794615746 -0.125115857 -0.586783409 0.092828713
