#Stereo rect[ms], MP culling[ms], MP creation[ms], LBA[ms], KF culling[ms], Total[ms]
9.527928,0.214179,2.293277,0.016512,0.016512,12.065240
12.003927,0.401477,5.786985,0.005152,0.005152,18.201093
13.464777,0.570152,8.377225,0.460678,0.460678,72.262029
14.073745,0.594855,14.578327,1.277360,1.277360,82.869234
15.317665,0.364708,18.313703,1.711030,1.711030,91.891332
9.847452,0.308932,14.282099,1.669109,1.669109,79.656650
16.371726,0.443205,26.596623,2.387295,2.387295,118.885464
10.748423,0.336356,17.981858,3.468587,3.468587,99.478563
18.409063,0.483334,34.751286,3.245096,3.245096,150.039135
18.310950,0.463622,36.843887,140.736427,140.736427,282.732197
19.095632,0.452262,35.316476,4.461528,4.461528,130.755821
16.318477,0.357284,30.174460,4.999871,4.999871,129.924290
17.417595,0.417125,37.848957,5.535941,5.535941,145.096769
22.484891,0.552999,48.469857,6.133133,6.133133,162.598685
14.635993,0.421733,35.991493,7.085273,7.085273,146.412082
15.151263,0.428421,35.232348,8.150247,8.150247,151.442706
19.171633,0.428806,46.341415,8.534827,8.534827,189.435535
15.893288,0.420485,43.080670,9.016242,9.016242,187.109490
16.325421,0.460166,40.702656,9.982526,9.982526,452.343707
18.069987,0.454598,45.153400,10.373986,10.373986,192.778585
29.526835,0.579335,71.444131,11.231565,11.231565,247.886734
18.957007,0.398181,44.767283,13.745709,13.745709,207.076045
14.977532,0.347301,38.062879,12.356763,12.356763,194.362509
14.386037,0.383621,34.995768,14.598648,14.598648,201.087618
12.796801,0.317956,34.116941,12.852930,12.852930,194.519951
13.110373,0.338724,34.250959,15.371105,15.371105,202.687670
12.733728,0.342436,32.761692,11.920790,11.920790,202.126799
12.728192,0.351973,33.001471,15.149279,15.149279,211.078624
14.605208,0.432965,41.996305,12.582046,12.582046,200.696605
16.014985,0.435718,54.242602,14.896604,14.896604,225.482357
22.058261,0.568744,45.257433,12.538781,12.538781,209.171527
23.655242,0.582855,61.810762,13.361480,13.361480,250.871476
14.518134,0.488902,37.501592,13.218855,13.218855,202.703894
13.150310,0.513478,36.113094,12.325595,12.325595,199.253931
15.483363,0.602759,44.013418,13.590251,13.590251,209.908369
20.566338,0.811467,56.179170,10.600806,10.600806,219.314823
12.698719,0.585416,42.754650,12.996900,12.996900,204.308458
20.298911,0.692041,56.581128,10.670599,10.670599,224.231461
21.437070,0.678057,57.386770,12.322843,12.322843,232.685456
15.493666,0.537447,42.034353,12.398172,12.398172,206.864170
20.201662,0.790890,56.920876,10.764583,10.764583,248.489302
12.562462,0.532934,39.721140,11.829300,11.829300,202.987737
12.583102,0.586791,39.701076,11.732852,11.732852,242.698125
11.743892,0.546246,31.829617,11.691091,11.691091,200.435929
12.192665,0.532807,28.725577,11.379087,11.379087,196.047042
11.507153,0.472934,28.314212,10.617414,10.617414,178.175298
14.405397,0.567303,40.489406,9.537560,9.537560,197.163280
12.493565,0.528679,33.347715,12.129528,12.129528,201.539624
10.700359,0.529414,27.384953,8.914993,8.914993,171.344460
14.727065,0.645288,37.705722,12.437789,12.437789,206.907659
11.103404,0.535846,29.893720,8.594700,8.594700,171.013895
15.243903,0.765802,37.753659,13.565002,13.565002,197.909369
11.532753,0.602535,29.026542,9.630010,9.630010,169.761624
18.353287,0.831402,49.284621,9.786075,9.786075,210.791004
9.706682,0.545223,25.917478,8.186087,8.186087,469.419282
9.162483,0.590887,23.772555,9.493048,9.493048,174.786807
10.566821,0.673769,29.833879,10.177024,10.177024,188.738407
9.820187,0.677225,26.964179,10.241761,10.241761,190.431292
10.129216,0.693417,28.307556,8.908592,8.908592,189.413135
9.696794,0.634792,26.521358,7.807458,7.807458,194.213100
10.316865,0.638952,28.155075,8.227399,8.227399,195.427386
10.321250,0.703849,27.924831,9.555896,9.555896,196.181380
8.361609,0.651688,24.597174,8.279176,8.279176,180.221659
10.031198,0.859371,29.572756,9.045778,9.045778,193.857607
8.421354,0.796938,26.153833,9.801372,9.801372,196.485096
8.032069,0.795466,24.353010,7.249211,7.249211,196.605353
7.640480,0.889867,22.228760,6.778901,6.778901,190.218297
4.982814,0.840555,12.832929,5.281250,5.281250,163.859117
3.611565,0.623560,9.188308,7.352188,7.352188,152.878339
13.064708,0.882603,36.462827,7.974117,7.974117,216.028894
10.555685,0.954476,29.932248,7.736353,7.736353,205.966111
14.302068,1.291984,37.793787,8.887248,8.887248,222.040297
14.180050,1.025805,36.858512,4.793500,4.793500,219.318983
14.667737,0.873163,38.500516,6.873910,6.873910,222.955605
10.798984,0.670728,31.129640,5.960907,5.960907,206.736841
10.841672,0.592679,30.196476,4.731900,4.731900,202.369778
12.919074,0.598408,33.521733,5.133217,5.133217,213.138105
14.448053,0.521191,27.425145,7.392669,7.392669,206.406564
17.612157,0.767370,47.654616,7.998277,7.998277,252.900846
17.564252,0.771114,48.230943,6.192814,6.192814,235.853495
18.076611,0.780682,49.239148,8.414569,8.414569,250.107338
17.925121,0.833803,50.534107,8.927088,8.927088,256.618012
13.042276,0.784202,36.596588,10.537573,10.537573,222.312461
18.332455,0.784554,45.212665,7.883140,7.883140,253.037296
18.381800,0.891435,53.006107,11.830677,11.830677,253.639991
12.906883,0.705352,39.574738,10.843976,10.843976,229.786635
19.939707,0.773674,52.697015,9.402870,9.402870,253.695384
19.281715,0.745641,48.828807,11.847734,11.847734,256.111447
20.700964,0.752458,57.645749,11.514640,11.514640,265.369834
9.894301,0.499014,25.439296,10.093759,10.093759,210.177236
20.220863,0.812074,55.290136,12.938050,12.938050,262.229796
20.667780,0.686600,55.849951,13.082757,13.082757,271.135987
17.707295,0.656744,41.159558,13.680876,13.680876,260.920435
10.638406,0.484966,27.755197,13.653580,13.653580,224.823116
15.352930,0.637672,47.049615,14.031089,14.031089,256.680158
16.768403,0.652296,49.586192,12.054200,12.054200,255.835187
11.990551,0.468966,30.598113,18.165892,18.165892,231.631810
22.940833,0.749577,64.206216,13.250791,13.250791,290.413350
23.126563,0.751625,58.784612,15.496514,15.496514,276.338869
11.141292,0.540647,30.432479,14.155986,14.155986,228.571420
14.116786,0.617704,35.033881,14.766554,14.766554,239.599175
20.524866,0.764361,56.580296,15.532931,15.532931,268.706964
11.156396,0.590984,29.818583,13.127365,13.127365,223.956417
10.548165,0.649000,30.075258,14.675225,14.675225,163.495273
11.194349,0.603176,31.442347,19.412436,19.412436,222.520816
22.585244,1.025261,60.880062,13.544715,13.544715,266.221078
14.084017,0.608424,41.485386,13.998512,13.998512,230.999098
17.763264,0.564359,47.762553,14.678745,14.678745,240.905047
22.912928,0.704713,54.150314,17.549501,17.549501,251.066967
25.295838,0.692393,69.578539,14.460918,14.460918,276.811162
18.740012,0.548007,46.900270,15.443394,15.443394,257.737419
24.629750,0.812170,60.765789,14.619736,14.619736,262.875531
23.225796,0.737641,58.491680,14.447701,14.447701,260.675344
20.497058,0.734281,60.844222,13.626508,13.626508,263.861720
18.428296,0.822026,56.059489,13.370664,13.370664,266.477432
12.110872,0.666985,41.006851,13.552938,13.552938,225.363955
14.056817,0.684072,43.783975,13.219494,13.219494,232.128456
17.991490,0.737130,56.258851,11.043147,11.043147,258.818168
16.842676,0.785482,55.302103,11.985559,11.985559,255.917748
16.984597,0.867083,55.144150,15.686565,15.686565,260.116648
17.176568,0.888363,54.739217,15.261824,15.261824,258.105807
16.902933,0.830634,53.367488,12.041688,12.041688,240.306352
17.212633,0.742697,56.922924,14.805947,14.805947,263.792311
17.564829,0.825514,54.002632,12.739872,12.739872,258.662038
17.346491,0.860106,54.190794,9.632729,9.632729,256.327001
17.263705,0.839499,53.835941,9.763803,9.763803,257.890061
18.090372,0.835690,52.270002,12.246938,12.246938,269.226107
18.518153,0.965004,58.738787,20.807526,20.807526,275.486698
18.551466,1.005356,59.441740,16.230316,16.230316,261.712253
17.179928,0.936748,59.086215,15.248672,15.248672,266.304470
11.746836,0.872491,42.501110,15.822024,15.822024,234.938860
15.229599,1.156175,50.536732,13.264007,13.264007,263.170575
16.332525,1.063982,55.918911,11.566257,11.566257,266.306934
16.486607,1.027693,57.739094,14.127249,14.127249,263.784950
11.739539,0.813675,34.583219,12.331131,12.331131,229.881324
13.316456,0.848138,41.100006,16.054794,16.054794,254.986568
13.813422,1.140238,53.616515,14.689977,14.689977,258.214833
15.053053,1.068494,54.530414,13.242183,13.242183,255.918772
15.141694,1.123535,54.080104,9.727866,9.727866,260.966707
8.339369,0.817450,23.691882,10.432291,10.432291,207.163246
8.089541,0.681609,22.722334,9.121875,9.121875,203.406623
11.099211,0.772906,38.517381,13.447369,13.447369,244.142783
11.831733,0.742730,38.865289,8.945552,8.945552,230.915418
16.140203,0.897420,53.718852,10.485028,10.485028,259.887078
13.563754,0.973773,37.669370,13.395337,13.395337,233.597403
16.494767,0.893867,52.309043,10.160320,10.160320,259.212221
13.266983,0.629544,39.733876,10.599397,10.599397,256.917024
8.566444,0.690985,26.385452,15.551363,15.551363,221.853671
7.615648,0.698409,25.446912,9.243253,9.243253,217.802869
11.008106,1.058893,40.271675,15.749094,15.749094,239.397635
14.913371,1.203471,53.962183,14.478038,14.478038,265.490284
16.275212,1.252400,59.700111,15.115326,15.115326,270.164550
12.277306,0.993837,38.174720,15.015293,15.015293,237.485388
12.019127,0.790442,36.370697,13.475306,13.475306,230.604757
19.429493,0.970860,54.575022,10.501988,10.501988,272.151072
20.629635,1.028941,58.997415,15.895592,15.895592,263.211727
21.814611,0.805418,59.364939,18.595818,18.595818,264.808484
10.601605,0.622600,27.503482,18.608842,18.608842,214.884208
10.901833,0.648680,26.248810,15.389921,15.389921,213.536798
10.908489,0.628200,27.671036,17.210425,17.210425,214.350665
20.887367,0.833354,55.386873,17.983682,17.983682,271.153811
22.821055,1.042733,59.895922,14.578616,14.578616,269.625024
14.591607,0.721705,43.864904,17.384570,17.384570,252.200836
13.044804,0.654376,35.843523,16.908024,16.908024,221.185295
13.944529,0.652297,41.827285,17.567072,17.567072,220.763326
11.515827,0.541799,34.039282,18.041222,18.041222,209.128331
11.831735,0.531782,34.369591,19.510905,19.510905,211.360487
11.155982,0.505190,33.184103,16.485217,16.485217,210.316387
11.552670,0.508455,36.157454,15.931386,15.931386,211.896141
10.758451,0.533287,34.286036,16.152413,16.152413,209.481196
10.710099,0.667945,34.653401,18.608542,18.608542,205.839002
10.251404,0.671433,35.001438,16.433153,16.433153,209.347562
10.509263,0.742698,37.019098,21.357540,21.357540,210.511449
10.259692,0.655497,35.514309,16.595042,16.595042,208.601215
9.917031,0.664361,35.642855,16.366496,16.366496,207.380751
9.720741,0.631144,33.788302,16.498977,16.498977,203.882463
16.898183,0.710410,64.724499,22.572308,22.572308,269.930084
18.906274,0.984525,66.600813,18.770432,18.770432,255.567743
17.859316,0.989901,66.656878,15.958202,15.958202,262.865027
16.468128,0.999534,60.969632,12.060964,12.060964,264.764157
11.206105,0.818635,40.957871,10.134379,10.134379,247.191597
17.926869,0.957133,55.756249,13.494585,13.494585,257.214902
13.169619,0.671114,42.084318,10.096394,10.096394,258.765418
19.258599,0.837356,59.300489,11.135480,11.135480,268.068841
15.046669,0.595592,43.384912,9.721221,9.721221,263.587468
11.003830,0.674473,31.667088,10.247180,10.247180,230.616906
18.597726,0.811051,55.832890,8.953722,8.953722,277.010498
17.797107,0.947949,55.399571,8.537205,8.537205,283.424858
18.332666,0.917901,55.120463,16.307902,16.307902,283.055412
13.304117,0.778315,51.169626,16.227294,16.227294,281.352925
19.211846,0.920204,56.451010,10.743379,10.743379,292.133743
18.776832,0.895596,54.147426,10.404238,10.404238,290.077427
15.636245,0.748587,37.295388,11.927074,11.927074,271.256370
9.520930,0.684041,25.744831,12.088997,12.088997,249.401544
17.347533,0.984269,52.401547,12.567115,12.567115,302.823968
17.229194,0.880716,51.522655,13.624217,13.624217,300.303709
17.988949,0.947277,54.473319,13.972991,13.972991,306.221262
21.184384,1.025838,59.559788,14.797609,14.797609,326.988520
23.385631,0.873196,60.120947,20.183059,20.183059,337.157779
11.827073,0.514855,32.567132,25.146710,25.146710,277.820202
17.410989,0.561960,44.741538,21.245281,21.245281,295.391225
14.332707,0.515175,39.832991,39.857599,39.857599,299.649779
19.167974,0.768778,52.561100,22.350897,22.350897,298.340002
10.719858,0.630185,29.195629,23.569825,23.569825,258.871463
15.568660,0.907885,51.314075,21.191264,21.191264,283.607320
15.850616,0.956013,62.360946,17.426221,17.426221,295.268823
17.444589,0.892620,61.756138,17.143689,17.143689,294.749167
17.104937,0.911340,60.704347,17.599376,17.599376,286.744482
10.474959,0.649224,42.451619,16.233277,16.233277,260.423099
8.460627,0.492327,26.359751,14.940044,14.940044,224.880055
14.736392,0.790603,51.865634,12.898959,12.898959,268.261637
15.184271,0.733898,55.573749,6.815517,6.815517,272.314845
15.254160,0.834635,54.749226,8.082126,8.082126,273.286250
16.094428,0.700905,54.668745,10.207051,10.207051,275.208228
16.467392,0.698921,55.705943,15.308849,15.308849,277.746278
17.207467,0.692713,57.282476,14.062719,14.062719,280.334665
17.616784,0.660009,60.355446,8.090446,8.090446,287.984753
17.968501,0.703434,58.289977,11.197305,11.197305,286.350555
12.255271,0.626568,43.534929,10.515695,10.515695,268.815115
12.455657,0.694954,40.892620,10.762290,10.762290,279.881377
10.611697,0.583240,29.237038,12.790798,12.790798,249.085375
13.305621,0.690953,46.760637,9.604770,9.604770,275.841706
14.569126,0.682762,43.019593,11.816545,11.816545,268.711049
14.410148,0.604104,45.554988,19.006275,19.006275,276.672501
22.166606,0.593288,55.554644,20.305556,20.305556,283.601587
22.523442,0.738090,55.558548,17.835059,17.835059,286.303192
21.964267,0.685257,52.394537,12.828910,12.828910,274.714618
17.894260,0.662793,44.569886,16.488000,16.488000,270.010490
20.033617,0.849035,60.020401,16.333310,16.333310,283.874998
18.742047,0.804427,62.321712,13.597817,13.597817,288.395860
18.003093,0.905165,63.501152,13.938110,13.938110,281.058960
18.298361,0.783019,58.160087,16.645570,16.645570,280.386502
12.586987,0.702122,48.591733,13.427639,13.427639,269.676436
18.129751,0.788106,59.923055,17.095753,17.095753,288.145071
15.985338,0.644393,43.343949,17.446477,17.446477,250.367757
12.686573,0.636329,44.992483,15.722518,15.722518,259.509065
12.960336,0.773387,47.175329,15.879544,15.879544,237.661824
18.286872,0.830988,58.882656,15.982041,15.982041,265.905631
12.263815,0.695049,35.162238,12.610187,12.610187,215.399056
17.896500,0.814219,54.909962,16.100667,16.100667,262.721044
16.837509,0.924268,53.248212,15.129678,15.129678,262.850901
10.370093,0.560711,28.404258,9.828005,9.828005,204.163223
10.042856,0.672937,28.268801,11.679199,11.679199,204.518076
9.516737,0.764682,26.369895,13.959326,13.959326,205.267814
8.527508,0.566375,21.553701,9.303359,9.303359,188.858727
16.757635,0.766795,52.289767,17.395405,17.395405,262.208940
10.795187,0.672105,28.318081,9.023387,9.023387,202.987943
15.232239,0.747850,43.403470,14.625959,14.625959,226.094337
15.854199,0.798475,55.631412,11.822561,11.822561,260.178512
16.023578,0.851756,55.083916,9.693508,9.693508,254.374081
11.231865,0.727082,34.186768,12.231590,12.231590,215.714548
8.345873,0.608584,26.307334,11.530140,11.530140,203.086215
8.916249,0.512775,25.380601,14.485861,14.485861,208.816406
15.758358,0.658057,52.805198,10.418605,10.418605,242.266812
15.055437,0.604872,46.318773,15.070285,15.070285,237.454619
15.408178,0.735722,45.349000,9.256061,9.256061,233.225569
15.550291,0.659177,46.347158,15.031148,15.031148,237.470938
16.417503,0.701514,48.854391,13.121874,13.121874,253.299441
10.940181,0.616712,33.893709,12.283239,12.283239,218.063699
8.478228,0.547591,26.624330,12.051908,12.051908,203.090824
8.667126,0.536039,28.358465,12.738061,12.738061,208.745716
8.467635,0.551592,29.041738,12.359624,12.359624,203.008614
8.589236,0.624169,28.307808,12.193094,12.193094,210.776431
13.606777,0.757898,40.444998,15.032780,15.032780,227.140718
10.845524,0.651368,40.648169,9.178748,9.178748,228.296029
17.559919,0.895564,57.044135,14.435012,14.435012,257.663372
12.088132,0.671625,38.605869,11.210200,11.210200,225.018320
10.724242,0.628424,30.182810,10.923188,10.923188,220.813207
10.895700,0.618793,35.602883,13.964798,13.964798,228.806724
13.122578,0.549640,36.580112,14.305859,14.305859,227.357296
17.628335,0.671914,46.335669,17.062791,17.062791,247.731204
12.868655,0.594728,40.670376,55.895767,55.895767,277.750044
10.090217,0.417478,25.214550,29.529969,29.529969,233.049661
19.155588,0.672778,57.088423,27.783033,27.783033,298.854874
13.164146,0.637321,43.565295,29.377839,29.377839,280.639522
21.243424,0.748042,69.242828,27.344660,27.344660,296.397304
21.023933,0.619977,63.596703,30.411132,30.411132,283.752556
13.265972,0.487079,43.776562,28.433698,28.433698,271.441989
22.129004,0.609289,57.869169,25.187542,25.187542,276.217094
21.454787,0.742474,61.984105,25.204758,25.204758,278.144127
21.599366,0.772778,62.595186,22.378832,22.378832,283.106339
22.150445,0.707081,57.044294,24.493101,24.493101,283.568105
16.446783,0.569928,41.850968,22.100684,22.100684,276.501193
11.694239,0.486055,30.130969,25.702237,25.702237,246.873015
24.184488,0.794699,63.919587,25.136981,25.136981,304.819208
16.116219,0.563143,42.860678,25.507482,25.507482,273.293245
15.552531,0.553031,44.825504,24.589038,24.589038,273.724738
26.234500,0.753994,59.271972,24.734639,24.734639,296.541720
15.086093,0.558503,41.643541,26.289477,26.289477,283.471686
13.261012,0.511591,37.376507,28.181791,28.181791,280.105401
19.083107,0.720522,50.705552,24.932306,24.932306,281.911729
18.612797,0.824779,54.029373,28.568868,28.568868,280.444381
24.405163,0.875724,73.904459,24.816177,24.816177,331.015723
12.004131,0.603048,40.175841,28.347072,28.347072,277.602102
25.115669,0.979309,80.730247,27.991516,27.991516,339.033367
21.751687,0.755627,56.310011,31.063910,31.063910,296.393973
26.852300,0.811563,65.669019,26.468071,26.468071,306.449884
23.973382,0.782410,57.508300,24.371947,24.371947,292.548608
27.666999,0.844332,82.494238,25.671228,25.671228,332.836066
16.466175,0.640585,43.613776,31.020869,31.020869,276.730601
12.128100,0.566216,28.841543,29.605393,29.605393,246.536655
13.367701,0.453510,34.096526,29.757268,29.757268,251.036364
11.240376,0.383653,28.244287,29.328814,29.328814,236.259235
11.911617,0.380453,33.041248,25.500602,25.500602,154.535407
9.575617,0.178531,25.587643,27.472180,27.472180,217.313858
9.330847,0.236899,25.461433,22.907510,22.907510,134.008025
12.867439,0.222851,43.469549,27.012974,27.012974,166.690356
8.937913,0.078113,20.459702,21.435010,21.435010,121.727090
12.559402,0.139650,27.894042,21.769640,21.769640,131.697594
12.661003,0.129410,31.704974,22.837653,22.837653,124.710778
13.052017,0.100962,36.222251,22.738324,22.738324,148.519390
12.925775,0.084994,37.270393,22.500817,22.500817,145.993723
12.590827,0.059457,33.200322,20.222674,20.222674,127.001306
13.148146,0.053377,30.856162,23.508190,23.508190,124.851356
13.349045,0.046528,27.712088,22.734548,22.734548,114.188107
13.501623,0.036256,25.366008,22.497937,22.497937,104.267141
13.492438,0.038977,22.912854,19.555241,19.555241,93.031244
13.477271,0.069056,22.791189,22.335758,22.335758,95.683216
14.005406,0.034720,17.729521,21.993898,21.993898,95.319532
