#LBA time[ms],KF opt[#],KF fixed[#],MP[#],Edges[#]
0.014240,3,1,0,251
0.004736,4,1,0,444
0.161794,5,1,0,953
0.359844,6,1,0,1469
0.362949,7,1,0,2052
0.566087,8,1,0,2642
0.841963,9,1,0,3165
1.044428,10,1,0,3476
1.209070,0,0,0,0
43.125133,0,0,0,0
1.943639,0,0,0,0
2.076121,0,0,0,0
2.766050,0,0,0,0
3.031749,0,0,0,0
3.528587,0,0,0,0
3.578764,0,0,0,0
3.988976,0,0,0,0
4.776794,0,0,0,0
5.111518,0,0,0,0
5.632964,0,0,0,0
5.629029,0,0,0,0
7.288185,0,0,0,0
6.741202,0,0,0,0
7.040886,0,0,0,0
6.840212,0,0,0,0
6.927316,0,0,0,0
6.784210,0,0,0,0
6.516111,0,0,0,0
6.542416,0,0,0,0
6.355853,0,0,0,0
6.467630,0,0,0,0
6.137771,0,0,0,0
6.469070,0,0,0,0
6.064905,0,0,0,0
8.095714,0,0,0,0
6.519791,0,0,0,0
4.438326,0,0,0,0
6.082378,0,0,0,0
6.109451,0,0,0,0
4.607448,0,0,0,0
4.603416,0,0,0,0
5.178719,0,0,0,0
4.056273,0,0,0,0
4.512439,0,0,0,0
6.905492,0,0,0,0
6.350478,0,0,0,0
5.447842,0,0,0,0
3.822126,0,0,0,0
5.035133,0,0,0,0
4.572503,0,0,0,0
4.574007,0,0,0,0
6.006441,0,0,0,0
5.792263,0,0,0,0
5.840104,0,0,0,0
6.977493,0,0,0,0
6.936725,0,0,0,0
9.152271,0,0,0,0
8.046786,0,0,0,0
9.603189,0,0,0,0
7.488604,0,0,0,0
7.411930,0,0,0,0
8.634793,0,0,0,0
8.274917,0,0,0,0
9.769431,0,0,0,0
7.141815,0,0,0,0
10.423518,0,0,0,0
9.022349,0,0,0,0
7.463066,0,0,0,0
9.073582,0,0,0,0
10.206076,0,0,0,0
5.654244,0,0,0,0
3.390954,0,0,0,0
8.910636,0,0,0,0
9.672662,0,0,0,0
8.499112,0,0,0,0
6.658961,0,0,0,0
8.168515,0,0,0,0
8.725162,0,0,0,0
8.932172,0,0,0,0
7.259385,0,0,0,0
8.444871,0,0,0,0
13.037695,0,0,0,0
13.738568,0,0,0,0
19.736081,0,0,0,0
13.501860,0,0,0,0
10.424031,0,0,0,0
10.705314,0,0,0,0
7.218455,0,0,0,0
5.457475,0,0,0,0
12.012050,0,0,0,0
10.888485,0,0,0,0
9.919097,0,0,0,0
10.299005,0,0,0,0
8.470760,0,0,0,0
9.190960,0,0,0,0
17.828505,0,0,0,0
13.506308,0,0,0,0
20.314039,0,0,0,0
11.166152,0,0,0,0
15.530333,0,0,0,0
10.433727,0,0,0,0
11.338314,0,0,0,0
10.032315,0,0,0,0
8.187204,0,0,0,0
9.761207,0,0,0,0
8.523848,0,0,0,0
3.410794,0,0,0,0
6.880436,0,0,0,0
3.662669,0,0,0,0
8.984653,0,0,0,0
2.490783,0,0,0,0
8.227813,0,0,0,0
8.312101,0,0,0,0
9.214129,0,0,0,0
11.479436,0,0,0,0
11.640430,0,0,0,0
12.643578,0,0,0,0
10.496608,0,0,0,0
9.650293,0,0,0,0
10.009977,0,0,0,0
9.564532,0,0,0,0
12.121972,0,0,0,0
6.657809,0,0,0,0
7.468251,0,0,0,0
13.229537,0,0,0,0
9.105679,0,0,0,0
9.511924,0,0,0,0
16.653227,0,0,0,0
14.553617,0,0,0,0
17.750584,0,0,0,0
20.125333,0,0,0,0
24.038596,0,0,0,0
17.080208,0,0,0,0
17.986107,0,0,0,0
18.421728,0,0,0,0
18.925286,0,0,0,0
14.161676,0,0,0,0
14.019051,0,0,0,0
22.244335,0,0,0,0
14.559794,0,0,0,0
14.327311,0,0,0,0
13.335555,0,0,0,0
20.604283,0,0,0,0
19.394285,0,0,0,0
18.114652,0,0,0,0
11.386218,0,0,0,0
15.709568,0,0,0,0
15.916994,0,0,0,0
7.124887,0,0,0,0
11.146311,0,0,0,0
10.198877,0,0,0,0
29.374150,0,0,0,0
25.012144,0,0,0,0
16.590378,0,0,0,0
16.004483,0,0,0,0
15.130168,0,0,0,0
19.851026,0,0,0,0
17.574966,0,0,0,0
21.975179,0,0,0,0
15.463196,0,0,0,0
14.580626,0,0,0,0
15.464188,0,0,0,0
16.663595,0,0,0,0
15.025239,0,0,0,0
12.161588,0,0,0,0
17.253330,0,0,0,0
14.210893,0,0,0,0
18.453473,0,0,0,0
17.962714,0,0,0,0
11.119143,0,0,0,0
15.406780,0,0,0,0
17.019663,0,0,0,0
17.868346,0,0,0,0
17.139409,0,0,0,0
16.092036,0,0,0,0
17.504981,0,0,0,0
16.876813,0,0,0,0
12.509017,0,0,0,0
14.914358,0,0,0,0
11.359274,0,0,0,0
11.771536,0,0,0,0
9.376755,0,0,0,0
11.351307,0,0,0,0
11.365003,0,0,0,0
7.363385,0,0,0,0
11.763535,0,0,0,0
11.799568,0,0,0,0
11.938833,0,0,0,0
12.042899,0,0,0,0
13.938090,0,0,0,0
8.943149,0,0,0,0
13.805000,0,0,0,0
17.900666,0,0,0,0
12.995007,0,0,0,0
19.698480,0,0,0,0
18.674628,0,0,0,0
16.664363,0,0,0,0
15.310362,0,0,0,0
20.114197,0,0,0,0
21.956908,0,0,0,0
14.860821,0,0,0,0
16.098116,0,0,0,0
21.468870,0,0,0,0
21.041440,0,0,0,0
21.372292,0,0,0,0
23.107066,0,0,0,0
22.144493,0,0,0,0
19.553935,0,0,0,0
20.974848,0,0,0,0
20.101365,0,0,0,0
20.999328,0,0,0,0
22.701749,0,0,0,0
23.295900,0,0,0,0
19.854226,0,0,0,0
19.227722,0,0,0,0
19.999219,0,0,0,0
16.725612,0,0,0,0
24.429258,0,0,0,0
24.797455,0,0,0,0
24.252040,0,0,0,0
20.497338,0,0,0,0
20.872991,0,0,0,0
22.291600,0,0,0,0
21.424966,0,0,0,0
25.370038,0,0,0,0
30.448019,0,0,0,0
28.083446,0,0,0,0
37.415176,0,0,0,0
30.429747,0,0,0,0
23.743362,0,0,0,0
28.303289,0,0,0,0
24.512907,0,0,0,0
20.358008,0,0,0,0
20.314072,0,0,0,0
30.777015,0,0,0,0
23.680448,0,0,0,0
30.731031,0,0,0,0
34.949386,0,0,0,0
27.147819,0,0,0,0
25.640440,0,0,0,0
22.407825,0,0,0,0
25.932412,0,0,0,0
23.522463,0,0,0,0
23.227003,0,0,0,0
15.055543,0,0,0,0
22.277872,0,0,0,0
22.248720,0,0,0,0
16.404936,0,0,0,0
16.032323,0,0,0,0
24.230888,0,0,0,0
23.862403,0,0,0,0
22.344753,0,0,0,0
30.500628,0,0,0,0
29.588969,0,0,0,0
22.650004,0,0,0,0
17.275475,0,0,0,0
28.727166,0,0,0,0
23.786498,0,0,0,0
25.690202,0,0,0,0
25.400758,0,0,0,0
21.947115,0,0,0,0
24.919696,0,0,0,0
19.551598,0,0,0,0
29.565545,0,0,0,0
31.731844,0,0,0,0
23.243355,0,0,0,0
33.366007,0,0,0,0
20.281720,0,0,0,0
31.295454,0,0,0,0
37.599723,0,0,0,0
39.592131,0,0,0,0
31.113436,0,0,0,0
37.522218,0,0,0,0
32.732815,0,0,0,0
27.546832,0,0,0,0
27.850164,0,0,0,0
29.905164,0,0,0,0
30.764567,0,0,0,0
27.273388,0,0,0,0
27.055018,0,0,0,0
34.527077,0,0,0,0
27.458255,0,0,0,0
27.034762,0,0,0,0
31.333439,0,0,0,0
23.707138,0,0,0,0
26.757638,0,0,0,0
28.774015,0,0,0,0
25.594873,0,0,0,0
26.077246,0,0,0,1195718895
24.980401,0,0,0,1080894834
