#LBA time[ms],KF opt[#],KF fixed[#],MP[#],Edges[#]
0.014336,3,1,0,1337
0.005088,4,1,0,1840
0.540520,5,1,0,2540
0.773611,6,1,0,3094
1.037263,7,1,0,3569
1.267250,8,1,0,4017
1.255634,9,1,0,4528
2.212704,10,1,0,4833
2.110878,0,0,0,0
91.236517,0,0,0,0
2.545925,0,0,0,0
2.875177,0,0,0,0
3.543475,0,0,0,0
3.667381,0,0,0,0
3.913849,0,0,0,0
4.256477,0,0,0,0
5.024200,0,0,0,0
5.152106,0,0,0,0
5.746739,0,0,0,0
6.036791,0,0,0,0
6.625951,0,0,0,0
8.254231,0,0,0,0
8.296376,0,0,0,0
8.026868,0,0,0,0
8.020915,0,0,0,0
7.744048,0,0,0,0
7.631662,0,0,0,0
7.544493,0,0,0,0
6.832675,0,0,0,0
7.227560,0,0,0,0
2.720167,0,0,0,0
3.034059,0,0,0,0
2.866409,0,0,0,0
3.713973,0,0,0,0
2.384066,0,0,0,0
2.614182,0,0,0,0
4.113884,0,0,0,0
3.922872,0,0,0,0
6.052951,0,0,0,0
5.147146,0,0,0,0
5.740979,0,0,0,0
2.155007,0,0,0,0
3.497362,0,0,0,0
3.095596,0,0,0,0
3.899129,0,0,0,0
2.474404,0,0,0,0
2.742312,0,0,0,0
3.599156,0,0,0,0
2.744231,0,0,0,0
14.073611,0,0,0,0
6.418332,0,0,0,0
7.427244,0,0,0,0
7.628238,0,0,0,0
6.244410,0,0,0,0
6.191577,0,0,0,0
5.735603,0,0,0,0
5.674226,0,0,0,0
5.466511,0,0,0,0
6.889860,0,0,0,0
3.989882,0,0,0,0
3.991706,0,0,0,0
3.501683,0,0,0,0
3.242511,0,0,0,0
2.650119,0,0,0,0
2.707207,0,0,0,0
4.926471,0,0,0,0
3.947577,0,0,0,0
4.077115,0,0,0,0
3.516275,0,0,0,0
2.842985,0,0,0,0
2.609989,0,0,0,0
4.930279,0,0,0,0
4.714788,0,0,0,0
1.657336,0,0,0,0
5.164235,0,0,0,0
5.224940,0,0,0,0
4.723557,0,0,0,0
2.654663,0,0,0,0
1.899611,0,0,0,0
2.116031,0,0,0,0
2.291937,0,0,0,0
3.960249,0,0,0,0
1.506389,0,0,0,0
0.000000,0,0,0,0
11.686665,0,0,0,0
5.748339,0,0,0,0
10.324276,0,0,0,0
6.513406,0,0,0,0
5.064681,0,0,0,0
6.250906,0,0,0,0
5.998007,0,0,0,0
11.141921,0,0,0,0
6.580255,0,0,0,0
7.524589,0,0,0,0
7.727888,0,0,0,0
7.851217,0,0,0,0
7.887025,0,0,0,0
8.175670,0,0,0,0
8.834464,0,0,0,0
5.096298,0,0,0,0
4.902535,0,0,0,0
8.862175,0,0,0,0
9.635627,0,0,0,0
11.145793,0,0,0,0
9.911535,0,0,0,0
11.857803,0,0,0,0
10.154259,0,0,0,0
12.255313,0,0,0,0
12.174256,0,0,0,0
8.000467,0,0,0,0
11.819722,0,0,0,0
12.096655,0,0,0,0
9.124931,0,0,0,0
7.155175,0,0,0,0
9.376328,0,0,0,0
11.012287,0,0,0,0
8.999554,0,0,0,0
7.570477,0,0,0,0
10.161139,0,0,0,0
12.119791,0,0,0,0
13.667685,0,0,0,0
12.651734,0,0,0,0
13.395425,0,0,0,0
12.338802,0,0,0,0
13.899272,0,0,0,0
13.313408,0,0,0,0
13.691974,0,0,0,0
12.450611,0,0,0,0
13.800199,0,0,0,0
14.103179,0,0,0,0
13.343136,0,0,0,0
12.338002,0,0,0,0
14.944311,0,0,0,0
13.085340,0,0,0,0
15.627137,0,0,0,0
13.215743,0,0,0,0
16.447501,0,0,0,0
11.012286,0,0,0,0
15.644609,0,0,0,0
13.501986,0,0,0,0
12.184591,0,0,0,0
12.020365,0,0,0,0
14.580018,0,0,0,0
13.933609,0,0,0,0
12.459060,0,0,0,0
12.729016,0,0,0,0
13.424546,0,0,0,0
9.367239,0,0,0,0
10.452311,0,0,0,0
10.851261,0,0,0,0
11.396676,0,0,0,0
14.222669,0,0,0,0
11.143488,0,0,0,0
12.929818,0,0,0,0
13.335424,0,0,0,0
13.200702,0,0,0,0
14.802518,0,0,0,0
14.361039,0,0,0,0
17.948547,0,0,0,0
11.943628,0,0,0,0
16.211562,0,0,0,0
16.327179,0,0,0,0
12.773336,0,0,0,0
10.791355,0,0,0,0
16.195081,0,0,0,0
9.286598,0,0,0,0
12.163568,0,0,0,0
7.699407,0,0,0,0
9.826990,0,0,0,0
11.638248,0,0,0,0
7.031749,0,0,0,0
11.584039,0,0,0,0
9.145988,0,0,0,0
10.006609,0,0,0,0
9.412584,0,0,0,0
7.240520,0,0,0,0
8.606204,0,0,0,0
9.793581,0,0,0,0
11.603815,0,0,0,0
9.499401,0,0,0,0
12.267697,0,0,0,0
12.208080,0,0,0,0
10.949310,0,0,0,0
12.570933,0,0,0,0
10.762395,0,0,0,0
11.431397,0,0,0,0
14.166924,0,0,0,0
6.672320,0,0,0,0
10.608825,0,0,0,0
13.113373,0,0,0,0
7.368394,0,0,0,0
8.802175,0,0,0,0
9.155684,0,0,0,0
14.258414,0,0,0,0
14.157068,0,0,0,0
12.327698,0,0,0,0
12.755000,0,0,0,0
14.234541,0,0,0,0
10.191922,0,0,0,0
17.328058,0,0,0,0
16.556206,0,0,0,0
13.950601,0,0,0,0
17.027381,0,0,0,0
16.387692,0,0,0,0
15.916838,0,0,0,0
17.592414,0,0,0,0
19.971679,0,0,0,0
17.088150,0,0,0,0
18.689229,0,0,0,0
22.693735,0,0,0,0
18.984818,0,0,0,0
20.537479,0,0,0,0
16.239850,0,0,0,0
13.065212,0,0,0,0
16.472910,0,0,0,0
17.895586,0,0,0,0
17.853633,0,0,0,0
17.417051,0,0,0,0
16.615280,0,0,0,0
15.203803,0,0,0,0
14.986072,0,0,0,0
14.271886,0,0,0,0
17.931715,0,0,0,0
19.605179,0,0,0,0
20.436038,0,0,0,0
18.770670,0,0,0,0
19.338295,0,0,0,0
15.738307,0,0,0,0
18.567051,0,0,0,0
24.964231,0,0,0,0
18.764527,0,0,0,0
19.947679,0,0,0,0
22.312033,0,0,0,0
18.504682,0,0,0,0
23.303535,0,0,0,0
17.839937,0,0,0,0
24.258206,0,0,0,0
22.076990,0,0,0,0
28.681053,0,0,0,0
22.399138,0,0,0,0
17.009557,0,0,0,0
21.834875,0,0,0,0
22.419299,0,0,0,0
20.665001,0,0,0,0
21.981852,0,0,0,0
20.584489,0,0,0,0
19.724156,0,0,0,0
17.156823,0,0,0,0
19.786045,0,0,0,0
11.641479,0,0,0,0
16.241418,0,0,0,0
20.710347,0,0,0,0
17.329690,0,0,0,0
18.816687,0,0,0,0
18.065093,0,0,0,0
16.815858,0,0,0,0
13.547907,0,0,0,0
18.304839,0,0,0,0
21.324403,0,0,0,0
20.326597,0,0,0,0
28.575707,0,0,0,0
22.978987,0,0,0,0
12.953467,0,0,0,0
15.542303,0,0,0,0
16.040999,0,0,0,0
13.286656,0,0,0,0
19.119540,0,0,0,0
23.106189,0,0,0,0
30.456471,0,0,0,0
25.571536,0,0,0,0
19.319702,0,0,0,0
18.411242,0,0,0,0
20.165730,0,0,0,0
16.692240,0,0,0,0
17.685886,0,0,0,0
17.520444,0,0,0,0
21.524502,0,0,0,0
15.403485,0,0,0,0
17.474236,0,0,0,0
18.262791,0,0,0,0
16.469070,0,0,0,0
17.249592,0,0,0,0
16.139465,0,0,0,0
15.330268,0,0,0,0
12.818040,0,0,0,0
14.331566,0,0,0,0
22.192736,0,0,0,0
18.042532,0,0,0,0
15.799236,0,0,0,0
22.517124,0,0,0,0
15.830564,0,0,0,0
18.774574,0,0,0,0
17.386906,0,0,0,0
17.557053,0,0,0,0
15.139450,0,0,0,0
15.407422,0,0,0,0
16.689361,0,0,0,0
14.620147,0,0,0,0
15.904261,0,0,0,0
16.879091,0,0,0,0
14.867894,0,0,0,0
18.747214,0,0,0,0
16.259498,0,0,0,0
14.473200,0,0,0,0
13.715718,0,0,0,0
9.181668,0,0,0,0
16.126024,0,0,0,0
15.206043,0,0,0,0
14.625715,0,0,0,0
16.131176,0,0,0,0
11.451973,0,0,0,0
15.346237,0,0,0,0
13.302271,0,0,0,0
14.410095,0,0,0,0
16.969748,0,0,0,0
11.683528,0,0,0,0
15.483999,0,0,0,0
13.526083,0,0,0,0
13.424193,0,0,0,0
17.692895,0,0,0,0
17.519965,0,0,0,0
21.582199,0,0,0,0
20.422342,0,0,0,0
17.837761,0,0,0,0
18.983025,0,0,0,0
23.887639,0,0,0,0
22.231808,0,0,0,0
18.205382,0,0,0,0
18.536011,0,0,0,0
23.796503,0,0,0,0
21.429332,0,0,0,0
17.109463,0,0,0,0
23.049164,0,0,0,0
20.906477,0,0,0,0
22.386274,0,0,0,0
25.956117,0,0,0,0
19.702364,0,0,0,0
18.092101,0,0,0,0
22.639622,0,0,0,0
21.970108,0,0,0,0
27.340681,0,0,0,0
23.940024,0,0,0,0
23.308751,0,0,0,0
19.193365,0,0,0,0
25.743730,0,0,0,0
25.003944,0,0,0,0
22.187775,0,0,0,0
25.422670,0,0,0,0
20.493511,0,0,0,0
21.465749,0,0,0,0
24.365022,0,0,0,0
20.917101,0,0,0,0
22.015676,0,0,0,0
26.974916,0,0,0,0
18.689549,0,0,0,0
27.115622,0,0,0,0
26.091767,0,0,0,0
19.571002,0,0,0,0
15.496799,0,0,0,0
17.132822,0,0,0,0
12.377746,0,0,0,0
16.490093,0,0,0,0
15.312316,0,0,0,0
18.712813,0,0,0,0
20.916013,0,0,0,0
15.807076,0,0,0,0
19.726972,0,0,0,0
20.160482,0,0,0,0
13.534114,0,0,0,0
8.673116,0,0,0,0
14.031914,0,0,0,0
24.079707,0,0,0,0
22.799784,0,0,0,0
26.410108,0,0,0,0
17.996419,0,0,0,0
15.035673,0,0,0,0
21.192177,0,0,0,0
21.085999,0,0,0,0
17.941058,0,0,0,0
13.562755,0,0,0,0
8.901216,0,0,0,0
15.297692,0,0,0,0
7.491596,0,0,0,0
8.624636,0,0,0,0
10.776539,0,0,0,0
8.798910,0,0,0,0
9.463528,0,0,0,0
9.080706,0,0,0,0
15.318908,0,0,0,0
15.888612,0,0,0,0
18.105988,0,0,0,0
17.428187,0,0,0,0
9.490888,0,0,0,0
10.446902,0,0,0,0
17.028949,0,0,0,0
15.388157,0,0,0,0
17.953954,0,0,0,0
18.004931,0,0,0,0
19.745756,0,0,0,0
16.897394,0,0,0,0
16.137672,0,0,0,0
17.132823,0,0,0,0
16.030694,0,0,0,0
17.177911,0,0,0,0
15.604224,0,0,0,0
11.782826,0,0,0,0
15.137370,0,0,0,0
15.855076,0,0,0,0
13.752006,0,0,0,0
14.949367,0,0,0,0
11.962540,0,0,0,0
13.204253,0,0,0,0
12.880665,0,0,0,0
12.375025,1085442115,0,0,1080194292
14.514096,427366960,718201744,688355728,-547007035
15.416510,1085087888,65535,65535,1080182293
