1403636579963555584.000000 0.529031098 1.335734248 -1.208819151 -0.650706410 -0.495268732 -0.441001147 0.369875848
1403636582913555456.000000 0.528339565 1.343043804 -1.018976212 -0.658153713 -0.477910995 -0.462570280 0.352793962
1403636585463555584.000000 0.550842643 1.357612252 -1.112194061 -0.657809258 -0.481086850 -0.477393985 0.328538418
1403636588163555584.000000 0.840474844 1.242751598 -1.221491694 -0.763017714 -0.503296912 -0.325017631 0.242610246
1403636591063555584.000000 0.518181324 1.255661726 -1.207346082 -0.733572423 -0.538183510 -0.313549608 0.271876186
1403636593813555456.000000 0.386055738 1.264428377 -1.268647909 -0.713957667 -0.560010850 -0.276203632 0.316802710
1403636594363555584.000000 0.660902619 1.157506704 -1.271034718 -0.791197002 -0.434977293 -0.358715385 0.236907616
1403636594813555456.000000 0.813352585 1.333062768 -1.277021408 -0.770609558 -0.440293372 -0.384019732 0.254620522
1403636596163555584.000000 0.629387796 1.160743475 -1.317918658 -0.743908763 -0.507784784 -0.346365899 0.262268990
1403636596513555456.000000 0.508292198 1.059290051 -1.284006596 -0.744951427 -0.495617688 -0.358951956 0.265639037
1403636597013555456.000000 0.459682494 1.092790723 -1.275721908 -0.732840359 -0.508703232 -0.369246900 0.260428131
1403636598413555456.000000 0.489404827 1.271020174 -1.321589231 -0.668002486 -0.613024771 -0.305727184 0.290696084
1403636601163555584.000000 0.613839269 1.474049211 -1.505122304 -0.591174960 -0.534119785 -0.420047432 0.434497863
1403636603663555584.000000 0.613871932 1.473977447 -1.505202770 -0.591248870 -0.533963799 -0.420146048 0.434493661
1403636606163555584.000000 0.613883436 1.474003911 -1.505235314 -0.591265976 -0.533956409 -0.420073628 0.434549540
1403636608663555584.000000 0.613837719 1.474036217 -1.505294323 -0.591215789 -0.533952892 -0.420240253 0.434461057
1403636611163555584.000000 0.613863349 1.474056005 -1.505120397 -0.591374695 -0.534050524 -0.419988990 0.434367746
1403636613663555584.000000 0.614394426 1.473900795 -1.505443811 -0.591132402 -0.533835590 -0.420461893 0.434504062
1403636616163555584.000000 0.614394963 1.473897934 -1.505385756 -0.591156244 -0.533811033 -0.420421273 0.434541225
1403636618663555584.000000 0.614379466 1.473862648 -1.505407333 -0.591095388 -0.533852756 -0.420399547 0.434593737
1403636621163555584.000000 0.614549160 1.473896146 -1.505467892 -0.590890348 -0.533955812 -0.420868695 0.434291899
1403636623663555584.000000 0.614941239 1.474010944 -1.505375981 -0.591893852 -0.532664418 -0.420166910 0.435189813
1403636626163555584.000000 0.665286064 1.461900592 -1.218124747 -0.596658349 -0.551318407 -0.414691597 0.409972996
1403636628963555584.000000 0.995439589 1.450771451 -1.025308013 -0.640522778 -0.518673241 -0.434892595 0.362735689
1403636630763555584.000000 1.768629789 1.743798256 -1.013781667 -0.712330997 -0.409809172 -0.496583313 0.279367447
1403636633513555456.000000 2.764874935 2.720040321 -1.213561058 -0.658931434 -0.499596983 -0.443285823 0.345991343
1403636634963555584.000000 3.368885994 3.598658085 -1.236184239 -0.640234709 -0.512140632 -0.449192464 0.355017722
1403636637713555456.000000 4.358237267 5.174411774 -0.954991341 -0.633903384 -0.526242137 -0.435843587 0.362320453
1403636638613555456.000000 4.472090721 5.581671238 -0.956237555 -0.649980068 -0.528139293 -0.407029748 0.364584059
1403636638863555584.000000 4.534867287 5.721051216 -0.955923319 -0.636153936 -0.528472960 -0.426302969 0.366456300
1403636641663555584.000000 5.498433590 7.083890915 -1.157274365 -0.602293491 -0.547285974 -0.428602785 0.392454147
1403636643513555456.000000 5.844904900 7.355856419 -1.145789504 -0.644047260 -0.512876451 -0.437352866 0.361778021
1403636643913555456.000000 5.944379330 7.447016239 -1.080818534 -0.649974465 -0.525700092 -0.423744440 0.348730952
1403636644313555456.000000 6.064043999 7.618433475 -1.069814086 -0.646909654 -0.513507187 -0.428735971 0.366065294
1403636646913555456.000000 7.508728981 9.160999298 -1.243535519 -0.705385327 -0.391287416 -0.510516405 0.297823370
1403636647313555456.000000 7.746045589 9.328957558 -1.168660760 -0.712399423 -0.395536512 -0.501099646 0.291439742
1403636650013555456.000000 9.112682343 9.305429459 -0.915689647 -0.773085415 -0.224602416 -0.567335844 0.173270479
1403636650363555584.000000 9.201676369 9.209079742 -0.904271364 -0.786495805 -0.177979752 -0.574495912 0.140364051
1403636651963555584.000000 9.244017601 8.665263176 -0.897129476 -0.799225092 -0.080600232 -0.588427722 0.092172869
1403636654713555456.000000 8.978176117 7.369256020 -0.951786458 0.807579458 -0.128409311 0.569524288 0.083478369
1403636655013555456.000000 8.910573959 7.272732258 -0.942549586 0.800946474 -0.147300959 0.571405411 0.101405799
1403636655413555456.000000 8.804586411 7.163458347 -0.984234512 0.785443962 -0.164074168 0.586960077 0.107866742
1403636655763555584.000000 8.647980690 7.083295822 -1.007850409 0.791801512 -0.208342180 0.560397804 0.124892719
1403636656713555456.000000 8.198906898 6.755579472 -1.050682783 0.773250043 -0.265656471 0.548676074 0.174544349
1403636658763555584.000000 6.995263577 5.777748108 -1.238308311 0.782260954 -0.259973973 0.531143904 0.195875973
1403636659113555456.000000 6.848371983 5.595084190 -1.318052292 0.767844558 -0.260944188 0.551563859 0.195192784
1403636659763555584.000000 6.607111454 5.372531891 -1.457294822 0.771239817 -0.263362199 0.545739770 0.194930106
1403636660063555584.000000 6.515582085 5.310802460 -1.548732877 0.777698636 -0.269573718 0.533720076 0.194056317
1403636662763555584.000000 6.634301186 5.612501144 -2.085693121 0.771163225 -0.285330087 0.542013228 0.173538774
1403636663563555584.000000 6.630633831 5.709042549 -2.242088556 0.797080636 -0.275004834 0.501132607 0.194681868
1403636663963555584.000000 6.765550613 5.676183701 -2.338265657 0.794319212 -0.248863667 0.507814348 0.221920148
1403636666913555456.000000 8.619496346 6.793439388 -2.320560694 0.792490244 -0.253120035 0.534005642 0.150755972
1403636668513555456.000000 9.297597885 7.176447392 -2.447733879 0.786653519 -0.247265577 0.537929177 0.175123632
1403636668763555584.000000 9.431428909 7.218689919 -2.504869461 0.785532415 -0.244838730 0.536679447 0.186997145
1403636669613555456.000000 9.921495438 7.555683613 -2.598220110 0.761854768 -0.245166197 0.568146884 0.191519961
1403636670063555584.000000 10.077500343 7.848034382 -2.618460417 0.755311489 -0.276383221 0.578333735 0.136554509
1403636670313555456.000000 10.077862740 7.980116844 -2.587214231 0.745648921 -0.280746162 0.594997108 0.105678007
1403636670813555456.000000 9.827462196 8.031612396 -2.523329496 0.765879095 -0.222133294 0.602326035 0.035907671
1403636673313555456.000000 7.978124619 6.127795696 -2.037165403 -0.842337012 -0.077807799 -0.532656372 0.026298901
1403636674313555456.000000 8.306647301 6.349999905 -2.056449413 -0.815791726 -0.084028922 -0.569853961 0.051860295
1403636677213555456.000000 9.870102882 8.011669159 -2.567000151 -0.744038463 -0.343142003 -0.524685085 0.231010646
1403636677663555584.000000 10.014358521 8.348391533 -2.634875298 -0.708383262 -0.369191110 -0.534769654 0.275522470
1403636680463555584.000000 10.041919708 9.087331772 -2.296831608 -0.449318975 -0.671061933 -0.385570258 0.446233124
1403636682813555456.000000 8.567569733 8.236068726 -2.251183987 -0.478928298 -0.651616991 -0.352495521 0.470924467
1403636685163555584.000000 7.164916039 6.998976707 -2.253009558 -0.468725443 -0.663442791 -0.342760742 0.471863598
1403636688063555584.000000 5.932264805 5.484225273 -2.408001423 -0.472478479 -0.661093414 -0.341301113 0.472475559
1403636689463555584.000000 5.435162544 4.884143353 -2.646198034 -0.455221444 -0.686807215 -0.309427530 0.474682957
1403636689763555584.000000 5.307647705 4.803374767 -2.571821213 -0.465992093 -0.690074027 -0.290240049 0.471603692
1403636690013555456.000000 5.213236809 4.778048515 -2.528711319 -0.475718886 -0.679762483 -0.281326622 0.482151300
1403636690813555456.000000 5.026112080 4.969345570 -2.436511040 -0.483487815 -0.661711454 -0.276927441 0.501686037
1403636691013555456.000000 5.026597023 5.063383579 -2.471051931 -0.479076415 -0.640565276 -0.280974358 0.530297458
1403636691413555456.000000 5.206183434 5.218739033 -2.456905365 -0.443131834 -0.652861238 -0.325124413 0.521249115
1403636694013555456.000000 6.515699387 5.322317600 -1.729738712 -0.447617352 -0.686054885 -0.310389757 0.482312828
1403636695013555456.000000 6.586846828 5.567996025 -1.719711304 -0.457161337 -0.676667631 -0.301057518 0.492431551
1403636696013555456.000000 6.709726334 5.779313087 -1.717307448 -0.456674904 -0.678809643 -0.321439177 0.476804376
1403636698413555456.000000 6.333498001 5.560423851 -1.701779008 -0.543903410 -0.612060070 -0.386670738 0.424307942
1403636701263555584.000000 5.913150787 5.008323669 -2.175583601 -0.776873529 -0.290036708 -0.519018888 0.207281858
1403636703563555584.000000 6.616902351 4.758514404 -2.571908236 -0.792277277 -0.202422142 -0.555335939 0.151406452
1403636705113555456.000000 7.335206032 4.778168678 -2.703950644 -0.809646010 -0.229974732 -0.521016240 0.141870007
1403636705513555456.000000 7.623733044 4.921794891 -2.748647451 -0.795656681 -0.228218585 -0.541449785 0.147237733
1403636705913555456.000000 7.920073986 5.118980408 -2.812881470 -0.792082012 -0.219732106 -0.547033846 0.158360183
1403636706213555456.000000 8.149916649 5.267825603 -2.827316284 -0.785884440 -0.211228356 -0.553597510 0.176912174
1403636706963555584.000000 8.690078735 5.598905087 -2.890651703 -0.795452356 -0.231441781 -0.540897191 0.145329311
1403636707363555584.000000 8.968139648 5.832470417 -2.846631050 -0.794525266 -0.222466871 -0.547784209 0.138457909
1403636707863555584.000000 9.308844566 6.185112953 -2.733443260 -0.801492214 -0.208597302 -0.538689315 0.154632971
1403636709613555456.000000 10.464509964 7.203821659 -2.932765484 -0.788493752 -0.214506388 -0.561214805 0.131539762
1403636712563555584.000000 10.306128502 8.749331474 -2.956387281 -0.724889338 -0.342630833 -0.546097517 0.242728472
1403636715513555456.000000 8.614766121 8.067286491 -2.368639469 -0.684745133 -0.452654958 -0.466453224 0.329619527
1403636718413555456.000000 7.804644585 6.976604939 -2.363821030 -0.569755554 -0.586262763 -0.402370244 0.412034899
1403636721013555456.000000 6.820476532 6.013842106 -2.629300594 -0.565382302 -0.589743972 -0.387369573 0.427188158
1403636723513555456.000000 6.631105900 5.172052860 -2.671135187 -0.621798933 -0.519407034 -0.454681516 0.369928598
1403636726013555456.000000 6.202930927 4.479800224 -2.341020107 -0.697020650 -0.429610640 -0.483121067 0.310146630
1403636728513555456.000000 5.857872486 3.965175629 -1.832853556 -0.683652639 -0.437299281 -0.482466877 0.329566568
1403636731363555584.000000 4.827812195 3.137296677 -1.681932211 -0.653816998 -0.485012054 -0.454271585 0.361834168
1403636734313555456.000000 4.171070576 2.316337824 -1.661072016 -0.641725540 -0.500307858 -0.459828466 0.355581492
1403636737213555456.000000 3.198122978 1.771157980 -1.364864588 -0.610708654 -0.536756158 -0.437646896 0.383917928
1403636738063555584.000000 2.919506311 1.677269578 -1.278185010 -0.621988714 -0.538611770 -0.413044244 0.390412390
1403636741013555456.000000 3.242156744 1.561447620 -1.633853555 -0.735804737 -0.346899301 -0.527997732 0.243866399
1403636743863555584.000000 3.649094105 1.658036828 -2.412345648 -0.757148445 -0.313087523 -0.525956333 0.228194013
1403636746413555456.000000 4.257164478 1.959776640 -3.213257313 -0.746349037 -0.274814427 -0.574136198 0.194442526
1403636749263555584.000000 4.197780132 2.549002886 -2.663513184 -0.775526583 -0.241329834 -0.544777870 0.208651319
1403636750663555584.000000 4.185885429 2.509722233 -2.331584454 -0.761437178 -0.278366894 -0.549174130 0.202813223
1403636751663555584.000000 3.959628820 2.477089643 -1.824409127 -0.770298123 -0.272628039 -0.531810224 0.222469226
1403636752163555584.000000 3.941708565 2.468896389 -1.650346279 -0.768817544 -0.299954355 -0.523411214 0.212103248
1403636754963555584.000000 3.445479393 2.437547922 -1.298052430 -0.599852502 -0.543126106 -0.445462644 0.383085012
1403636755463555584.000000 3.156845331 2.303966999 -1.281713605 -0.600778699 -0.563024640 -0.421559632 0.379941821
1403636755963555584.000000 2.840049505 2.196125984 -1.256677389 -0.599490643 -0.553392053 -0.430006891 0.386603445
1403636756413555456.000000 2.540693760 2.117015600 -1.214231849 -0.595222771 -0.552102268 -0.434149146 0.390394062
1403636756913555456.000000 2.197295189 2.000290632 -1.201985002 -0.591903985 -0.552704096 -0.432963580 0.395866752
1403636757313555456.000000 1.920922995 1.860008359 -1.171457648 -0.591293335 -0.554810882 -0.431297719 0.395650625
1403636757613555456.000000 1.710248232 1.738840699 -1.184826970 -0.591112554 -0.569907129 -0.420371473 0.386108458
1403636757913555456.000000 1.486473441 1.642219782 -1.139942288 -0.591309965 -0.588849127 -0.395285457 0.383873284
1403636758413555456.000000 1.121408224 1.562798142 -1.040918946 -0.578298807 -0.576712191 -0.402384281 0.413594484
1403636758763555584.000000 0.901248753 1.526067734 -1.059088469 -0.598106802 -0.577007532 -0.376256287 0.409587532
1403636759263555584.000000 0.692443907 1.540662646 -1.121950269 -0.593489230 -0.552627683 -0.381553233 0.443610549
1403636759663555584.000000 0.639446497 1.520961881 -1.224404693 -0.573511362 -0.573099375 -0.408174187 0.419566035
1403636760013555456.000000 0.621565521 1.476497054 -1.254640698 -0.578499198 -0.580851316 -0.400110841 0.409709454
1403636760513555456.000000 0.605209172 1.423103571 -1.315670371 -0.572116554 -0.575867772 -0.410256177 0.415630639
1403636761013555456.000000 0.578224957 1.368125081 -1.389799833 -0.571555257 -0.586893857 -0.407699347 0.403312951
1403636761363555584.000000 0.530121386 1.350992918 -1.433096766 -0.585342407 -0.595923960 -0.386313707 0.391165733
1403636761663555584.000000 0.482705116 1.375677228 -1.433751702 -0.573664844 -0.578727067 -0.405495197 0.414194673
1403636762163555584.000000 0.437401563 1.398085117 -1.402961493 -0.565146506 -0.586390018 -0.421622068 0.398736924
1403636762513555456.000000 0.385966510 1.414231062 -1.409609079 -0.591026485 -0.582832873 -0.387127370 0.401405036
1403636762813555456.000000 0.351994097 1.456984043 -1.485008717 -0.584905267 -0.566260874 -0.395066589 0.425625354
1403636763263555584.000000 0.383571327 1.411905646 -1.509814978 -0.610689759 -0.527506471 -0.415413767 0.419793099
1403636763563555584.000000 0.381141424 1.396044254 -1.524808645 -0.610238492 -0.526143491 -0.416267633 0.421311408
1403636763713555456.000000 0.379780769 1.384806395 -1.532499075 -0.610466242 -0.525866807 -0.416019320 0.421572149
