1403715528412143104.000000 1.912866354 -0.554879546 -1.154694200 -0.494934291 -0.653598011 -0.355084926 0.449182063
1403715529662142976.000000 1.733716607 -0.480643600 -0.860681117 -0.441193879 -0.697241783 -0.307762414 0.473797649
1403715532062142976.000000 0.582361341 -0.304232329 -0.155906603 -0.363718390 -0.718911469 -0.262545913 0.530984819
1403715532262142976.000000 0.518316090 -0.267931432 -0.158440694 -0.360471487 -0.717714846 -0.265651733 0.533268094
1403715532712143104.000000 0.426767290 -0.239863873 -0.179268092 -0.376724660 -0.710369408 -0.217674658 0.553237438
1403715534912143104.000000 2.775644302 0.239354357 -0.226142824 -0.540693641 -0.637079716 -0.357128084 0.417419881
1403715537812143104.000000 3.933818340 2.318031788 -0.433239132 -0.506642222 -0.614335477 -0.359730959 0.486311913
1403715538912143104.000000 3.607526779 1.277890921 -0.396919072 -0.614790320 -0.520138383 -0.448925048 0.387240648
1403715541812143104.000000 5.195229053 -0.719122887 -0.315921009 -0.766534626 -0.353981853 -0.498690963 0.196032852
1403715543262142976.000000 6.203091621 0.015325753 -0.267483711 -0.665419757 -0.439127177 -0.489285052 0.353530794
1403715543762142976.000000 6.284970760 -0.000028495 -0.344904929 -0.645608246 -0.435945749 -0.530684531 0.333938897
1403715544262142976.000000 6.167459965 -0.226301759 -0.502946615 -0.716163218 -0.345051467 -0.561471581 0.229781538
1403715546962142976.000000 3.781323671 -1.965719700 -0.637929380 -0.683692932 -0.502759814 -0.424396157 0.315728456
1403715547312143104.000000 3.522859097 -2.092859030 -0.594382346 -0.585312009 -0.618308842 -0.377503663 0.364136159
1403715547562142976.000000 3.320801973 -2.098360062 -0.572985590 -0.530187845 -0.677788019 -0.329321772 0.388653278
1403715547762142976.000000 3.129014492 -2.047036171 -0.562160909 -0.475277245 -0.722003996 -0.294174314 0.407778442
1403715547962142976.000000 2.903600454 -1.944412708 -0.550345898 -0.419504404 -0.750335276 -0.264002949 0.437396467
1403715548162142976.000000 2.649181604 -1.803449750 -0.536929190 -0.377673894 -0.746654153 -0.260411561 0.481721848
1403715548362142976.000000 2.379843473 -1.654805779 -0.536398649 -0.358877331 -0.740703583 -0.270114243 0.499603540
1403715548912143104.000000 1.601104736 -1.291572452 -0.650554061 -0.384459138 -0.726700604 -0.268146664 0.502189994
1403715549712143104.000000 0.569398284 -0.905679405 -0.768493891 -0.381603599 -0.717943311 -0.209343031 0.543241739
1403715550112143104.000000 0.310218751 -0.696557820 -0.800734580 -0.480249912 -0.661835253 -0.232836500 0.526423216
1403715550362142976.000000 0.292039096 -0.508479595 -0.762925982 -0.535393417 -0.630929232 -0.294821829 0.477872789
1403715550612143104.000000 0.353882968 -0.292015165 -0.676670790 -0.583377898 -0.584443986 -0.358824313 0.435132802
1403715550862142976.000000 0.460041553 -0.070557550 -0.657525539 -0.648255587 -0.510996282 -0.385451138 0.412401527
1403715551162142976.000000 0.680364311 0.180853844 -0.677872777 -0.705254376 -0.429307759 -0.428954452 0.366482228
1403715551462142976.000000 1.025969505 0.390450686 -0.618834317 -0.753375113 -0.331654340 -0.465435773 0.325270385
1403715551762142976.000000 1.473940969 0.514678895 -0.550022542 -0.768440425 -0.247101113 -0.534161687 0.251220316
1403715552062142976.000000 1.929555893 0.526831269 -0.483474523 -0.766126812 -0.157646134 -0.596682191 0.179354116
1403715552362142976.000000 2.296815157 0.436699152 -0.432278544 -0.768511295 -0.079710253 -0.628203809 0.091633335
1403715552662142976.000000 2.521892548 0.295983523 -0.395527124 0.763500035 -0.034396511 0.644695103 -0.015896952
1403715554412143104.000000 1.037647009 -0.897216499 -0.597241938 0.752827764 -0.429057032 0.412657619 0.280845582
1403715556262142976.000000 2.154440641 -0.039723530 -0.349307626 0.689916670 -0.452543199 0.537418544 0.174358875
1403715558912143104.000000 2.275674820 -2.086531401 -0.209416002 0.704178810 -0.356537879 0.537600696 0.296645343
1403715559212143104.000000 2.396950245 -2.217874765 -0.214512914 0.729371727 -0.296918631 0.552083313 0.273971289
1403715561212143104.000000 3.599904060 -1.228213549 -0.387239277 -0.824984372 -0.088262007 -0.556751370 0.040480606
1403715562212143104.000000 4.448701859 -0.394729346 -0.324755579 -0.731254518 -0.258051395 -0.607004046 0.173845962
1403715564812143104.000000 3.112295628 0.922514856 -0.571939707 -0.276639014 -0.769740164 -0.206779614 0.536854804
1403715566162142976.000000 2.712286949 0.233437777 -0.055502355 0.261834294 -0.753412008 0.192215607 0.571722209
1403715566662142976.000000 2.930213213 0.065793484 0.029441735 0.460900635 -0.646304667 0.339631766 0.504491091
1403715567012143104.000000 3.175460339 0.056191757 0.002351869 0.583506227 -0.539631844 0.434909701 0.423286706
1403715567312143104.000000 3.416466475 0.137619182 -0.018553445 0.690271378 -0.418589026 0.507565141 0.301141620
1403715568012143104.000000 3.934180260 0.488013357 -0.254786432 0.809439123 -0.039171871 0.583536446 0.052528206
1403715568262142976.000000 4.079955101 0.662436008 -0.344389111 -0.796550333 -0.083759770 -0.597825170 0.033121675
1403715568512143104.000000 4.171637058 0.859482169 -0.422602832 -0.775385797 -0.194275469 -0.588923454 0.119177327
1403715570712143104.000000 3.180617809 1.750497103 -0.596232533 -0.272432148 -0.745567799 -0.232735708 0.561910629
1403715573162142976.000000 1.726015449 0.954368114 -1.013536096 0.142431051 -0.798654497 0.084507339 0.578552306
1403715574162142976.000000 1.053160310 0.567523360 -0.799054325 0.430694997 -0.730748713 0.272647291 0.454061210
1403715574412143104.000000 0.858563423 0.406535089 -0.740764618 0.509896934 -0.653472066 0.314213455 0.462870866
1403715575112143104.000000 0.593576550 -0.176157996 -0.641332984 0.559675932 -0.598529458 0.375332892 0.433186680
1403715575362142976.000000 0.592705905 -0.391656488 -0.590075135 0.541976392 -0.584742129 0.384323686 0.465439200
1403715575662142976.000000 0.652065098 -0.593086421 -0.530245721 0.547030985 -0.590109408 0.344090194 0.483869821
1403715575912143104.000000 0.791102231 -0.737121880 -0.473360181 0.544060767 -0.592493355 0.328748763 0.494847208
1403715578812143104.000000 3.749064684 -0.114201687 -0.716733932 0.298170745 -0.831012666 0.159037411 0.441836238
1403715579312143104.000000 3.565972090 -0.173401996 -0.834005952 0.324871421 -0.756039381 0.100173563 0.559310675
1403715582062142976.000000 3.582318544 -2.385560989 -0.874315023 0.284112662 -0.764968216 0.170550078 0.552282751
1403715583712143104.000000 3.175137281 -3.071133614 -1.034740329 0.254563153 -0.683066905 0.259928495 0.633288622
1403715583912143104.000000 3.224855185 -3.081147909 -1.073849201 -0.246463925 0.646288276 -0.275937408 -0.667402089
1403715586362142976.000000 4.336414814 -1.494634986 -0.799777210 0.296452165 -0.746716142 0.224168926 0.551615417
1403715586862142976.000000 4.331049919 -1.504302382 -0.794007003 0.300229162 -0.752577901 0.215280026 0.545108795
1403715587362142976.000000 4.436374664 -1.484314680 -0.751667142 0.298958063 -0.751479745 0.217031717 0.546625555
1403715587712143104.000000 4.520889759 -1.443784833 -0.702810168 0.254658699 -0.773592591 0.244860902 0.526067138
1403715588162142976.000000 4.543183804 -1.228732824 -0.640655756 0.137433425 -0.789437294 0.137169078 0.582310379
1403715588412143104.000000 4.565559387 -1.054180622 -0.708909392 0.056296695 -0.788584054 0.076012745 0.607608378
1403715588662142976.000000 4.643820286 -0.852917075 -0.803258300 -0.016186526 -0.797547281 0.022919549 0.602603674
1403715588912143104.000000 4.760994434 -0.635494888 -0.900003016 -0.076561809 -0.829614460 -0.036519691 0.551855564
1403715589162142976.000000 4.843275070 -0.413975686 -0.983134508 -0.135002404 -0.850120842 -0.086209461 0.501634300
1403715589562142976.000000 4.751861095 -0.045650225 -0.965090096 -0.214979231 -0.850750685 -0.131279200 0.461273134
1403715589812143104.000000 4.522799969 0.226497665 -0.868565619 -0.225051016 -0.829772353 -0.155020282 0.486619622
1403715591212143104.000000 2.512485743 1.139523983 -0.249737665 0.085640773 -0.826586664 0.018459886 0.555949211
1403715591512143104.000000 2.048976421 1.097505689 -0.165423676 0.219255537 -0.806409836 0.078856952 0.543517888
1403715591812143104.000000 1.610384345 0.949716747 -0.157150969 0.318272591 -0.772212863 0.154433161 0.527769148
1403715592112143104.000000 1.219017863 0.716514707 -0.257863164 0.417222679 -0.721423209 0.194725350 0.517257988
1403715592412143104.000000 0.950470686 0.382122219 -0.334185332 0.508896649 -0.643172324 0.255462974 0.511949480
1403715592712143104.000000 0.878934205 -0.015277433 -0.344580233 0.596362114 -0.560750723 0.305030912 0.486689955
1403715593012143104.000000 1.021204948 -0.422588348 -0.354915947 0.642270684 -0.521850407 0.405953705 0.387765616
1403715593312143104.000000 1.244850397 -0.816596985 -0.366168499 0.691765130 -0.442124039 0.477727950 0.312671453
1403715593812143104.000000 1.684291959 -1.374826312 -0.378980398 0.759877145 -0.258949816 0.538195789 0.256665468
1403715594212143104.000000 2.108846903 -1.594106674 -0.393611550 0.808651567 -0.129815608 0.553928256 0.149646282
1403715594712143104.000000 2.671633244 -1.596359134 -0.393822163 -0.829604983 -0.053385314 -0.553798079 -0.047046270
1403715595012143104.000000 3.035050869 -1.447142959 -0.405249625 -0.841538191 -0.139371976 -0.518147767 0.062543415
1403715595312143104.000000 3.462687492 -1.232322931 -0.414428353 -0.812293470 -0.231447935 -0.512926936 0.153353363
1403715596812143104.000000 4.164271355 -0.574681818 -0.214365333 -0.654112160 -0.588869691 -0.361671269 0.307512134
1403715597162142976.000000 3.936875820 -0.280386418 -0.122911051 -0.639280558 -0.618298411 -0.323397160 0.323174477
1403715597512143104.000000 3.747002602 0.284827530 -0.031129075 -0.569884121 -0.593425453 -0.365852982 0.435005784
1403715597862142976.000000 3.610352039 0.855768681 0.023334870 -0.500663579 -0.638162971 -0.345744044 0.471746862
1403715598712143104.000000 3.494524240 1.780035734 -0.021724777 -0.449460804 -0.598066509 -0.385054320 0.540402412
1403715600312143104.000000 4.127065182 1.426904202 -0.649049819 -0.432422221 -0.693989813 -0.369990230 0.441017419
1403715600662142976.000000 4.181550980 1.244966745 -0.795074463 -0.371617436 -0.755826354 -0.263814807 0.470136940
1403715601162142976.000000 4.038855076 1.029473901 -0.785498619 -0.238786072 -0.797010005 -0.181211248 0.524327099
1403715601512143104.000000 3.850836515 0.889487147 -0.640260935 -0.212165609 -0.799482703 -0.180559844 0.532176137
1403715601862142976.000000 3.606340170 0.714073062 -0.522363424 -0.219045624 -0.787983060 -0.173348069 0.548682153
1403715602212143104.000000 3.366807938 0.504868746 -0.427640468 -0.257794857 -0.737258673 -0.212096334 0.587372720
1403715602712143104.000000 3.178879499 0.104025193 -0.373345047 -0.369872570 -0.728365779 -0.274121344 0.507479250
1403715603062142976.000000 3.056375504 -0.188590780 -0.470623285 -0.440164626 -0.695206821 -0.321204185 0.468796968
1403715603412143104.000000 2.893335819 -0.471747577 -0.624351263 -0.502188027 -0.661777258 -0.349328071 0.433391213
1403715603762142976.000000 2.690281630 -0.708880126 -0.736906767 -0.542636991 -0.623862743 -0.332310170 0.453773618
1403715604062142976.000000 2.575149536 -0.849040985 -0.764095843 -0.560723245 -0.633196592 -0.307966292 0.435670018
1403715604562142976.000000 2.479678869 -0.895786583 -0.790200889 -0.532242835 -0.639809251 -0.351570219 0.428672612
1403715605062142976.000000 2.360356569 -0.844087720 -0.832016289 -0.524441659 -0.636872888 -0.361900747 0.434029579
1403715605412143104.000000 2.257023811 -0.792244077 -0.830986202 -0.522048712 -0.630605817 -0.355997771 0.450629801
1403715605762142976.000000 2.169453382 -0.728832066 -0.889397383 -0.519720018 -0.635317564 -0.351400971 0.450311184
1403715606112143104.000000 2.098244667 -0.653903246 -0.954849899 -0.508325219 -0.639104962 -0.362174600 0.449421674
1403715606412143104.000000 2.028008938 -0.596294403 -1.023399711 -0.512345493 -0.637058675 -0.348368943 0.458581924
1403715606712143104.000000 1.969516754 -0.542547882 -1.035599351 -0.512326777 -0.632250071 -0.337268084 0.473319501
1403715606962142976.000000 1.949610353 -0.502632380 -1.063652277 -0.499789566 -0.629400611 -0.348153055 0.482550234
1403715607362142976.000000 1.946624875 -0.479707152 -1.118778348 -0.492299587 -0.645805418 -0.355848193 0.462545693
1403715607762142976.000000 1.923602343 -0.504259109 -1.140565038 -0.494750619 -0.645452797 -0.358592272 0.458283961
1403715608062142976.000000 1.906592369 -0.522859335 -1.160807133 -0.490802586 -0.650107324 -0.359557211 0.455183446
1403715608262142976.000000 1.907100201 -0.522992432 -1.164012194 -0.491915882 -0.649678171 -0.358138502 0.455712527
1403715608762142976.000000 1.906399608 -0.522424757 -1.165869355 -0.492697954 -0.650063813 -0.357255220 0.455010474
1403715609262142976.000000 1.907124519 -0.524115145 -1.165001631 -0.493097752 -0.649968982 -0.356805623 0.455065727
