1403715278412143104.000000 -10.342219353 -5.258292675 9.923449516 -0.563418329 -0.609376669 -0.380271196 0.408183336
1403715279162142976.000000 -10.371254921 -5.162780285 10.060048103 -0.556213915 -0.591844022 -0.394713551 0.429590464
1403715282112143104.000000 -10.483574867 -4.741209984 10.238003731 -0.737770617 -0.369316995 -0.505328834 0.252868086
1403715282362142976.000000 -10.489338875 -4.671211243 10.210565567 -0.761194646 -0.318999827 -0.521728396 0.215919673
1403715285112143104.000000 -10.394587517 -3.989749670 9.939996719 -0.807533205 -0.025161758 -0.588304341 0.033986215
1403715287762142976.000000 -9.862402916 -4.229613304 10.466194153 0.807352066 -0.131741285 0.571715951 0.062990643
1403715290562142976.000000 -9.518510818 -4.609069824 10.317291260 0.774049640 -0.306182295 0.517934561 0.197086886
1403715291712143104.000000 -9.125602722 -4.853367805 10.305438995 0.736147642 -0.374596417 0.524417996 0.206760779
1403715292162142976.000000 -9.061224937 -5.050116062 10.250962257 0.744258285 -0.365315348 0.505796850 0.238314733
1403715294062142976.000000 -8.505331039 -5.616920948 10.534965515 -0.817591846 -0.012543519 -0.575318217 0.019878319
1403715295862142976.000000 -8.421463966 -5.969769478 10.260107994 -0.735777855 -0.339846790 -0.532696426 0.243658826
1403715298612143104.000000 -7.682787895 -6.106556892 10.026365280 -0.482865423 -0.655115485 -0.399484187 0.421991795
1403715301312143104.000000 -7.977304935 -5.646501064 10.148308754 -0.292883515 -0.738063931 -0.253190726 0.552607715
1403715303912143104.000000 -8.004472733 -6.426789761 10.002223015 -0.144432425 -0.799586535 -0.095237687 0.575091720
1403715304912143104.000000 -8.095630646 -6.565850258 9.878715515 -0.127638862 -0.805441499 -0.090447731 0.571656764
1403715307762142976.000000 -7.553404331 -6.576145172 10.254824638 -0.398851097 -0.726532817 -0.273807555 0.487952113
1403715310612143104.000000 -7.053859234 -6.254308224 10.170681000 -0.518719435 -0.621775150 -0.379468977 0.447581530
1403715313012143104.000000 -6.195366859 -5.790641308 10.252073288 -0.537987471 -0.594040215 -0.419716924 0.426055580
1403715315412143104.000000 -6.410017967 -5.787085056 10.481849670 -0.640376508 -0.510143459 -0.452036232 0.354026705
1403715317862142976.000000 -6.916590691 -5.532672882 10.207994461 -0.815782964 -0.093885474 -0.562687218 0.095220469
1403715320812143104.000000 -6.090495110 -5.358180523 10.286959648 0.724754393 -0.359095365 0.551649332 0.203628987
1403715321312143104.000000 -6.028187275 -5.270461559 10.346869469 0.720147729 -0.396561146 0.524628699 0.221113652
1403715321812143104.000000 -6.124871731 -5.319351673 10.390302658 0.715589404 -0.389262497 0.533453465 0.227670580
1403715324662142976.000000 -6.733491421 -6.313078880 10.501561165 0.681227207 -0.459565073 0.495630652 0.281211138
1403715327412143104.000000 -7.370536804 -6.103689671 10.436895370 0.673769236 -0.476868153 0.485913455 0.287262887
1403715328712143104.000000 -7.992971420 -6.225753307 10.360021591 0.723266602 -0.379098237 0.503645301 0.281977773
1403715331262142976.000000 -8.192470551 -6.099003315 10.266289711 0.805854857 -0.149049416 0.569433093 0.064251289
1403715333812143104.000000 -8.279837608 -7.022045135 10.524295807 0.813497663 -0.065612137 0.576995373 0.031511061
1403715336562142976.000000 -8.084991455 -8.187132835 10.478651047 -0.817840397 -0.061084352 -0.570113361 0.048749264
1403715337512143104.000000 -7.860417366 -8.418310165 10.532458305 -0.820386410 -0.095892884 -0.556288540 0.091180570
1403715339462142976.000000 -7.095546722 -8.888574600 10.631902695 -0.793228805 -0.208745062 -0.551807225 0.150739491
1403715339962142976.000000 -6.894774914 -8.982290268 10.583289146 -0.790160418 -0.219633713 -0.560561061 0.114799812
1403715340312143104.000000 -6.801015377 -8.951056480 10.572064400 -0.776185155 -0.264416575 -0.550469697 0.156855658
1403715342062142976.000000 -6.377137661 -8.492459297 10.735291481 -0.759957075 -0.303373486 -0.537416756 0.203992561
1403715342562142976.000000 -6.318338394 -8.345419884 10.741981506 -0.760586977 -0.335245252 -0.507550061 0.226960599
1403715342862142976.000000 -6.265232563 -8.227824211 10.745065689 -0.730879903 -0.384106547 -0.507747591 0.245904833
1403715345412143104.000000 -6.532193661 -6.890195847 10.606738091 -0.674967408 -0.451492995 -0.490237892 0.316606909
1403715347512143104.000000 -7.779949665 -6.153910160 10.573966980 -0.664441109 -0.476430386 -0.478556961 0.320180148
1403715350462142976.000000 -7.774968147 -5.719846249 10.139356613 -0.456303537 -0.702205479 -0.314970046 0.446641386
1403715353262142976.000000 -8.665936470 -5.136171818 10.163929939 -0.384717166 -0.713762522 -0.266642153 0.520996869
1403715355962142976.000000 -8.983841896 -4.856453419 10.306240082 -0.247936428 -0.783938766 -0.174744338 0.541693628
1403715357762142976.000000 -9.528814316 -4.576318264 10.471992493 -0.134622350 -0.811048150 -0.115173623 0.557505846
1403715358462142976.000000 -9.899873734 -4.555741310 10.473979950 -0.128449798 -0.819347739 -0.113003403 0.547174871
1403715359462142976.000000 -10.535923004 -4.736854076 10.401927948 -0.079080507 -0.804223597 -0.070850298 0.584765792
1403715359712143104.000000 -10.632390976 -4.802441597 10.394968987 -0.081744991 -0.803251088 -0.075565726 0.585145593
1403715359962142976.000000 -10.705534935 -4.889467239 10.400465965 -0.092868000 -0.807459593 -0.064018220 0.579039156
1403715362812143104.000000 -11.278117180 -5.131035328 10.405241013 -0.559625864 -0.605239809 -0.384396166 0.415624052
1403715363312143104.000000 -11.466613770 -5.080700874 10.408102989 -0.645134270 -0.502382100 -0.405035704 0.409096777
1403715363812143104.000000 -11.428482056 -5.069367409 10.455183029 -0.684719682 -0.444815308 -0.468328327 0.337589920
1403715366762142976.000000 -10.927363396 -5.786705017 10.766541481 -0.806492686 -0.164747953 -0.554223955 0.123545833
1403715369462142976.000000 -9.722180367 -7.024037838 10.832466125 -0.784686923 -0.262763709 -0.531540990 0.180792421
1403715370812143104.000000 -8.998883247 -7.334793091 10.810827255 -0.750425041 -0.330741465 -0.518543422 0.242043629
1403715373562142976.000000 -7.097358704 -7.015112400 10.832831383 -0.722179592 -0.380561709 -0.508628011 0.273727864
1403715376362142976.000000 -6.541021347 -5.987497807 10.792662621 -0.625010371 -0.509043694 -0.454371452 0.379187405
1403715376812143104.000000 -6.620330811 -5.822662354 10.736950874 -0.617966056 -0.527002931 -0.454161465 0.366228521
1403715379712143104.000000 -7.942616940 -5.837100983 10.615735054 -0.613957405 -0.559136629 -0.430143178 0.354117692
1403715382562142976.000000 -9.865666389 -5.378557682 10.690776825 -0.693003654 -0.454169422 -0.469520122 0.305003196
1403715385212143104.000000 -10.470958710 -4.437557697 10.594695091 -0.824704707 -0.055697951 -0.560309708 0.053038139
1403715388062142976.000000 -9.969230652 -5.369916439 10.700356483 -0.830778718 -0.056688722 -0.550431550 0.060150631
1403715390412143104.000000 -9.155526161 -6.859704494 10.548102379 -0.808004260 -0.202203035 -0.539252579 0.124296971
1403715393112143104.000000 -7.126409054 -6.688310623 10.727852821 -0.654935181 -0.496554822 -0.460347921 0.335518956
1403715394612143104.000000 -6.742922306 -6.488326073 10.707854271 -0.345102400 -0.734025300 -0.264420688 0.521721125
1403715395462142976.000000 -6.817591667 -6.607928753 10.674646378 -0.113865472 -0.817487121 -0.085171796 0.558117628
1403715396962142976.000000 -7.206995010 -6.821243763 10.480639458 0.000326569 -0.825106561 -0.001715448 0.564974368
1403715397962142976.000000 -7.690840721 -6.792367458 10.348527908 -0.001426381 -0.817596138 0.024987075 0.575247824
1403715398412143104.000000 -7.933275700 -6.668094635 10.317544937 -0.000130817 -0.807428241 0.004743479 0.589946866
1403715398912143104.000000 -8.078211784 -6.567682266 10.277070045 0.007604229 -0.798267126 -0.030616559 0.601476967
1403715399412143104.000000 -8.062602997 -6.612689495 10.259140968 0.008203492 -0.806104124 -0.017811297 0.591448784
1403715399912143104.000000 -7.951871872 -6.779402733 10.254324913 -0.003518562 -0.834196448 -0.011964399 0.551326394
1403715400312143104.000000 -7.931738853 -6.959540367 10.283462524 -0.035576925 -0.830660462 -0.056472119 0.552764297
1403715401712143104.000000 -8.488897324 -7.702672005 10.341895103 -0.257322192 -0.785877347 -0.155232772 0.540448785
1403715402912143104.000000 -9.169822693 -7.912863731 10.406035423 -0.313329935 -0.748949707 -0.227285117 0.537810683
1403715403212143104.000000 -9.305215836 -8.016416550 10.406560898 -0.344038308 -0.759593427 -0.199385837 0.514685214
1403715403562142976.000000 -9.461485863 -8.060868263 10.428355217 -0.349512428 -0.755883276 -0.220441058 0.507826090
1403715403912143104.000000 -9.626816750 -8.027447701 10.439937592 -0.412253499 -0.730651975 -0.246995538 0.484961867
1403715404212143104.000000 -9.771090508 -7.931984425 10.459809303 -0.450769752 -0.697169006 -0.299743205 0.470017135
1403715405112143104.000000 -10.323861122 -7.602457047 10.439617157 -0.510230422 -0.632762015 -0.347287238 0.467620254
1403715405412143104.000000 -10.478689194 -7.522593498 10.412969589 -0.575339794 -0.582831621 -0.377175003 0.432470143
1403715405712143104.000000 -10.587670326 -7.450140476 10.387947083 -0.630690694 -0.535386384 -0.417416364 0.375971109
1403715406012143104.000000 -10.674957275 -7.362347603 10.362381935 -0.675275326 -0.479467005 -0.453697830 0.329048604
1403715406312143104.000000 -10.751297951 -7.257661343 10.321631432 -0.713557482 -0.408016592 -0.488277584 0.293160677
1403715406612143104.000000 -10.812457085 -7.153928280 10.263279915 -0.755515039 -0.339836836 -0.497158468 0.257956266
1403715406912143104.000000 -10.834222794 -7.055770874 10.202985764 -0.777638733 -0.279952675 -0.520767450 0.213789016
1403715407212143104.000000 -10.823300362 -6.966385841 10.154279709 -0.801170945 -0.224805921 -0.527913392 0.169984922
1403715407512143104.000000 -10.771751404 -6.870443344 10.124500275 -0.814871132 -0.206131265 -0.522236884 0.144095570
1403715410162142976.000000 -10.111028671 -5.912554264 10.428153038 -0.747647464 -0.362794071 -0.499403775 0.244948328
1403715410662142976.000000 -10.043408394 -5.792194843 10.430783272 -0.734476626 -0.363845348 -0.520889163 0.238401577
1403715411162142976.000000 -10.031105042 -5.657574177 10.401181221 -0.727168381 -0.367543459 -0.516510844 0.263352722
1403715411512143104.000000 -10.048341751 -5.596941471 10.385247231 -0.720787823 -0.362347126 -0.516602397 0.286865085
1403715412012143104.000000 -10.077778816 -5.588459492 10.357705116 -0.721414506 -0.377085090 -0.509620011 0.278667510
1403715412362142976.000000 -10.105950356 -5.611799240 10.338861465 -0.725157380 -0.378767818 -0.505129814 0.274819225
1403715412662142976.000000 -10.128896713 -5.637317657 10.323653221 -0.729493558 -0.380182683 -0.499858469 0.271001399
1403715413162142976.000000 -10.153737068 -5.657710552 10.298928261 -0.727504611 -0.380705893 -0.504169047 0.267607272
1403715413462142976.000000 -10.168380737 -5.660362244 10.213119507 -0.728295207 -0.371650577 -0.503067732 0.279972941
1403715413762142976.000000 -10.175229073 -5.676327705 10.151233673 -0.724577963 -0.375134081 -0.509183168 0.273849905
1403715414062142976.000000 -10.184342384 -5.701256752 10.085417747 -0.723372757 -0.378937870 -0.511206329 0.267966419
1403715414362142976.000000 -10.207651138 -5.719799042 10.088772774 -0.738609433 -0.385475278 -0.490655035 0.255191326
1403715414662142976.000000 -10.223879814 -5.698396683 10.090968132 -0.731038392 -0.383075088 -0.502120137 0.258286059
1403715414962142976.000000 -10.244097710 -5.657704353 10.049266815 -0.734912694 -0.360707939 -0.499715418 0.282980174
1403715415212143104.000000 -10.246488571 -5.638414383 9.999729156 -0.739008248 -0.347463936 -0.498974055 0.290104389
1403715415612143104.000000 -10.220809937 -5.645851612 9.954607964 -0.729168713 -0.364135116 -0.522974968 0.249431223
1403715416062142976.000000 -10.225212097 -5.643058777 9.938162804 -0.728529513 -0.364697427 -0.525776148 0.244540483
1403715416562142976.000000 -10.223483086 -5.641558647 9.937721252 -0.731076479 -0.363144010 -0.522912085 0.245390743
1403715417062142976.000000 -10.224729538 -5.643353939 9.936301231 -0.731544197 -0.362873852 -0.522238374 0.245830983
1403715417562142976.000000 -10.226843834 -5.644536018 9.936224937 -0.731754243 -0.362551004 -0.521966755 0.246258751
1403715418062142976.000000 -10.227458000 -5.645159721 9.936182022 -0.731863439 -0.362445712 -0.521834433 0.246369630
1403715418562142976.000000 -10.226862907 -5.644808292 9.935997963 -0.731927693 -0.362326235 -0.521799743 0.246427849
