1403636868351666432.000000 -0.554041326 0.658930659 -0.084039763 -0.699707806 -0.623627305 -0.238307953 0.254376471
1403636871251666432.000000 -0.120026648 0.696052551 -0.101636365 -0.738067865 -0.566880167 -0.277406961 0.238638088
1403636873901666560.000000 -0.154331565 0.703652263 -0.125441521 -0.737769663 -0.576096117 -0.259083331 0.238086328
1403636876051666432.000000 -0.559606552 0.498008579 -0.145596474 -0.811204016 -0.445701510 -0.295353144 0.236779973
1403636876151666432.000000 -0.515430450 0.471944958 -0.140164793 -0.819741845 -0.424414456 -0.312092423 0.224708766
1403636876301666560.000000 -0.440186381 0.458249211 -0.136485443 -0.831209719 -0.400153726 -0.323935628 0.209840491
1403636876451666432.000000 -0.353196710 0.476465613 -0.138883054 -0.840784192 -0.386499316 -0.325997829 0.193456918
1403636876601666560.000000 -0.264499366 0.525807142 -0.137834027 -0.834682107 -0.388516754 -0.342675775 0.186906338
1403636878901666560.000000 -0.273145229 0.562689900 -0.142579794 -0.788450181 -0.470993459 -0.327722907 0.221605897
1403636879101666560.000000 -0.190912545 0.631513596 -0.134044573 -0.789599895 -0.468152732 -0.328073710 0.223008305
1403636880801666560.000000 -0.509552419 0.466009676 -0.050903194 -0.754771471 -0.514590025 -0.323342323 0.246914923
1403636881051666432.000000 -0.601819396 0.448526770 -0.045433786 -0.737267435 -0.529783189 -0.319986463 0.270878494
1403636881201666560.000000 -0.653089404 0.478128701 -0.043043077 -0.713509321 -0.549353778 -0.319062412 0.295489699
1403636881301666560.000000 -0.677392781 0.509390652 -0.040757608 -0.697210491 -0.565556169 -0.311829835 0.311136484
1403636883851666432.000000 -0.477290183 0.895581305 -0.318892062 -0.517392457 -0.623505592 -0.347544223 0.471973389
1403636886751666432.000000 -0.476279020 0.896626651 -0.323940277 -0.501136482 -0.620202720 -0.354128599 0.488675565
1403636889251666432.000000 -0.476420760 0.896712065 -0.324115694 -0.501301646 -0.619816720 -0.354159325 0.488973588
1403636891751666432.000000 -0.476434171 0.896728635 -0.324039400 -0.500818372 -0.619866192 -0.354765952 0.488966316
1403636894251666432.000000 -0.476574689 0.896911323 -0.324149787 -0.500715494 -0.619856417 -0.354899019 0.488987386
1403636896751666432.000000 -0.476044863 0.897129297 -0.324022979 -0.501550198 -0.620947003 -0.353158593 0.488007486
1403636899301666560.000000 -0.387503415 0.968261778 -0.062915742 -0.525188744 -0.624427080 -0.360342830 0.452129006
1403636901251666432.000000 0.018910002 1.340222836 0.088632084 -0.582967699 -0.581026912 -0.379464775 0.422567070
1403636903801666560.000000 1.092557669 2.019976854 0.070800491 -0.574728012 -0.594447315 -0.386848867 0.408250153
1403636905501666560.000000 1.820731401 2.538123369 0.293896914 -0.574101865 -0.591692448 -0.405335546 0.394981414
1403636906001666560.000000 1.951391339 2.710115194 0.310314834 -0.568310618 -0.602945507 -0.389787555 0.401927263
1403636908901666560.000000 2.542361975 4.332069874 0.362052619 -0.553648114 -0.617509365 -0.368354619 0.420084268
1403636909151666432.000000 2.602915764 4.512218952 0.412560582 -0.556672633 -0.615986049 -0.363057256 0.422925860
1403636909451666432.000000 2.684728384 4.749643803 0.436586469 -0.555620611 -0.614203334 -0.368231386 0.422428370
1403636911601666560.000000 3.076176167 6.235063553 0.253562629 -0.545679510 -0.613535106 -0.381643176 0.424449235
1403636913151666432.000000 3.397452831 7.104238033 0.119786471 -0.548654199 -0.600230396 -0.387087524 0.434586406
1403636913651666432.000000 3.591206789 7.342564106 0.082497314 -0.554041505 -0.603494465 -0.379684627 0.429734945
1403636914801666560.000000 4.071485519 7.815797806 0.112059765 -0.548509419 -0.604635656 -0.390873611 0.425171614
1403636917701666560.000000 4.918033123 8.767949104 0.009920720 -0.628028035 -0.517891467 -0.449583232 0.367755681
1403636920601666560.000000 5.170330048 8.960474968 0.288551122 -0.652584553 -0.482274920 -0.474536180 0.341115475
1403636923351666432.000000 5.428913116 8.429250717 0.116758570 -0.710036397 -0.406342447 -0.496140242 0.290824920
1403636925051666432.000000 5.804473877 8.715092659 0.024568610 -0.720328271 -0.373267144 -0.500306606 0.302477002
1403636926201666560.000000 6.356197357 9.110198021 -0.149539262 -0.720421612 -0.368202865 -0.522016168 0.270034492
1403636929051666432.000000 7.997429371 9.997217178 -0.411942124 -0.770189583 -0.270070463 -0.544195712 0.194218740
1403636931851666432.000000 9.205380440 10.006379128 -0.140509695 -0.772784233 -0.239692986 -0.564577520 0.163107619
1403636934651666432.000000 8.232869148 9.227180481 -0.169019699 -0.814259648 -0.009056012 -0.579436600 0.033949450
1403636937451666432.000000 7.564987183 8.182010651 -0.091214240 0.818188667 -0.017791299 0.574635804 0.006673169
1403636938951666432.000000 7.267298698 7.819857597 -0.307802975 0.816478312 -0.059223644 0.574178815 0.013208464
1403636939851666432.000000 6.886501312 7.375700474 -0.317808598 0.802706480 -0.040748537 0.594709039 0.017972201
1403636940151666432.000000 6.711651802 7.223021507 -0.344111323 0.807565153 -0.061031044 0.586252213 0.020542264
1403636941601666560.000000 5.844578266 6.344895363 -0.336548716 0.812562704 -0.063853174 0.577826023 0.042209227
1403636944551666432.000000 4.464815617 4.659492970 -0.478322029 0.820853770 -0.037077248 0.568779826 0.036247715
1403636947201666560.000000 3.888610601 4.516877174 -0.876210868 0.824250400 -0.063451692 0.562658966 0.000208134
1403636948201666560.000000 4.010086060 4.340294838 -0.956641376 0.832389355 -0.031798948 0.551741362 0.041211151
1403636948701666560.000000 4.228768826 4.378191948 -1.066219687 -0.821379900 -0.001178712 -0.566367686 -0.067537583
1403636950301666560.000000 4.803719044 4.970882893 -1.214036703 0.832230985 -0.026277265 0.553719878 0.009769307
1403636952951666432.000000 5.995879650 5.802268505 -1.371452093 0.821404874 -0.021109104 0.569826961 0.012069800
1403636953601666560.000000 6.279532433 6.004084587 -1.507760286 0.822278559 -0.018175863 0.568633854 0.013536597
1403636955751666432.000000 7.576483250 7.044857502 -1.527100325 0.815593541 -0.046655804 0.574947536 0.045449663
1403636956101666560.000000 7.779769897 7.286842823 -1.518907428 0.813753843 -0.069310255 0.576652348 0.021743897
1403636956351666432.000000 7.910644054 7.435220242 -1.497715116 0.814163148 -0.070629887 0.575667202 0.027518019
1403636957551666432.000000 8.308604240 7.964956760 -1.503393888 -0.806719720 -0.119025096 -0.572190166 0.087376617
1403636960301666560.000000 8.750711441 8.649479866 -1.679230094 -0.763824761 -0.296348214 -0.541395843 0.188785776
1403636962951666432.000000 8.204756737 9.452375412 -1.341915727 -0.530128419 -0.619068742 -0.401772887 0.417488277
1403636964201666560.000000 7.569259167 9.362728119 -1.188504577 -0.548959196 -0.596148849 -0.405801207 0.422582358
1403636964501666560.000000 7.402446747 9.284080505 -1.128622174 -0.543747246 -0.600536704 -0.408181548 0.420811564
1403636967451666432.000000 5.161162853 8.001646996 -0.699360669 -0.471302390 -0.654340088 -0.351780355 0.475356489
1403636968201666560.000000 4.814916134 7.435792446 -0.838536680 -0.472978920 -0.650382817 -0.352542460 0.478546709
1403636968501666560.000000 4.689244270 7.156530380 -0.906084836 -0.475145757 -0.652099907 -0.349812955 0.476059914
1403636968951666432.000000 4.513051510 6.694234848 -0.917567492 -0.471538752 -0.655155540 -0.356312037 0.470599771
1403636969301666560.000000 4.368564606 6.305212021 -0.866174877 -0.484452993 -0.660250604 -0.339353472 0.462832212
1403636969601666560.000000 4.246419430 5.984103203 -0.787941217 -0.489729732 -0.666877866 -0.335567027 0.450370550
1403636969901666560.000000 4.114800930 5.700035572 -0.757266700 -0.491044581 -0.665990591 -0.336220682 0.449763775
1403636972001666560.000000 3.227153301 4.657375336 -0.936373711 -0.480341345 -0.652609527 -0.334334403 0.481241673
1403636972751666432.000000 3.204194069 4.544190884 -0.904529512 -0.482141256 -0.659797430 -0.336131632 0.468212336
1403636973751666432.000000 3.242698669 4.461952209 -1.022567511 -0.514733136 -0.633565485 -0.365623623 0.447173417
1403636976651666432.000000 3.438761234 4.432505131 -1.241736412 -0.750375628 -0.321491718 -0.524192095 0.242491513
1403636978901666560.000000 4.322537899 4.267343998 -1.534369707 -0.777086854 -0.310613811 -0.508343220 0.203082263
1403636979351666432.000000 4.575390339 4.330325603 -1.625487447 -0.765808761 -0.308006406 -0.524647117 0.208361641
1403636980101666560.000000 5.005431652 4.585935116 -1.625702739 -0.766382337 -0.302772462 -0.529917717 0.200434893
1403636981601666560.000000 5.703781128 5.261500835 -1.805854559 -0.765796959 -0.290548056 -0.534002662 0.209709287
1403636981851666432.000000 5.801079750 5.349182129 -1.814679980 -0.772077799 -0.297233939 -0.528739750 0.189689815
1403636982201666560.000000 5.939531326 5.510566711 -1.789247990 -0.791387975 -0.293331683 -0.503481865 0.184844762
1403636983501666560.000000 6.797323704 6.300136089 -1.829102039 -0.764622092 -0.291362315 -0.539243877 0.199191406
1403636986101666560.000000 8.135519028 8.385449409 -1.822073102 -0.725899279 -0.312290549 -0.573470056 0.216048494
1403636988851666432.000000 7.486478329 9.649957657 -1.545994759 -0.735788703 -0.293910384 -0.550226748 0.263595074
1403636991151666432.000000 6.425376415 7.804453850 -1.347060323 -0.749190867 -0.325822502 -0.531456232 0.223846257
1403636993101666560.000000 5.519576073 6.575181007 -1.158254027 -0.760365248 -0.299982667 -0.538639128 0.204262361
1403636993551666432.000000 5.317951202 6.386250973 -1.090951324 -0.736177206 -0.342943817 -0.527157128 0.250076175
1403636994051666432.000000 5.086698055 6.165310860 -0.995950520 -0.713617563 -0.385639191 -0.515981078 0.275310695
1403636996801666560.000000 3.489410162 4.170878887 -0.650973916 -0.693091273 -0.441682011 -0.480900317 0.305412054
1403636998301666560.000000 2.959125519 3.460423708 -0.471522421 -0.653599381 -0.508168280 -0.441952258 0.345327556
1403636999301666560.000000 2.725205660 3.331239939 -0.179950893 -0.638949513 -0.502357721 -0.470785618 0.343134314
1403636999801666560.000000 2.539218903 3.237530947 -0.177453727 -0.641713560 -0.492163748 -0.469489217 0.354342192
1403637000301666560.000000 2.317054987 3.090105057 -0.177680776 -0.642509341 -0.497660100 -0.468723446 0.346142560
1403637001651666432.000000 1.559458852 2.521395445 -0.057437740 -0.652597666 -0.489818573 -0.460668296 0.349254757
1403637002151666432.000000 1.285951376 2.268073320 -0.050404843 -0.654790938 -0.490139306 -0.460365742 0.345073581
1403637002651666432.000000 1.025969028 2.033012629 -0.067664027 -0.651320040 -0.494423658 -0.465486139 0.338600367
1403637003151666432.000000 0.752877831 1.817256451 -0.050760299 -0.656301200 -0.487894058 -0.464578360 0.339698583
1403637003501666560.000000 0.564010859 1.676675916 -0.077214062 -0.656663418 -0.481340438 -0.468230277 0.343314648
1403637003801666560.000000 0.405197442 1.554078937 -0.047895357 -0.659037471 -0.479905516 -0.465766311 0.344125271
1403637004101666560.000000 0.253544182 1.429542899 -0.054574236 -0.659659982 -0.489503056 -0.460576504 0.336310506
1403637004351666432.000000 0.130674094 1.338764548 -0.073600233 -0.659748793 -0.491664350 -0.457441390 0.337261260
1403637004751666432.000000 -0.053161986 1.214353800 0.003403362 -0.664732277 -0.471439600 -0.458185732 0.354882628
1403637005251666432.000000 -0.210894689 1.047315955 -0.039247058 -0.668752551 -0.476618201 -0.461203009 0.336001307
1403637005701666560.000000 -0.311286807 0.927077532 -0.119953662 -0.667400122 -0.482558668 -0.455719471 0.337689310
1403637006201666560.000000 -0.405376136 0.838367105 -0.084370732 -0.662263989 -0.481977791 -0.460641026 0.341926545
1403637006701666560.000000 -0.465488583 0.787971139 -0.091497809 -0.662069619 -0.488472700 -0.446261346 0.352007329
1403637007051666432.000000 -0.474901199 0.780425549 -0.120661333 -0.620408893 -0.534499526 -0.430109501 0.380011559
1403637007551666432.000000 -0.478311777 0.755264938 -0.169857025 -0.584907830 -0.564135969 -0.427394539 0.396191239
1403637007851666432.000000 -0.499082744 0.725695789 -0.209277943 -0.597096384 -0.571179748 -0.413370341 0.382563144
1403637008151666432.000000 -0.527197063 0.709640741 -0.234620273 -0.601758063 -0.560192049 -0.415924788 0.388688505
1403637008351666432.000000 -0.544150591 0.701028168 -0.243773550 -0.610599577 -0.567951441 -0.408668965 0.370930076
1403637008851666432.000000 -0.589461029 0.727620780 -0.239910543 -0.621050119 -0.538569868 -0.403462470 0.401817620
1403637009251666432.000000 -0.559780836 0.752227545 -0.291859686 -0.609656513 -0.552396894 -0.424986571 0.377575159
1403637009651666432.000000 -0.523102283 0.764888644 -0.323708594 -0.576672554 -0.534553170 -0.424811542 0.448594242
1403637009851666432.000000 -0.519589901 0.762953103 -0.329811603 -0.590805948 -0.528507769 -0.420662016 0.441215873
1403637010351666432.000000 -0.520302892 0.757912338 -0.329119354 -0.590355217 -0.528874457 -0.421030223 0.441028386
