1403638538777829376.000000 11.451519012 1.175981522 -15.222990036 -0.582405269 -0.603296697 -0.376699060 0.393617839
1403638539027829504.000000 11.449598312 1.186178207 -15.221881866 -0.577112138 -0.597678781 -0.384819984 0.402038962
1403638539277829376.000000 11.446736336 1.205365658 -15.195637703 -0.569416523 -0.587863028 -0.396212906 0.416169822
1403638540027829504.000000 11.436920166 1.284659624 -15.039997101 -0.575361609 -0.603706419 -0.377666235 0.402325660
1403638542577829376.000000 10.453795433 2.319561005 -14.749601364 -0.294172376 -0.756179631 -0.249497235 0.528588891
1403638542977829376.000000 10.142959595 2.370193481 -14.677693367 -0.298621237 -0.765327156 -0.219475105 0.526241660
1403638543427829504.000000 9.774864197 2.369561195 -14.581636429 -0.307448357 -0.765125871 -0.211951450 0.524532557
1403638543827829504.000000 9.426744461 2.361763716 -14.554802895 -0.242707059 -0.789233088 -0.182407036 0.533790231
1403638544577829376.000000 8.703188896 2.338258982 -14.425195694 -0.185739234 -0.802887678 -0.125028893 0.552485406
1403638545427829504.000000 7.892380238 2.353476286 -14.394937515 -0.177349538 -0.800269306 -0.121358842 0.559810877
1403638546227829504.000000 7.167381287 2.345085859 -14.365344048 -0.051386926 -0.823799074 -0.044471338 0.562793791
1403638546527829504.000000 6.889758110 2.331359625 -14.371236801 -0.042394586 -0.825044096 -0.028757028 0.562741518
1403638546677829376.000000 6.748405933 2.321528196 -14.374073029 -0.032333519 -0.825408220 -0.023931600 0.563101351
1403638547027829504.000000 6.402884483 2.288840771 -14.320542336 -0.011971595 -0.826667726 -0.022093283 0.562129021
1403638548127829504.000000 5.218467712 1.982672453 -14.428505898 -0.009839421 -0.828039527 -0.016553471 0.560338914
1403638548727829504.000000 4.481459141 1.702364445 -14.355201721 0.055586100 -0.827098310 0.033775974 0.558281124
1403638549177829376.000000 3.908926010 1.477476954 -14.253418922 0.062418573 -0.826066673 0.041322067 0.558578789
1403638549377829376.000000 3.648230076 1.375576377 -14.172732353 0.058441173 -0.825457871 0.044760179 0.559643209
1403638549777829376.000000 3.121017694 1.177980542 -14.042040825 0.054003760 -0.822954893 0.045663834 0.563687682
1403638549977829376.000000 2.851653576 1.086418867 -13.968060493 0.052619167 -0.824754298 0.046320450 0.561129332
1403638550177829376.000000 2.571119308 0.999144375 -13.862347603 0.051899228 -0.825271666 0.048132762 0.560282350
1403638550977829376.000000 1.449482679 0.731973767 -13.441639900 0.045713637 -0.807310522 0.058474090 0.585440814
1403638551177829376.000000 1.197570920 0.697878301 -13.374820709 0.042657677 -0.802255988 0.063288249 0.592081308
1403638551427829504.000000 0.925362110 0.690208256 -13.274909019 0.026549129 -0.808763862 0.060086276 0.584453404
1403638553977829376.000000 -0.047132887 2.567358255 -12.712692261 -0.058368620 -0.793638945 -0.039594397 0.604286909
1403638554477829376.000000 0.305777669 2.978076935 -12.615329742 -0.055923592 -0.817578316 -0.042237502 0.571536839
1403638557227829504.000000 1.899550557 5.292567253 -12.271801949 -0.118790582 -0.812990785 -0.046478458 0.568132639
1403638559527829504.000000 1.832334042 7.937922955 -11.951469421 -0.100956783 -0.817527890 -0.074271910 0.562085032
1403638561877829376.000000 1.443878770 9.936249733 -12.343710899 -0.376173347 -0.719859898 -0.264230371 0.520074785
1403638563377829376.000000 2.217814207 10.444768906 -12.431735039 -0.564957798 -0.568481624 -0.385100514 0.457546592
1403638564177829376.000000 3.019635916 10.342413902 -12.484558105 -0.562990725 -0.570434809 -0.377925366 0.463484734
1403638564427829504.000000 3.345889568 10.240953445 -12.478830338 -0.550540447 -0.576010704 -0.383452058 0.466991961
1403638564877829376.000000 4.015316963 9.964430809 -12.446501732 -0.557040095 -0.574563980 -0.369266599 0.472466677
1403638565077829376.000000 4.348615646 9.812801361 -12.505359650 -0.558666885 -0.572888672 -0.367017210 0.474329323
1403638566927829504.000000 7.778117180 7.919076920 -13.560211182 -0.566403985 -0.622691631 -0.357821673 0.404234350
1403638567577829376.000000 8.754713058 7.364655018 -14.143142700 -0.546678841 -0.606002331 -0.389658272 0.426696509
1403638569777829376.000000 10.417923927 6.363026619 -14.847185135 -0.551978707 -0.615499675 -0.394702762 0.400860965
1403638572627829504.000000 11.888114929 5.622040272 -15.330883026 -0.772925794 -0.307712018 -0.506107450 0.227495670
1403638573227829504.000000 12.642320633 5.365620136 -15.274881363 -0.776464939 -0.316765517 -0.504103065 0.206499100
1403638573477829376.000000 12.974904060 5.316831589 -15.252552032 -0.776458561 -0.319066137 -0.503729463 0.203876033
1403638573727829504.000000 13.319640160 5.309423923 -15.191265106 -0.777770758 -0.316647559 -0.506253481 0.196251169
1403638573977829376.000000 13.669466019 5.338939667 -15.122563362 -0.775375009 -0.281107396 -0.534865081 0.183552578
1403638574177829376.000000 13.940560341 5.372040749 -15.095107079 -0.782478571 -0.218961880 -0.552307189 0.186386302
1403638574627829504.000000 14.515126228 5.368289948 -15.080491066 -0.804255247 -0.123077780 -0.567721963 0.125367761
1403638574877829376.000000 14.816105843 5.329066277 -15.039471626 -0.811660767 -0.116778404 -0.564615488 0.093695953
1403638575227829504.000000 15.226003647 5.270522594 -15.014431953 -0.819242716 -0.106901459 -0.553402483 0.105636269
1403638575577829376.000000 15.653284073 5.188330173 -15.040839195 -0.825095356 -0.119781069 -0.542305112 0.103803784
1403638575827829504.000000 15.985233307 5.123284340 -15.034817696 -0.827896178 -0.137855753 -0.536357224 0.088907667
1403638576327829504.000000 16.716016769 5.060724735 -14.890042305 -0.823126733 -0.144468442 -0.542722583 0.083925724
1403638576577829376.000000 17.105997086 5.070253372 -14.837010384 -0.822577178 -0.154661477 -0.543020189 0.067644209
1403638576827829504.000000 17.501653671 5.126973629 -14.810726166 -0.814705968 -0.156526849 -0.554508448 0.065376319
1403638577077829376.000000 17.884885788 5.227814674 -14.811391830 -0.810165048 -0.143831998 -0.562202156 0.082907818
1403638577327829504.000000 18.250684738 5.349696636 -14.785517693 -0.809646130 -0.143135682 -0.563046098 0.083453946
1403638578077829376.000000 19.261064529 5.856668949 -14.691543579 -0.810243607 -0.147623748 -0.561012864 0.083529487
1403638578327829504.000000 19.571319580 6.066055775 -14.650072098 -0.811307311 -0.134357929 -0.559195280 0.105019242
1403638578577829376.000000 19.875104904 6.264338493 -14.620358467 -0.811346054 -0.132623941 -0.559497774 0.105312541
1403638578827829504.000000 20.169160843 6.447481632 -14.612128258 -0.809767842 -0.140471876 -0.562049448 0.092974506
1403638579077829376.000000 20.452823639 6.634044647 -14.605891228 -0.807512224 -0.145934507 -0.564810514 0.087271057
1403638581727829504.000000 22.119029999 8.159737587 -14.627906799 -0.687730491 -0.433562011 -0.496346205 0.304452449
1403638584227829504.000000 21.861312866 8.664772034 -13.899662018 -0.677630961 -0.426656932 -0.516254365 0.303746074
1403638587027829504.000000 19.823535919 8.536540031 -13.699332237 -0.689933479 -0.427228630 -0.501246214 0.300366014
1403638589677829376.000000 17.411891937 8.258881569 -13.959813118 -0.694192648 -0.423949063 -0.497081101 0.302116305
1403638591577829376.000000 15.784862518 7.868628979 -14.029874802 -0.725621223 -0.432307214 -0.455797225 0.280772775
1403638592177829376.000000 15.530220032 8.017120361 -14.066726685 -0.714308083 -0.426116139 -0.469700068 0.295923978
1403638593327829504.000000 15.479217529 8.519981384 -13.616509438 -0.667034388 -0.490799844 -0.449962318 0.334237337
1403638593577829376.000000 15.516643524 8.664472580 -13.510644913 -0.654566109 -0.489139140 -0.471132725 0.332144886
1403638593827829504.000000 15.535211563 8.807008743 -13.441530228 -0.649344325 -0.481952161 -0.480242521 0.339766532
1403638595127829504.000000 15.346845627 9.118860245 -12.978114128 -0.644000888 -0.496673703 -0.458540320 0.358216196
1403638596077829376.000000 15.119499207 9.073456764 -12.968719482 -0.638277292 -0.506215155 -0.468174547 0.342287838
1403638597327829504.000000 13.779234886 9.072187424 -12.771827698 -0.602070510 -0.531709194 -0.514090717 0.300844252
1403638597527829504.000000 13.339883804 9.091460228 -12.754861832 -0.608985305 -0.517083168 -0.508231401 0.321656346
1403638597927829504.000000 12.354787827 9.095667839 -12.777213097 -0.599861801 -0.526614308 -0.508515060 0.322886348
1403638598127829504.000000 11.807353020 9.080931664 -12.796552658 -0.598687887 -0.529516518 -0.497277230 0.337491333
1403638598327829504.000000 11.229101181 9.048724174 -12.798625946 -0.613781035 -0.521162152 -0.470549107 0.360896587
1403638598527829504.000000 10.651703835 9.006202698 -12.814953804 -0.618761122 -0.521762908 -0.459761441 0.365400761
1403638598727829504.000000 10.082622528 8.956206322 -12.855630875 -0.610407889 -0.535580754 -0.450320095 0.371170223
1403638598927829504.000000 9.523098946 8.901196480 -12.885524750 -0.591414690 -0.556610286 -0.438373893 0.385021985
1403638599127829504.000000 8.971699715 8.840623856 -12.894745827 -0.567850888 -0.580750585 -0.422431588 0.402275681
1403638599327829504.000000 8.425421715 8.770446777 -12.879961967 -0.542761445 -0.607143819 -0.403180301 0.417411238
1403638599527829504.000000 7.887230396 8.693609238 -12.842623711 -0.525438070 -0.628845096 -0.386712819 0.422991604
1403638599927829504.000000 6.840903759 8.548735619 -12.828850746 -0.525688767 -0.635139346 -0.372801721 0.425756037
1403638600527829504.000000 5.403112411 8.430636406 -12.921941757 -0.567297339 -0.609970033 -0.330371022 0.443807811
1403638600727829504.000000 5.017852783 8.439575195 -12.916695595 -0.571368992 -0.611251950 -0.326449662 0.439703554
1403638600927829504.000000 4.684345245 8.480590820 -12.887559891 -0.564108253 -0.626998544 -0.334773302 0.420216292
1403638601127829504.000000 4.380186558 8.555509567 -12.869677544 -0.550918341 -0.637820125 -0.350919306 0.408081055
1403638601527829504.000000 3.776496410 8.783249855 -12.860002518 -0.518723726 -0.640157938 -0.364110112 0.434220552
1403638601727829504.000000 3.469264507 8.907845497 -12.828542709 -0.484411955 -0.661718309 -0.349719256 0.452957392
1403638601927829504.000000 3.158186913 9.022565842 -12.771331787 -0.436796963 -0.690902472 -0.329863071 0.472284555
1403638602727829504.000000 1.936549902 9.287178040 -12.572310448 -0.302517414 -0.697094262 -0.241816938 0.603379965
1403638604727829504.000000 1.730754495 8.016569138 -12.363007545 -0.204115212 -0.784920573 -0.150736049 0.565256894
1403638604977829376.000000 1.831803799 7.740367889 -12.363918304 -0.211119205 -0.792273283 -0.141776308 0.554645121
1403638605527829504.000000 2.011640787 7.201502323 -12.286584854 -0.192263469 -0.798266411 -0.167076051 0.545794010
1403638606177829376.000000 2.058925390 6.462634087 -12.213138580 -0.175205022 -0.797750890 -0.193936706 0.543401599
1403638606677829376.000000 1.957916617 5.708497047 -12.260263443 -0.206439540 -0.813199282 -0.146343321 0.524092913
1403638606927829504.000000 1.844278693 5.342949867 -12.328291893 -0.178740188 -0.826772034 -0.119235896 0.519887447
1403638607177829376.000000 1.675309896 5.013800144 -12.358253479 -0.142575324 -0.828808427 -0.083663642 0.534555197
1403638607677829376.000000 1.279773355 4.464531898 -12.451081276 -0.119063720 -0.812178612 -0.064299852 0.567499220
1403638608227829504.000000 0.881330729 4.002815247 -12.693242073 -0.123398773 -0.806401193 -0.072336264 0.573809624
1403638608727829504.000000 0.594217420 3.670141697 -13.020681381 -0.121000558 -0.794621468 -0.079089209 0.589644492
1403638608977829376.000000 0.504741549 3.514924049 -13.160536766 -0.124460913 -0.803046763 -0.073252127 0.578151882
1403638609227829504.000000 0.440351307 3.375854969 -13.258435249 -0.129584178 -0.802734137 -0.065572888 0.578382313
1403638609477829376.000000 0.399382144 3.261359453 -13.374427795 -0.129573956 -0.803058803 -0.066595472 0.577816784
1403638609727829504.000000 0.378341675 3.169600248 -13.528802872 -0.125404686 -0.804703951 -0.073352315 0.575625479
1403638610227829504.000000 0.377184451 3.033813715 -13.765094757 -0.125468448 -0.796441615 -0.073546022 0.586966395
1403638610627829504.000000 0.449117452 2.962234259 -13.973135948 -0.122874193 -0.783626974 -0.078147985 0.603923619
1403638610927829504.000000 0.578815579 2.915713787 -14.125017166 -0.125252545 -0.795928419 -0.070337497 0.588100612
1403638611327829504.000000 0.819964051 2.882733345 -14.296311378 -0.121500626 -0.792588592 -0.071264558 0.593264043
1403638611827829504.000000 1.226942658 2.826627731 -14.441583633 -0.116876952 -0.802277207 -0.083150901 0.579462647
1403638612177829376.000000 1.529762745 2.765093565 -14.554727554 -0.127868131 -0.805329382 -0.071355626 0.574458659
1403638612527829504.000000 1.828623056 2.732402325 -14.608892441 -0.126318887 -0.803034067 -0.077979051 0.577147484
1403638612927829504.000000 2.180638313 2.700829744 -14.730147362 -0.124044135 -0.798792183 -0.093324646 0.581235409
1403638613227829504.000000 2.453566551 2.652575493 -14.783771515 -0.129522070 -0.801788688 -0.089278281 0.576531231
1403638613727829504.000000 2.907722950 2.549918175 -14.818036079 -0.141637713 -0.792549253 -0.090979047 0.586112142
1403638613977829376.000000 3.154174566 2.494124651 -14.885781288 -0.163693756 -0.784951329 -0.105726205 0.588113785
1403638614227829504.000000 3.428089142 2.438328028 -14.971867561 -0.202863842 -0.782098234 -0.136345610 0.573217630
1403638614477829376.000000 3.712814331 2.377442360 -15.025517464 -0.232155979 -0.778098404 -0.150555059 0.563914478
1403638614727829504.000000 4.002760887 2.321104050 -15.029288292 -0.262935370 -0.770461679 -0.156097531 0.559363484
1403638614977829376.000000 4.305846691 2.286408663 -14.983687401 -0.314041913 -0.761060536 -0.170346305 0.541430235
1403638615227829504.000000 4.622229099 2.290387392 -14.906062126 -0.361921191 -0.736130178 -0.226039693 0.525386989
1403638615477829376.000000 4.943284035 2.312393665 -14.828604698 -0.415067971 -0.701280653 -0.280474842 0.507205963
1403638615727829504.000000 5.255547047 2.331412077 -14.780237198 -0.456034094 -0.674502075 -0.311312318 0.490065783
1403638615977829376.000000 5.560678482 2.340457916 -14.711153984 -0.480696172 -0.658032179 -0.324074119 0.480521441
1403638616227829504.000000 5.868828297 2.341815710 -14.679944992 -0.508927941 -0.637146831 -0.342831701 0.466371983
1403638616477829376.000000 6.180827618 2.337685823 -14.738547325 -0.545553327 -0.608100414 -0.364787847 0.446671516
1403638616727829504.000000 6.490894794 2.330530882 -14.831630707 -0.573313713 -0.598531604 -0.364812195 0.424244493
1403638617427829504.000000 7.375105381 2.473493338 -14.977242470 -0.570298553 -0.614076257 -0.365593910 0.404982865
1403638618077829376.000000 8.096573830 2.842948437 -14.792578697 -0.556588888 -0.622574508 -0.367853671 0.409015447
1403638618327829504.000000 8.330809593 3.036584139 -14.726920128 -0.554430425 -0.623930216 -0.366948903 0.410690188
1403638618627829504.000000 8.584951401 3.293669701 -14.676041603 -0.553211570 -0.623497069 -0.369425178 0.410771877
1403638619527829504.000000 9.170027733 4.164981842 -14.594283104 -0.630881965 -0.519482374 -0.443145186 0.368440598
1403638622177829376.000000 10.828903198 5.470899582 -14.912755013 -0.628085017 -0.500276029 -0.464789331 0.373100489
1403638624477829376.000000 11.215202332 4.109773636 -14.837676048 -0.647075355 -0.492573410 -0.455462337 0.362241626
1403638624827829504.000000 11.236517906 3.759847641 -14.874569893 -0.636256576 -0.497584134 -0.462429166 0.365714252
1403638625127829504.000000 11.246653557 3.431935787 -14.866321564 -0.635909855 -0.507089972 -0.445771694 0.373853117
1403638625377829376.000000 11.258448601 3.158408642 -14.876412392 -0.634766877 -0.510012329 -0.441226214 0.377197325
1403638625627829504.000000 11.279198647 2.887387991 -14.864153862 -0.634331703 -0.511699736 -0.440899909 0.376023799
1403638625877829376.000000 11.307672501 2.622452736 -14.832350731 -0.640692830 -0.516404331 -0.432503104 0.368483871
1403638626177829376.000000 11.354371071 2.325042963 -14.830749512 -0.643810034 -0.516496599 -0.429968417 0.365878731
1403638626527829504.000000 11.420402527 2.007535219 -14.875492096 -0.634280205 -0.520429671 -0.443866432 0.360311240
1403638627027829504.000000 11.489653587 1.623846531 -14.914151192 -0.642500103 -0.527265072 -0.430100083 0.352418989
1403638627377829376.000000 11.530196190 1.432591796 -14.931738853 -0.639481187 -0.529057503 -0.432623506 0.352134794
1403638627677829376.000000 11.559116364 1.314253330 -14.970808029 -0.635901451 -0.527258515 -0.438646555 0.353860050
1403638627977829376.000000 11.574322701 1.225546956 -15.017148972 -0.634947419 -0.527408361 -0.441192955 0.352180392
1403638628277829376.000000 11.570512772 1.159562230 -15.054492950 -0.637253344 -0.527979374 -0.440477729 0.348030627
1403638628577829376.000000 11.548759460 1.126263142 -15.068540573 -0.640161872 -0.513175189 -0.437411457 0.368123889
1403638628877829376.000000 11.534502029 1.098612189 -15.080743790 -0.639033675 -0.511080682 -0.439894527 0.370034337
1403638629177829376.000000 11.532774925 1.070097566 -15.107806206 -0.634578764 -0.518838346 -0.446227998 0.359161854
1403638629477829376.000000 11.518747330 1.047360778 -15.114365578 -0.640531600 -0.524166286 -0.438545614 0.350209802
1403638629977829376.000000 11.496394157 1.064638257 -15.119353294 -0.638449848 -0.504102886 -0.444239974 0.375383914
1403638630327829504.000000 11.503023148 1.064142823 -15.216932297 -0.635609150 -0.517220020 -0.449177980 0.355982751
1403638630777829376.000000 11.493974686 1.095600843 -15.233428001 -0.643623173 -0.539260983 -0.424937844 0.338193327
1403638631277829376.000000 11.489573479 1.063681483 -15.241672516 -0.643534124 -0.537592590 -0.423480034 0.342815876
