1403715278412143104.000000 1.473830223 0.587033510 -0.582631111 -0.612832069 -0.559451699 -0.413262516 0.375053167
1403715279162142976.000000 1.460908413 0.685828745 -0.446027517 -0.604136348 -0.542590380 -0.429504454 0.395146608
1403715282112143104.000000 1.421150088 1.119510174 -0.269234627 -0.766108871 -0.305801302 -0.524964809 0.209701538
1403715284762142976.000000 1.574583173 1.811119795 -0.560249865 -0.820150495 -0.001075843 -0.572122395 0.005294678
1403715285412143104.000000 1.646187186 1.855687737 -0.542134523 0.815654576 -0.096330076 0.569366157 0.035360090
1403715287912143104.000000 2.147626162 1.484183788 -0.008169688 0.784361422 -0.223656967 0.562839687 0.134038612
1403715289662142976.000000 2.201076269 1.209613800 -0.151584476 0.737151980 -0.371577382 0.501268268 0.259359628
1403715291762142976.000000 2.745347023 0.754734755 -0.202762917 0.702819645 -0.435264230 0.502424717 0.253296554
1403715292262142976.000000 2.785464525 0.521276355 -0.266139120 0.718189597 -0.415091723 0.486737847 0.273840874
1403715294712143104.000000 3.276313066 -0.234760687 -0.079923801 -0.815495312 -0.074200228 -0.571406603 0.054370463
1403715295512143104.000000 3.274740934 -0.382405072 -0.205117673 -0.782999575 -0.227573678 -0.554978907 0.164682016
1403715298362142976.000000 3.847934723 -0.686368763 -0.484190345 -0.553911030 -0.584053695 -0.437455863 0.400869489
1403715301312143104.000000 3.741945505 -0.195266426 -0.354346365 -0.353663355 -0.711035967 -0.298368812 0.529458404
1403715303912143104.000000 3.585781813 -0.960884213 -0.500973165 -0.210730612 -0.784725428 -0.142704830 0.565184951
1403715306712143104.000000 3.530610323 -1.137994885 -0.194721431 -0.253713429 -0.757142723 -0.149160087 0.583194375
1403715309462142976.000000 4.186882973 -1.075927138 -0.394295692 -0.550136566 -0.597132862 -0.378245920 0.444648325
1403715310962142976.000000 4.684553623 -0.989674032 -0.318480402 -0.592490613 -0.569465578 -0.412736177 0.392826498
1403715313112143104.000000 5.508188725 -0.616627097 -0.235802531 -0.580945253 -0.552076340 -0.453162938 0.390330344
1403715315312143104.000000 5.304387569 -0.602758229 -0.022235123 -0.676531672 -0.461545318 -0.476918489 0.319107652
1403715317862142976.000000 4.814141750 -0.258368105 -0.296667635 -0.820763767 -0.025813421 -0.568644106 0.048211385
1403715320762142976.000000 5.637320995 -0.234703779 -0.226234987 0.699975967 -0.405730814 0.532769382 0.248138905
1403715321262142976.000000 5.735333920 -0.148949832 -0.161918521 0.684524059 -0.454228550 0.505377769 0.264000982
1403715321762142976.000000 5.648522854 -0.170373455 -0.118822947 0.685461581 -0.445204109 0.508735657 0.270414174
1403715324362142976.000000 4.855326176 -1.094509125 -0.042098105 0.623092592 -0.489817560 0.494164377 0.357261777
1403715327312143104.000000 4.318098068 -0.760188460 -0.060610533 0.632680178 -0.527106047 0.461165071 0.330457002
1403715327812143104.000000 4.067023754 -0.728992701 -0.094046921 0.660172522 -0.497513443 0.461274266 0.322302043
1403715328712143104.000000 3.637256622 -0.762137771 -0.144277677 0.689286292 -0.437653601 0.478524566 0.323044896
1403715331562142976.000000 3.419723272 -0.662626684 -0.133445308 0.801442564 -0.175859839 0.561083734 0.109307915
1403715334112143104.000000 3.146701813 -1.620390534 0.007424168 0.816051483 -0.111410283 0.564214230 0.057533748
1403715336912143104.000000 3.277019739 -2.801560640 -0.021624248 0.819469094 -0.007347243 0.573074937 0.001255085
1403715337412143104.000000 3.377240419 -2.927653551 0.020798756 -0.826525211 -0.023785826 -0.561571062 0.030466992
1403715339362142976.000000 4.044244289 -3.512102842 0.132589862 -0.809061766 -0.145075649 -0.560445547 0.101355813
1403715339812143104.000000 4.211295128 -3.638898611 0.097022600 -0.809331834 -0.142873123 -0.563827872 0.081654124
1403715340312143104.000000 4.362377167 -3.651520729 0.068194956 -0.795590281 -0.198974788 -0.561402619 0.110780485
1403715340662142976.000000 4.431436062 -3.563940048 0.112911738 -0.785397172 -0.253489107 -0.535627007 0.178881064
1403715342512143104.000000 4.928448677 -3.148785830 0.238400131 -0.788728118 -0.261034071 -0.525443494 0.183516845
1403715343112143104.000000 5.065676689 -2.917583704 0.240190431 -0.752098739 -0.328267008 -0.524455845 0.227011502
1403715345762142976.000000 4.744196892 -1.483039260 0.073285714 -0.710904419 -0.392494977 -0.512320399 0.279446572
1403715346962142976.000000 4.060507774 -0.919677913 0.039279744 -0.734635770 -0.361596584 -0.503737092 0.275331140
1403715349912143104.000000 3.733909130 -0.271038771 -0.257411242 -0.547383070 -0.602125406 -0.379470080 0.440248996
1403715351512143104.000000 3.865286827 -0.041039445 -0.459942937 -0.506099701 -0.647686124 -0.365439147 0.436829656
1403715354412143104.000000 2.968893766 0.501722336 -0.418780208 -0.432664096 -0.699838698 -0.281874597 0.493532479
1403715357162142976.000000 2.596080542 0.947078824 -0.115241505 -0.265737057 -0.780822277 -0.164752081 0.540885508
1403715357612143104.000000 2.441370010 1.080646038 -0.046273194 -0.210421681 -0.797130644 -0.155870393 0.544067919
1403715358062142976.000000 2.258175135 1.179543495 -0.019849736 -0.192805007 -0.802574873 -0.173239455 0.537296951
1403715359462142976.000000 1.371315479 1.135207653 -0.102799907 -0.146235794 -0.794923306 -0.119067401 0.576658607
1403715359912143104.000000 1.194746494 1.028862834 -0.105543643 -0.156932697 -0.796045125 -0.116112687 0.572889328
1403715360162142976.000000 1.120712280 0.949273765 -0.096027650 -0.160317555 -0.801128447 -0.110214293 0.565989614
1403715360612143104.000000 1.017552853 0.827403128 -0.076194346 -0.216724366 -0.788702011 -0.106886119 0.565292001
1403715363112143104.000000 0.446090907 0.921885252 -0.103088558 -0.661258876 -0.474530011 -0.426881254 0.394119710
1403715363612143104.000000 0.404712766 0.956094801 -0.068508066 -0.706837714 -0.412103444 -0.469183207 0.332292736
1403715364112143104.000000 0.507003844 0.920405507 -0.018847680 -0.746302307 -0.320667893 -0.527153194 0.249628738
1403715366762142976.000000 0.812224627 0.156730652 0.263967335 -0.817531466 -0.097258240 -0.562360585 0.077031642
1403715369512143104.000000 1.814269423 -1.289565444 0.328415722 -0.801380336 -0.208033592 -0.542150974 0.143471196
1403715371362142976.000000 2.740934134 -1.765287399 0.286873996 -0.797054589 -0.276067138 -0.508620262 0.172616348
1403715374112143104.000000 4.698622704 -1.648259282 0.341890961 -0.706488490 -0.410014451 -0.502608776 0.283101976
1403715376762142976.000000 5.066650867 -0.612309933 0.239949808 -0.661511183 -0.473293662 -0.481676430 0.326165587
1403715377712143104.000000 4.712856770 -0.434198469 0.153482765 -0.647831619 -0.487141281 -0.474251926 0.343646228
1403715380262142976.000000 3.445673704 -0.194100067 0.156477213 -0.652942479 -0.489136994 -0.467875421 0.339858353
1403715383112143104.000000 1.633977413 0.621688068 0.166873500 -0.768298209 -0.318684220 -0.509281278 0.220886260
1403715385912143104.000000 1.695759177 1.417362690 0.153510332 0.816681385 -0.040794525 0.575406373 -0.016580233
1403715388812143104.000000 1.974268794 -0.182348266 0.035599470 -0.820069075 0.001254002 -0.572147608 0.011505576
1403715390162142976.000000 2.291038036 -1.070815802 0.062541626 -0.826423585 -0.082719281 -0.553902626 0.058081459
1403715392962142976.000000 4.297381878 -1.368077517 0.211443946 -0.708294272 -0.408945590 -0.502420127 0.280458301
1403715394162142976.000000 4.802958012 -1.260323167 0.222357661 -0.518049300 -0.636179864 -0.363481522 0.441340506
1403715394662142976.000000 4.816895008 -1.233710170 0.206381992 -0.393947452 -0.709428847 -0.296923697 0.503341258
1403715396512143104.000000 4.433169842 -1.462720275 0.039467938 -0.099169992 -0.813914239 -0.071427397 0.567985117
1403715398912143104.000000 3.488456488 -1.088788271 -0.225823432 -0.059458319 -0.796252489 -0.080830485 0.596584678
1403715399412143104.000000 3.497031927 -1.135773420 -0.243966937 -0.059524216 -0.804024458 -0.067241959 0.587775648
1403715399912143104.000000 3.578072786 -1.317887306 -0.248820007 -0.073580250 -0.830976665 -0.057982869 0.548362672
1403715400762142976.000000 3.453499794 -1.763123393 -0.197650984 -0.218012229 -0.806090117 -0.154131100 0.528141141
1403715401062142976.000000 3.321946144 -1.939446926 -0.203724027 -0.298071325 -0.785614312 -0.173058882 0.513823271
1403715403012143104.000000 2.139368296 -2.257616520 -0.101569086 -0.388374299 -0.721221447 -0.258559942 0.512007594
1403715403312143104.000000 1.993774414 -2.322137833 -0.093997322 -0.405059040 -0.731849968 -0.242768973 0.491310656
1403715403662142976.000000 1.834165692 -2.316038132 -0.072969526 -0.424120039 -0.717798829 -0.269842684 0.481738538
1403715404012143104.000000 1.678526640 -2.232637644 -0.061022751 -0.487974256 -0.681994975 -0.297655553 0.456251293
1403715404312143104.000000 1.553485394 -2.099692822 -0.039857935 -0.511686206 -0.649473310 -0.356997132 0.434643328
1403715405162142976.000000 1.079198241 -1.713070869 -0.071171537 -0.570743501 -0.579361498 -0.387511373 0.434081852
1403715405662142976.000000 0.886156440 -1.554157257 -0.114571348 -0.665472090 -0.488608450 -0.441650003 0.351217777
1403715405912143104.000000 0.822677910 -1.476374388 -0.134640440 -0.702075303 -0.446167856 -0.465524256 0.302178413
1403715406162142976.000000 0.770307600 -1.382720590 -0.160747945 -0.728155255 -0.383464605 -0.498590469 0.272309542
1403715406662142976.000000 0.695235372 -1.192538023 -0.253544301 -0.785058439 -0.264776468 -0.519371927 0.209354714
1403715406912143104.000000 0.694078803 -1.110513449 -0.303043544 -0.798129499 -0.214350373 -0.536834598 0.169858307
1403715407212143104.000000 0.719417393 -1.024561763 -0.351207614 -0.817006171 -0.157416031 -0.540316284 0.125615925
1403715407512143104.000000 0.785754859 -0.938760877 -0.380824894 -0.829114139 -0.137655124 -0.532507241 0.100283854
1403715410262142976.000000 1.613744855 -0.084680840 -0.062465943 -0.770694911 -0.295188874 -0.526663125 0.203761801
1403715410762142976.000000 1.695970297 0.032961827 -0.080147207 -0.759276628 -0.300845295 -0.541572273 0.199225187
1403715411112143104.000000 1.717272043 0.124717645 -0.101010926 -0.753404975 -0.304854095 -0.540586829 0.217280746
1403715411512143104.000000 1.709658742 0.198933572 -0.120766893 -0.748344362 -0.301006317 -0.538770139 0.243110701
1403715412012143104.000000 1.681802750 0.212072045 -0.148355097 -0.750207782 -0.315633655 -0.531150401 0.235463634
1403715412362142976.000000 1.650965810 0.194924593 -0.168131605 -0.754086852 -0.317202777 -0.526286423 0.231857911
1403715412662142976.000000 1.623077273 0.173955113 -0.182539999 -0.758588612 -0.318067074 -0.520737827 0.228492424
1403715413162142976.000000 1.594650626 0.157135919 -0.207730874 -0.756618798 -0.318747759 -0.524800777 0.224749044
1403715413512143104.000000 1.577271819 0.155911207 -0.306101084 -0.756765544 -0.308586597 -0.524538636 0.238619894
1403715413812143104.000000 1.568313837 0.138474926 -0.364651054 -0.753518462 -0.314371616 -0.530084431 0.228890821
1403715414112143104.000000 1.552879095 0.115625665 -0.425279647 -0.753777921 -0.317967623 -0.529955506 0.223299459
1403715414412143104.000000 1.527633667 0.105878428 -0.413216114 -0.768457413 -0.323296160 -0.509810328 0.212240979
1403715414712143104.000000 1.516679406 0.135773852 -0.419135839 -0.759014606 -0.318257600 -0.524280846 0.218491703
1403715415012143104.000000 1.505390167 0.178523913 -0.466477692 -0.763428330 -0.294094175 -0.520670354 0.244106710
1403715415412143104.000000 1.519494772 0.187547654 -0.535522759 -0.760901511 -0.293971717 -0.533173442 0.224356130
1403715415762142976.000000 1.531192780 0.177092016 -0.570195436 -0.758375883 -0.301265031 -0.541471481 0.202272117
1403715415962142976.000000 1.525109172 0.182803243 -0.567497551 -0.755641580 -0.300459176 -0.545505345 0.202864796
1403715416312143104.000000 1.525835037 0.184250697 -0.567987502 -0.758493185 -0.301039070 -0.541927814 0.200942054
1403715416812143104.000000 1.526560187 0.183193773 -0.569465935 -0.759250939 -0.300600082 -0.540979207 0.201293632
1403715417112143104.000000 1.525604725 0.182679728 -0.570265234 -0.759649754 -0.300537676 -0.540410936 0.201408282
1403715417612143104.000000 1.523740053 0.181464314 -0.570337832 -0.759695709 -0.300223351 -0.540384114 0.201775566
1403715418112143104.000000 1.522855163 0.180544138 -0.569988728 -0.759759724 -0.300121486 -0.540338039 0.201809198
1403715418612143104.000000 1.522386193 0.180456057 -0.569557607 -0.759858012 -0.299903542 -0.540281415 0.201915398
