1403637149738319104.000000 1.370067120 1.016642213 0.216082513 -0.582307339 -0.555813789 -0.397421271 0.440505952
1403637151338319104.000000 1.591806650 1.321587920 0.503261864 -0.586381376 -0.561963856 -0.416788220 0.408217043
1403637153838319104.000000 2.022128820 1.835036039 0.822529435 -0.585319817 -0.570965648 -0.410512596 0.403581887
1403637156288318976.000000 2.710391283 2.749736309 0.697410822 -0.720798135 -0.380217254 -0.487843841 0.312879175
1403637159038319104.000000 5.104535103 2.278731823 0.397832155 -0.801736116 -0.176356584 -0.550721884 0.151072890
1403637161138319104.000000 7.378581524 0.752551079 0.125823528 0.829290628 -0.038275991 0.557505190 -0.000170962
1403637163938319104.000000 8.254608154 -2.075585842 0.207027078 0.747637033 -0.333160788 0.554220736 0.151268914
1403637166838319104.000000 5.083813667 -5.418696880 0.203063220 0.760809898 -0.299452931 0.502958179 0.280230731
1403637168188318976.000000 5.598443031 -4.310884476 0.072206214 0.780393302 -0.286834478 0.515925884 0.206234530
1403637170988318976.000000 7.781175613 0.047579423 -0.671786964 -0.758640647 -0.167236671 -0.616253436 0.129337057
1403637173738319104.000000 5.121510506 2.496017456 -0.729012489 -0.840350211 -0.025131522 -0.528194606 0.119123548
1403637173988318976.000000 5.111885071 2.404074430 -0.815129519 0.857381284 -0.011344958 0.507354558 -0.085791349
1403637174238319104.000000 5.205726147 2.239847422 -0.808975816 -0.820236683 -0.002957328 -0.570792794 0.037399411
1403637174638319104.000000 5.365298748 1.916762948 -0.707867265 0.802750647 -0.033470944 0.592773378 -0.055596627
1403637177538319104.000000 3.692476034 -2.237129450 -0.655140400 0.838079631 -0.183734447 0.502667606 0.105780095
1403637180088318976.000000 5.468493462 -3.683863163 -0.986987293 0.771932125 -0.233241886 0.546089888 0.226947054
1403637181838319104.000000 7.538187504 -1.880103469 -0.748148680 0.760528624 -0.279092044 0.546426713 0.212419108
1403637183688318976.000000 8.257492065 1.001219392 -0.348035693 0.719280839 -0.309767723 0.602780640 0.152756318
1403637183938319104.000000 7.995395660 1.339232445 -0.413541734 0.725657880 -0.326385140 0.592007935 0.128140539
1403637185088318976.000000 6.093762398 2.000343323 -0.586436629 0.789302468 -0.305592865 0.507218122 0.162310168
1403637185438319104.000000 5.625992775 1.956755996 -0.532147408 0.801086187 -0.302671999 0.488111854 0.168515608
1403637185938319104.000000 5.170516014 1.729302526 -0.352224648 0.776938915 -0.288624942 0.524042130 0.196064949
1403637186438319104.000000 4.848824501 1.471675277 -0.190914080 0.765280724 -0.287454873 0.540955305 0.197693124
1403637187338319104.000000 4.287138462 0.970772803 0.063140005 0.762806535 -0.322858602 0.533124030 0.172242254
1403637187738319104.000000 4.011809349 0.614556193 0.041933499 0.774410784 -0.330780149 0.506044567 0.186524525
1403637188238319104.000000 3.787750721 0.042061243 -0.030105188 0.771779358 -0.315176249 0.509051979 0.214211345
1403637189538319104.000000 3.438350916 -1.501829386 -0.469114035 0.720521092 -0.390336990 0.520271420 0.240424871
1403637191888318976.000000 2.413009405 -3.643223047 -0.357813865 0.750780642 -0.332084656 0.512528598 0.251719713
1403637192138319104.000000 2.329190016 -3.741017818 -0.283499688 0.759316862 -0.333156109 0.496434927 0.256899267
1403637192638319104.000000 2.341872454 -3.876460791 -0.086377397 0.762824476 -0.348572999 0.488343000 0.241074070
1403637193438319104.000000 2.709348679 -4.165334225 0.140431345 0.752386391 -0.360413581 0.504993439 0.221355945
1403637193938319104.000000 3.026826382 -4.464729309 0.272022009 0.755761027 -0.339873075 0.502242982 0.247110590
1403637194188318976.000000 3.223767996 -4.604706287 0.300223649 0.747687578 -0.337910771 0.513621330 0.250943750
1403637194438319104.000000 3.434001207 -4.726854324 0.301876396 0.751502872 -0.341423392 0.507561982 0.247092083
1403637197188318976.000000 6.415392399 -4.328934193 0.346601307 0.734796166 -0.291105121 0.558469832 0.251881033
1403637199938319104.000000 7.054917336 2.037654877 0.705767095 -0.733061671 -0.221439227 -0.605696678 0.216140836
1403637200188318976.000000 6.759466648 2.566954136 0.564381063 -0.687886715 -0.281161785 -0.598472536 0.299317032
1403637202838319104.000000 4.551473141 3.142094374 0.299063683 -0.757724166 -0.313315034 -0.523151934 0.232378751
1403637205638319104.000000 4.735932350 2.234101057 0.234824926 -0.747591496 -0.328073740 -0.532657266 0.223048896
1403637208138319104.000000 4.190134525 2.048690796 0.322865367 -0.753980935 -0.318431050 -0.528281868 0.225903943
1403637209138319104.000000 4.045348167 1.874442935 0.371285826 -0.743055105 -0.330207765 -0.545016766 0.204422668
1403637211938319104.000000 5.254893780 4.561238289 -0.222778752 -0.759184718 -0.348950088 -0.480729848 0.266028911
1403637212438319104.000000 5.850011826 5.252110004 -0.225660205 -0.732156932 -0.345492154 -0.524263263 0.264063388
1403637212688318976.000000 6.127370358 5.555259228 -0.182325363 -0.744265854 -0.349134147 -0.509815753 0.253498673
1403637212938319104.000000 6.401895523 5.852868080 -0.122107118 -0.746027410 -0.356182665 -0.507531404 0.242876559
1403637213188318976.000000 6.672729015 6.157539368 -0.059427772 -0.746247768 -0.357973635 -0.503788710 0.247317925
1403637213438319104.000000 6.941072941 6.466229916 -0.029661722 -0.742955267 -0.357405603 -0.506949008 0.251558185
1403637213688318976.000000 7.202102184 6.770493031 -0.029594325 -0.733919799 -0.367723644 -0.519444406 0.237315267
1403637213938319104.000000 7.434314728 7.077643871 -0.064962655 -0.732471466 -0.376647979 -0.519693077 0.227026671
1403637214188318976.000000 7.627569199 7.409995079 -0.088165320 -0.720745921 -0.377825528 -0.522997975 0.253468633
1403637214738319104.000000 7.879918098 8.110630989 0.004789762 -0.637617052 -0.474168718 -0.532197356 0.292189151
1403637214988318976.000000 7.860005856 8.391816139 0.083691895 -0.622924566 -0.487922817 -0.531559885 0.302225918
1403637215538319104.000000 7.473999500 8.885381699 0.151945278 -0.601667047 -0.481051862 -0.523461938 0.364106357
1403637216638319104.000000 6.051105499 8.942193985 0.402328700 -0.535929263 -0.574241698 -0.412183136 0.461661637
1403637216888318976.000000 5.768289089 8.810856819 0.416909128 -0.530643225 -0.559486628 -0.425943136 0.473249257
1403637217288318976.000000 5.386454105 8.428980827 0.470706880 -0.560288429 -0.549407065 -0.399283290 0.474132627
1403637217638319104.000000 5.170981884 7.981775761 0.442794591 -0.557724833 -0.549778759 -0.398959428 0.476988256
1403637217888318976.000000 5.077938080 7.604187012 0.418679059 -0.500141263 -0.594630539 -0.411842763 0.476086855
1403637218188318976.000000 4.978308678 7.064201355 0.426156461 -0.473227143 -0.630757511 -0.379192442 0.484163404
1403637218488318976.000000 4.889867306 6.465289116 0.405244648 -0.464920223 -0.638860941 -0.372438192 0.486822039
1403637218738319104.000000 4.819327354 5.930480480 0.393823564 -0.470606327 -0.642396152 -0.368919492 0.479327977
1403637218938319104.000000 4.762149334 5.485056400 0.368082911 -0.470124066 -0.647642791 -0.375968069 0.467108369
1403637221038319104.000000 3.472813606 1.275672317 0.557496905 -0.516973197 -0.646621168 -0.334107697 0.450546265
1403637223538319104.000000 2.897004604 -0.102920249 0.326000094 -0.623312831 -0.535500109 -0.428848416 0.375246197
1403637224488318976.000000 2.905564070 -0.027139077 0.418019563 -0.613461673 -0.535625756 -0.440847874 0.377389908
1403637227288318976.000000 2.336477280 -0.169690073 0.370418936 -0.629342794 -0.528416872 -0.415389299 0.390070587
1403637227788318976.000000 2.260956764 -0.108720168 0.379590958 -0.633471549 -0.528201163 -0.416173846 0.382774889
1403637228288318976.000000 2.243376255 -0.035862710 0.311624706 -0.610536814 -0.527261972 -0.445449293 0.388348639
1403637228788318976.000000 2.200780630 -0.043175835 0.346512377 -0.611078918 -0.534412324 -0.441809148 0.381825626
1403637231038319104.000000 2.080769777 -0.201158673 0.247279823 -0.791930377 -0.248507008 -0.523501098 0.192450657
1403637231288318976.000000 2.114797592 -0.219452024 0.231246904 -0.817306697 -0.163728148 -0.533721089 0.142634928
1403637231538319104.000000 2.177705050 -0.251328349 0.117838666 -0.829341471 -0.058752563 -0.548599482 0.088201985
1403637232038319104.000000 2.379872799 -0.412176371 -0.174082965 0.824641287 -0.113939233 0.553526998 0.024339773
1403637232438319104.000000 2.586570501 -0.660751700 -0.248325199 0.785417259 -0.204285070 0.576011837 0.097968042
1403637232938319104.000000 2.730392694 -1.115972519 -0.220620781 0.777586699 -0.331402540 0.516211689 0.138046280
1403637235688318976.000000 6.182077885 -2.518566608 -0.987503052 0.818539500 -0.101321511 0.558203638 0.090198152
1403637235988318976.000000 6.606102467 -2.203830957 -0.963026524 0.804026902 -0.025669187 0.585885584 0.098081648
1403637236338319104.000000 7.044779301 -1.684713125 -0.860505223 -0.803705871 -0.049023677 -0.589074910 -0.068149693
1403637238988318976.000000 5.296740055 2.058618546 0.637102008 0.861258209 -0.169907153 0.470996559 -0.086764805
1403637239338319104.000000 4.982172012 1.491481781 0.768160701 0.855134189 -0.154319555 0.494893342 -0.003387827
1403637239688318976.000000 4.860363007 0.716258705 0.793791354 0.826129735 -0.218106717 0.516162097 0.059293970
1403637240038319104.000000 4.809591770 -0.158777207 0.645421207 0.767879367 -0.275773406 0.554162502 0.164967895
1403637240538319104.000000 4.708369732 -1.367641091 0.333666563 0.755763531 -0.366855770 0.488526195 0.235755280
1403637240938319104.000000 4.714792252 -2.316993952 0.200608164 0.741323531 -0.351930320 0.506007373 0.265595555
1403637241288318976.000000 4.791832924 -3.085077763 0.102012679 0.745930433 -0.339408159 0.508415282 0.264393538
1403637241638319104.000000 4.927772522 -3.753826380 -0.023246463 0.748233497 -0.310642898 0.510654151 0.287889093
1403637241938319104.000000 5.112373352 -4.188960075 -0.074880026 0.726622641 -0.306909293 0.545114756 0.284035563
1403637242238319104.000000 5.300804615 -4.472671032 -0.076407835 0.723769784 -0.307579249 0.546746612 0.287437916
1403637242488318976.000000 5.450011253 -4.599062443 -0.066861495 0.725689948 -0.292777002 0.538009226 0.313371867
1403637242738319104.000000 5.613802433 -4.602468967 -0.070716187 0.729513466 -0.277922302 0.550911725 0.295069069
1403637243038319104.000000 5.808543205 -4.445033550 -0.028204521 0.732306898 -0.256369561 0.575406313 0.258667529
1403637243338319104.000000 5.971198082 -4.160718918 -0.007846409 0.750768065 -0.254773021 0.558866203 0.243118390
1403637243638319104.000000 6.113152981 -3.779690981 -0.017221402 0.756618977 -0.269372553 0.552201390 0.223696128
1403637243938319104.000000 6.246500492 -3.358544588 0.036396787 0.763318300 -0.302167088 0.539844990 0.186031535
1403637244238319104.000000 6.356124878 -2.973350048 0.174758032 0.760725379 -0.307581872 0.539039671 0.190070197
1403637244538319104.000000 6.446417332 -2.638849258 0.362524599 0.771457732 -0.299106866 0.529302120 0.187689394
1403637244838319104.000000 6.548317432 -2.346777201 0.536302090 0.792683601 -0.254546553 0.522679865 0.183479279
1403637245188318976.000000 6.718461990 -2.039005518 0.665577352 0.806364954 -0.260500848 0.512105584 0.140223786
1403637245538319104.000000 6.960379124 -1.820414543 0.742603838 0.805862606 -0.234209672 0.519433439 0.160997719
1403637245838319104.000000 7.231513023 -1.661196828 0.760264456 0.809039593 -0.188486487 0.539638877 0.136813045
1403637246138319104.000000 7.531740665 -1.494887948 0.732007504 0.809111118 -0.095653974 0.574270606 0.080016769
1403637246438319104.000000 7.816509724 -1.303711176 0.660249829 -0.809466898 -0.031525653 -0.586308837 -0.003378952
1403637246738319104.000000 8.053174019 -1.080708504 0.556571186 -0.780645490 -0.150573343 -0.603082061 0.064902104
1403637247088318976.000000 8.195580482 -0.770930946 0.469337374 -0.772752404 -0.242661625 -0.571613431 0.131252661
1403637247588318976.000000 8.236207962 -0.285064042 0.339152783 -0.753337860 -0.248866349 -0.585812747 0.165442318
1403637247988318976.000000 8.107555389 0.110027701 0.221505806 -0.730526447 -0.294846743 -0.587248802 0.185837135
1403637248338319104.000000 7.843883991 0.447716922 0.173325300 -0.738584757 -0.334138334 -0.543772221 0.217154384
1403637248638319104.000000 7.573801994 0.727819264 0.108774640 -0.728992760 -0.336452216 -0.550482869 0.228775203
1403637248938319104.000000 7.261136055 0.990409255 0.094118461 -0.743704975 -0.333922595 -0.536923647 0.217052326
1403637249638319104.000000 6.461039543 1.637732863 0.186006472 -0.747283876 -0.321438432 -0.541031480 0.213375807
1403637249938319104.000000 6.093223572 1.920616031 0.133095726 -0.732926369 -0.328087479 -0.550941169 0.227247536
1403637252488318976.000000 4.148606300 3.096596718 0.492090404 -0.677636683 -0.439379990 -0.483668894 0.337369621
1403637253988318976.000000 3.890762806 2.851473570 0.428161919 -0.676824868 -0.444319546 -0.491989195 0.320054501
1403637254988318976.000000 3.628553152 2.530366421 0.584894061 -0.653745890 -0.476404488 -0.476721168 0.344081521
1403637257038319104.000000 2.680806637 1.677113771 0.623246610 -0.573189497 -0.582196176 -0.397409737 0.417811990
1403637257538319104.000000 2.428501368 1.461029887 0.660555065 -0.547347605 -0.608409286 -0.393396050 0.418913275
1403637257888318976.000000 2.237787008 1.328392506 0.649603009 -0.549623966 -0.621896207 -0.370252907 0.417218745
1403637258188318976.000000 2.064438105 1.253049374 0.616653323 -0.519430637 -0.644559920 -0.348462522 0.439668357
1403637258488318976.000000 1.889390707 1.212793589 0.603558660 -0.486769110 -0.658424377 -0.336798608 0.464865535
1403637258938319104.000000 1.653632879 1.170817614 0.521656573 -0.482111692 -0.655089021 -0.329188108 0.479647636
1403637259288318976.000000 1.512303114 1.147253513 0.535493493 -0.486222684 -0.650851548 -0.329427689 0.481100082
1403637259588318976.000000 1.427525997 1.126776814 0.566420436 -0.494807512 -0.642153144 -0.321407378 0.489389747
1403637260088318976.000000 1.388958454 1.097460389 0.549731851 -0.489719570 -0.646601319 -0.330999136 0.482204467
1403637260388318976.000000 1.403179169 1.075921655 0.497315288 -0.477316648 -0.659153521 -0.346921623 0.466187686
1403637260688318976.000000 1.404077411 1.048320770 0.429635376 -0.483191013 -0.669596314 -0.337271541 0.452122986
1403637261038319104.000000 1.371640682 1.026187301 0.352147073 -0.476651818 -0.658503532 -0.343614161 0.470218629
1403637261338319104.000000 1.333170295 1.004735708 0.291216284 -0.484927624 -0.669341981 -0.331812799 0.454672158
1403637261588318976.000000 1.293362141 0.998958826 0.272008896 -0.487587631 -0.663598359 -0.328663021 0.462467432
1403637261838319104.000000 1.253781438 1.010276675 0.278755128 -0.485637248 -0.665151656 -0.332742035 0.459361136
1403637262088318976.000000 1.211229324 1.034509301 0.277754933 -0.482115120 -0.653082550 -0.340984434 0.474107355
1403637262538319104.000000 1.197593212 1.033654094 0.234056860 -0.509185314 -0.611375391 -0.348919660 0.495182395
1403637262988318976.000000 1.200899720 1.034428954 0.228666782 -0.510949373 -0.612747967 -0.351135969 0.490075797
1403637263488318976.000000 1.200993776 1.034880042 0.228488088 -0.510797679 -0.612967432 -0.351767719 0.489506185
1403637263988318976.000000 1.201012254 1.034538269 0.228881925 -0.511105955 -0.612763822 -0.351352513 0.489737242
1403637264488318976.000000 1.201010942 1.034257174 0.228711367 -0.511199355 -0.612764776 -0.351186126 0.489757925
1403637264988318976.000000 1.201296568 1.034239531 0.228965223 -0.511440098 -0.612724006 -0.350904614 0.489759296
1403637265488318976.000000 1.201143265 1.034425378 0.228675768 0.511392117 0.612740099 0.350873262 -0.489811808
