#LBA time[ms],KF opt[#],KF fixed[#],MP[#],Edges[#]
0.014880,3,1,0,429
0.004448,4,1,0,973
0.250499,5,1,0,1389
0.382886,6,1,0,1793
0.470183,7,1,0,2262
0.982126,8,1,0,2421
0.953870,9,1,0,2612
1.085487,10,1,0,3142
1.106768,0,0,0,0
98.049064,0,0,0,0
1.341876,0,0,0,0
1.179889,0,0,0,0
1.334483,0,0,0,0
1.836123,0,0,0,0
1.604599,0,0,0,0
1.775129,0,0,0,0
1.832699,0,0,0,0
2.190624,0,0,0,0
2.372866,0,0,0,0
2.563269,0,0,0,0
2.127038,0,0,0,0
3.469970,0,0,0,0
3.752214,0,0,0,0
3.288656,0,0,0,0
3.688405,0,0,0,0
3.696886,0,0,0,0
3.196079,0,0,0,0
3.617428,0,0,0,0
3.129837,0,0,0,0
3.961593,0,0,0,0
3.522419,0,0,0,0
3.717430,0,0,0,0
2.427715,0,0,0,0
3.030284,0,0,0,0
3.406641,0,0,0,0
5.871221,0,0,0,0
3.343152,0,0,0,0
5.716466,0,0,0,0
3.013292,0,0,0,0
5.300268,0,0,0,0
2.616902,0,0,0,0
4.113755,3,1,0,456
3.909560,4,1,0,652
0.005408,5,1,0,1111
0.004928,6,1,0,1472
0.420998,7,1,0,2154
0.555112,8,1,0,2818
0.875085,9,1,0,3273
1.068463,10,1,0,3790
1.152241,0,0,0,0
1.415956,0,0,0,0
1.570006,0,0,0,0
59.034995,0,0,0,0
1.295379,0,0,0,0
1.598455,0,0,0,0
1.641240,0,0,0,0
2.044765,0,0,0,0
2.269344,0,0,0,0
2.532453,0,0,0,0
2.585669,0,0,0,0
2.778952,0,0,0,0
3.024172,0,0,0,0
3.172270,0,0,0,0
3.489011,0,0,0,0
4.940807,0,0,0,0
5.317549,0,0,0,0
5.055753,0,0,0,0
5.014057,0,0,0,0
4.867910,0,0,0,0
4.935975,0,0,0,0
3.633716,0,0,0,0
3.461650,0,0,0,0
3.682229,0,0,0,0
5.017288,0,0,0,0
2.991691,0,0,0,0
3.827128,0,0,0,0
5.175146,0,0,0,0
4.889990,0,0,0,0
6.173945,0,0,0,0
6.685985,0,0,0,0
7.214183,0,0,0,0
6.761890,0,0,0,0
5.954582,0,0,0,0
4.102139,0,0,0,0
7.864465,0,0,0,0
4.694755,0,0,0,0
4.452640,0,0,0,0
5.134698,0,0,0,0
7.603245,0,0,0,0
9.327943,0,0,0,0
8.082068,0,0,0,0
6.136729,0,0,0,0
6.736609,0,0,0,0
4.102939,0,0,0,0
7.556301,0,0,0,0
6.463261,0,0,0,0
8.336856,0,0,0,0
6.525342,0,0,0,0
10.014384,0,0,0,0
4.056251,0,0,0,0
7.001701,0,0,0,0
11.234370,0,0,0,0
4.656675,0,0,0,0
5.362605,0,0,0,0
8.252375,0,0,0,0
7.387147,0,0,0,0
7.464524,0,0,0,0
8.436378,0,0,0,0
7.115079,0,0,0,0
9.363847,0,0,0,0
6.503390,0,0,0,0
6.211769,0,0,0,0
9.197060,0,0,0,0
6.204665,0,0,0,0
6.663936,0,0,0,0
8.351225,0,0,0,0
11.286914,0,0,0,0
8.346552,0,0,0,0
8.781023,0,0,0,0
11.610088,0,0,0,0
10.887005,0,0,0,0
14.275181,0,0,0,0
9.888303,0,0,0,0
8.973473,0,0,0,0
11.711369,0,0,0,0
10.227988,0,0,0,0
10.461783,0,0,0,0
12.205872,0,0,0,0
14.715540,0,0,0,0
10.032433,0,0,0,0
17.280697,0,0,0,0
9.359015,0,0,0,0
12.600534,0,0,0,0
11.005470,0,0,0,0
15.572032,0,0,0,0
14.116235,0,0,0,0
8.872544,0,0,0,0
15.118138,0,0,0,0
7.490252,0,0,0,0
12.504627,0,0,0,0
11.165153,0,0,0,0
7.606765,0,0,0,0
10.391637,0,0,0,0
7.845777,0,0,0,0
8.388088,0,0,0,0
8.337720,0,0,0,0
10.182931,0,0,0,0
11.032191,0,0,0,0
10.351541,0,0,0,0
7.859985,0,0,0,0
15.678594,0,0,0,0
8.825279,0,0,0,0
7.203207,0,0,0,0
7.247080,0,0,0,0
8.946113,0,0,0,0
8.703069,0,0,0,0
6.188665,0,0,0,0
6.026807,0,0,0,0
12.467699,0,0,0,0
11.335939,0,0,0,0
11.061791,0,0,0,0
12.245872,0,0,0,0
10.870012,0,0,0,0
10.371606,0,0,0,0
11.734057,0,0,0,0
6.806242,0,0,0,0
6.699969,0,0,0,0
9.999216,0,0,0,0
6.876323,0,0,0,0
10.091281,0,0,0,0
11.220961,0,0,0,0
9.850541,0,0,0,0
10.021840,0,0,0,0
11.458181,0,0,0,0
9.377254,0,0,0,0
12.009997,0,0,0,0
12.831289,0,0,0,0
7.544237,0,0,0,0
8.044372,0,0,0,0
9.434567,0,0,0,0
7.881201,0,0,0,0
10.420310,0,0,0,0
11.897131,0,0,0,0
9.674123,0,0,0,0
6.709632,0,0,0,0
10.198194,0,0,0,0
8.949921,0,0,0,0
10.530135,0,0,0,0
6.957668,0,0,0,0
10.863644,0,0,0,0
11.057631,0,0,0,0
9.308454,0,0,0,0
4.980808,0,0,0,0
8.511642,0,0,0,0
10.245331,0,0,0,0
9.385447,0,0,0,0
8.227831,0,0,0,0
8.883808,0,0,0,0
10.683417,0,0,0,0
10.752507,0,0,0,0
5.437550,0,0,0,0
6.165528,0,0,0,0
7.339498,0,0,0,0
7.686095,0,0,0,0
14.306030,0,0,0,0
9.050914,0,0,0,0
8.054932,0,0,0,0
8.333848,0,0,0,0
10.737339,0,0,0,0
10.974238,0,0,0,0
10.107922,0,0,0,0
7.380586,0,0,0,0
7.138759,0,0,0,0
9.058114,0,0,0,0
11.141184,0,0,0,0
11.270658,0,0,0,0
10.980477,0,0,0,0
12.040109,0,0,0,0
8.549659,0,0,0,0
10.093521,0,0,0,0
8.085588,0,0,0,0
8.379576,0,0,0,0
8.693821,0,0,0,0
10.203090,0,0,0,0
8.220246,0,0,0,0
8.116404,0,0,0,0
14.056042,0,0,0,0
10.648921,0,0,0,0
12.276497,0,0,0,0
12.040909,0,0,0,0
11.539654,0,0,0,0
11.283266,0,0,0,0
13.576131,0,0,0,0
8.230966,0,0,0,0
7.780112,0,0,0,0
10.674873,0,0,0,0
11.155936,0,0,0,0
8.500186,0,0,0,0
11.132992,0,0,0,0
10.276883,0,0,0,0
12.145262,0,0,0,0
13.217150,0,0,0,0
10.691322,0,0,0,0
16.136711,0,0,0,0
9.379943,0,0,0,0
11.693064,0,0,0,0
11.306306,0,0,0,0
14.681747,0,0,0,0
16.527214,0,0,0,0
14.481840,0,0,0,0
9.285893,0,0,0,0
15.051640,0,0,0,0
16.117096,0,0,0,0
11.846538,0,0,0,0
12.329713,0,0,0,0
14.556881,0,0,0,0
12.339281,0,0,0,0
10.625464,0,0,0,0
12.218703,0,0,0,0
12.959834,0,0,0,0
12.853880,0,0,0,0
13.182909,0,0,0,0
15.870052,0,0,0,0
13.820038,0,0,0,0
13.695204,0,0,0,0
15.569280,0,0,0,0
15.219675,0,0,0,0
15.465726,0,0,0,0
14.744884,0,0,0,0
18.205382,0,0,0,0
11.862346,0,0,0,0
14.655090,0,0,0,0
15.454078,0,0,0,0
16.402667,0,0,0,0
14.065770,0,0,0,0
17.621053,0,0,0,0
14.277805,0,0,0,0
19.843101,0,0,0,0
18.870254,0,0,0,0
16.919986,0,0,0,0
17.336792,0,0,0,0
21.079790,0,0,0,0
20.138689,0,0,0,0
15.163386,0,0,0,0
17.762207,0,0,0,0
20.096032,0,0,0,0
18.955888,0,0,0,0
20.868779,0,0,0,0
21.407859,0,0,0,0
17.204534,0,0,0,0
15.917124,0,0,0,0
21.222736,0,0,0,0
19.336469,0,0,0,0
15.887780,0,0,0,0
15.648512,0,0,0,0
16.535437,0,0,0,0
15.153081,0,0,0,0
15.283003,0,0,0,0
14.608273,0,0,0,0
19.843004,0,0,0,0
14.071690,0,0,0,0
18.653452,0,0,0,0
12.252688,0,0,0,0
9.978127,0,0,0,0
16.225033,0,0,0,0
17.054709,0,0,0,0
18.826798,0,0,0,0
16.026598,0,0,0,0
21.883961,0,0,0,0
14.792724,0,0,0,0
16.798961,0,0,0,0
15.087800,0,0,0,0
15.285308,0,0,0,0
13.053883,0,0,0,0
18.340231,0,0,0,0
15.882083,0,0,0,0
18.533737,0,0,0,0
15.804226,0,0,0,0
19.772731,0,0,0,0
17.901472,0,0,0,0
20.909900,0,0,0,0
21.069998,0,0,0,0
17.030580,0,0,0,0
12.368945,0,0,0,0
19.921629,0,0,0,0
19.672410,0,0,0,0
16.622094,0,0,0,0
19.655034,0,0,0,0
22.303359,0,0,0,0
18.298406,0,0,0,0
11.016254,0,0,0,0
17.221335,0,0,0,0
18.565130,0,0,0,0
19.122737,0,0,0,0
10.756378,0,0,0,0
10.699769,0,0,0,0
18.185476,0,0,0,0
21.494900,0,0,0,0
20.025599,0,0,0,0
19.635193,0,0,0,0
19.292437,0,0,0,0
11.103999,0,0,0,0
17.551291,0,0,0,0
17.760254,0,0,0,0
23.012778,0,0,0,0
12.141230,0,0,0,0
19.387221,0,0,0,0
16.625806,0,0,0,0
17.122997,0,0,0,0
19.361589,0,0,0,0
19.647385,0,0,0,0
20.255138,0,0,0,0
19.760891,0,0,0,0
20.886731,0,0,0,0
24.913349,0,0,0,0
25.422028,0,0,0,0
23.766869,0,0,0,0
31.048604,0,0,0,0
13.188572,0,0,0,0
15.595583,0,0,0,0
13.364447,0,0,0,0
16.526892,0,0,0,0
27.731085,0,0,0,0
25.754352,0,0,0,0
21.800280,0,0,0,0
22.934985,0,0,0,0
16.786768,0,0,0,0
22.878728,0,0,0,0
23.470608,0,0,0,0
23.305389,0,0,0,0
18.934223,0,0,0,0
22.641988,0,0,0,0
19.623673,0,0,0,0
17.171477,0,0,0,0
21.119918,0,0,0,0
22.984361,0,0,0,0
26.554652,0,0,0,0
23.328782,0,0,0,0
25.334411,0,0,0,0
28.302996,0,0,0,0
26.398393,0,0,0,0
29.205282,0,0,0,0
29.064991,0,0,0,0
34.327883,0,0,0,0
29.487974,0,0,0,0
28.169011,0,0,0,0
26.824447,0,0,0,0
26.038580,0,0,0,0
31.945833,0,0,0,0
32.744628,0,0,0,0
29.318531,0,0,0,0
30.009005,0,0,0,0
31.277599,0,0,0,0
32.682068,0,0,0,0
26.959842,0,0,0,0
34.172777,0,0,0,0
33.108986,384,1156699285,128,439254895
28.603481,0,1090564794,0,1080587058
24.296700,68,-1430417838,68,242442314
28.931614,0,-1050178929,0,1080471966
