1403636579963555584.000000 0.087307200 0.180228978 -0.163658351 -0.601946890 -0.553667903 -0.403557688 0.410186678
1403636582913555456.000000 0.086248979 0.188822433 0.026360326 -0.610937953 -0.537109971 -0.426680148 0.395236313
1403636585413555456.000000 0.103222519 0.207419798 -0.038525805 -0.610548019 -0.535929024 -0.447562635 0.373763204
1403636588263555584.000000 0.426730722 0.146803707 -0.180300578 -0.712336600 -0.572666883 -0.299508452 0.273722231
1403636591063555584.000000 0.091857821 0.099784471 -0.161512598 -0.680299461 -0.604278386 -0.285694659 0.300697476
1403636593813555456.000000 -0.039346993 0.083775118 -0.222523540 -0.658499658 -0.624230444 -0.244308636 0.342093438
1403636594263555584.000000 0.191451281 0.005639697 -0.223784775 -0.741253495 -0.515348732 -0.324598372 0.282125920
1403636594663555584.000000 0.377514452 0.161355436 -0.228307396 -0.738391399 -0.498674393 -0.360233366 0.276286095
1403636596213555456.000000 0.218177408 0.010451118 -0.271532297 -0.697528481 -0.569992959 -0.321050555 0.292384416
1403636596513555456.000000 0.118738316 -0.094295450 -0.238767430 -0.695612490 -0.562992692 -0.331495255 0.298786551
1403636597013555456.000000 0.064871877 -0.070397869 -0.230300918 -0.682326078 -0.574933767 -0.342253864 0.294524550
1403636598063555584.000000 0.054204792 0.219810784 -0.236664131 -0.588437438 -0.661068559 -0.293190598 0.361620009
1403636601013555456.000000 0.144039884 0.332051903 -0.459649175 -0.538812637 -0.586956263 -0.377056748 0.472219765
1403636603513555456.000000 0.144121319 0.332056165 -0.459683269 -0.539040267 -0.586699963 -0.376850903 0.472442776
1403636606013555456.000000 0.144095913 0.332134157 -0.459747583 -0.539039433 -0.586661339 -0.376883030 0.472466171
1403636608513555456.000000 0.144079208 0.332161963 -0.459753245 -0.539040089 -0.586632967 -0.376929641 0.472463459
1403636611013555456.000000 0.144186631 0.332283169 -0.459672511 -0.539121032 -0.586634278 -0.376774848 0.472492814
1403636613513555456.000000 0.144594267 0.332267940 -0.459988385 -0.538856804 -0.586608112 -0.377429545 0.472304195
1403636616013555456.000000 0.144649997 0.332319498 -0.460017771 -0.539042115 -0.586442828 -0.377125710 0.472540587
1403636618513555456.000000 0.144541532 0.332462221 -0.460128933 -0.538800955 -0.586574554 -0.376982093 0.472766548
1403636621013555456.000000 0.144548282 0.332229853 -0.460119545 -0.538980305 -0.586363733 -0.377241522 0.472616851
1403636623513555456.000000 0.144991770 0.332525641 -0.460042834 -0.539682686 -0.585359037 -0.376828730 0.473389447
1403636626163555584.000000 0.197496742 0.330214947 -0.173586726 -0.542723298 -0.604282320 -0.373948395 0.447724074
1403636628963555584.000000 0.522875547 0.386739075 0.015292823 -0.589536726 -0.575929463 -0.398360610 0.402567536
1403636630663555584.000000 1.181296587 0.783571482 0.004381208 -0.672159016 -0.471828014 -0.469264328 0.324609995
1403636633363555584.000000 1.987640023 1.903461814 -0.155573010 -0.605961800 -0.557979524 -0.415872484 0.385381937
1403636635713555456.000000 2.639615059 3.468708992 -0.181507796 -0.592712402 -0.573199093 -0.393646061 0.406420439
1403636638113555456.000000 3.142042398 4.885337353 0.157804266 -0.574589729 -0.577635407 -0.407504410 0.412461251
1403636638863555584.000000 3.198392868 5.263492584 0.075912476 -0.584863365 -0.584790647 -0.389795393 0.404986769
1403636641363555584.000000 3.836887360 6.688767433 -0.083822258 -0.550024271 -0.599418819 -0.387559414 0.433552861
1403636643163555584.000000 4.122429848 7.049912930 -0.112006076 -0.591283500 -0.565365314 -0.408568412 0.404744208
1403636643663555584.000000 4.210849285 7.143759251 -0.098557748 -0.596776843 -0.575501323 -0.395378917 0.395387441
1403636644513555456.000000 4.403228760 7.527963161 -0.069651619 -0.594733775 -0.553008497 -0.396171033 0.428394526
1403636647213555456.000000 5.638756275 9.359926224 -0.159711331 -0.673675001 -0.459409863 -0.472534746 0.334388226
1403636647563555584.000000 5.812876225 9.522953987 -0.140590981 -0.667071879 -0.454914331 -0.474116206 0.351115197
1403636649463555584.000000 6.808399677 9.677358627 -0.119759180 -0.751257777 -0.316224188 -0.532091141 0.229113445
1403636649813555456.000000 6.961128712 9.659440994 0.039779946 -0.747600555 -0.303066343 -0.542362332 0.234706894
1403636651913555456.000000 7.293566227 9.045324326 0.118075848 -0.787133992 -0.163021401 -0.575587749 0.150142953
1403636654513555456.000000 7.294825077 7.765134335 0.022720115 0.812468648 -0.021369033 0.582504392 0.011257533
1403636654763555584.000000 7.250671864 7.669595718 0.061435428 0.816971302 -0.059051108 0.572702050 0.032912403
1403636655113555456.000000 7.195816040 7.549672604 0.057467028 0.806039870 -0.075993463 0.584920764 0.048912466
1403636655563555584.000000 7.076299667 7.411417961 0.017142259 0.797915936 -0.106621221 0.590067804 0.061497785
1403636656663555584.000000 6.621109486 6.963303089 -0.054831874 0.798910260 -0.194749713 0.555880010 0.121706620
1403636656963555584.000000 6.525714397 6.809768677 -0.040868461 0.783764541 -0.182554856 0.580278993 0.125152230
1403636658963555584.000000 5.542237282 5.631881714 -0.275509328 0.795251966 -0.185377136 0.557979405 0.147880718
1403636659263555584.000000 5.450042725 5.478729248 -0.360632837 0.786316872 -0.189830571 0.570833206 0.140782610
1403636659563555584.000000 5.353658676 5.358701229 -0.420278221 0.796793401 -0.191304266 0.556134343 0.138700157
1403636659913555456.000000 5.254468441 5.249827862 -0.493034542 0.792591155 -0.193111390 0.560219228 0.143742010
1403636660963555584.000000 5.211545467 5.073586464 -0.846316278 0.792190671 -0.180675358 0.558994770 0.165273353
1403636662163555584.000000 5.339220047 5.328751087 -1.063954949 0.783358455 -0.197774887 0.574023604 0.133160204
1403636662613555456.000000 5.287870407 5.477990627 -1.062553644 0.799487770 -0.198263079 0.549448967 0.140060693
1403636663563555584.000000 5.255184174 5.626770973 -1.237480283 0.819109619 -0.199926004 0.517170191 0.147050828
1403636663863555584.000000 5.343289852 5.615959644 -1.318931103 0.818874359 -0.182253763 0.518290102 0.166143909
1403636666613555456.000000 6.917963505 6.913687706 -1.350256801 0.795587599 -0.178176433 0.568616629 0.109402269
1403636668613555456.000000 7.649182796 7.591406345 -1.466014862 0.805463433 -0.174878582 0.552061737 0.125992179
1403636668863555584.000000 7.779623032 7.660898685 -1.517716527 0.802268624 -0.164658278 0.554699481 0.146837279
1403636669313555456.000000 8.016657829 7.870972633 -1.541928887 0.790501893 -0.175039023 0.570789754 0.136627898
1403636669713555456.000000 8.181788445 8.118201256 -1.602443814 0.775372446 -0.171121955 0.591789007 0.138926938
1403636669913555456.000000 8.231578827 8.263537407 -1.616414428 0.772790253 -0.192052558 0.596085966 0.102920353
1403636670313555456.000000 8.222191811 8.497889519 -1.577363849 0.768639028 -0.210284412 0.602060914 0.049970970
1403636672613555456.000000 6.520422935 6.495772839 -0.929628789 -0.816408992 -0.108690448 -0.566567659 0.025765652
1403636674613555456.000000 6.866601467 6.732118607 -1.130566597 -0.800707757 -0.163335204 -0.558537722 0.142212540
1403636677263555584.000000 8.032751083 8.537870407 -1.564779043 -0.706696033 -0.411296010 -0.503729224 0.278699011
1403636677663555584.000000 8.099056244 8.854660988 -1.619004250 -0.671551287 -0.432998747 -0.506382406 0.324203551
1403636680363555584.000000 8.020053864 9.627336502 -1.306169987 -0.384869933 -0.704930782 -0.338220328 0.490463972
1403636682913555456.000000 6.645030022 8.431253433 -1.221567273 -0.415288955 -0.692690551 -0.311930597 0.500413954
1403636685263555584.000000 5.523478031 6.938196659 -1.223737359 -0.406188250 -0.706522882 -0.299744010 0.495973885
1403636688163555584.000000 4.595149040 5.245259285 -1.408500552 -0.408120930 -0.703219652 -0.297604054 0.500351250
1403636689263555584.000000 4.314249039 4.692255974 -1.635125875 -0.394682556 -0.722717702 -0.268563390 0.499778539
1403636689563555584.000000 4.201868534 4.571776867 -1.587191343 -0.389948696 -0.727384210 -0.260054082 0.501222610
1403636689863555584.000000 4.092103481 4.482756138 -1.517294049 -0.405767262 -0.727833331 -0.238333955 0.498807162
1403636690313555456.000000 3.955521584 4.478603363 -1.458257675 -0.402573586 -0.727651119 -0.252646416 0.494599044
1403636690713555456.000000 3.843370676 4.578626633 -1.394375443 -0.413653135 -0.713132977 -0.238303199 0.513365388
1403636691013555456.000000 3.805413008 4.708305836 -1.436031342 -0.418112904 -0.681931078 -0.229561687 0.554484606
1403636693963555584.000000 5.218057632 5.226154804 -0.702889085 -0.384936124 -0.728305161 -0.261369020 0.503072560
1403636695313555456.000000 5.271835804 5.572185040 -0.703677416 -0.388557911 -0.718433857 -0.267943650 0.510961711
1403636698213555456.000000 5.071611404 5.501022816 -0.657987714 -0.465638697 -0.672918260 -0.331108719 0.469817728
1403636700913555456.000000 4.612928867 4.901090622 -1.118803859 -0.736274064 -0.353587538 -0.511849701 0.266244680
1403636703513555456.000000 5.390544415 4.690270424 -1.556965232 -0.770855308 -0.271057189 -0.537978292 0.207097784
1403636704963555584.000000 6.029020309 4.793582916 -1.661454678 -0.787699759 -0.301142752 -0.502529204 0.190542787
1403636705413555456.000000 6.312472343 4.983861446 -1.730103135 -0.767607093 -0.300313056 -0.530238748 0.198591053
1403636705763555584.000000 6.533729076 5.187716961 -1.776785731 -0.772973180 -0.299160868 -0.523486912 0.197425261
1403636706063555584.000000 6.729055405 5.386494160 -1.812179923 -0.767494559 -0.280599207 -0.529579878 0.227511406
1403636706363555584.000000 6.930544376 5.557781219 -1.837714672 -0.761081636 -0.295726925 -0.536624908 0.212917686
1403636707063555584.000000 7.356218338 5.966652870 -1.869873405 -0.768758655 -0.300648391 -0.529527128 0.195503622
1403636707463555584.000000 7.576802731 6.255870342 -1.812158108 -0.772323668 -0.293602079 -0.531306386 0.187156588
1403636709613555456.000000 8.746582985 7.805052280 -1.919120669 -0.765549421 -0.286334664 -0.546265543 0.183140844
1403636712513555456.000000 8.337720871 9.304745674 -1.966807723 -0.693416178 -0.403854340 -0.521800160 0.289482892
1403636715263555584.000000 6.836532593 8.375936508 -1.393231869 -0.646126449 -0.519411325 -0.436827153 0.349162638
1403636718063555584.000000 6.356245995 7.279891968 -1.337498546 -0.539371073 -0.611556709 -0.403818578 0.414738387
1403636721013555456.000000 5.385758400 5.972684383 -1.607071996 -0.508944333 -0.638836980 -0.345795423 0.461831719
1403636723513555456.000000 5.353082657 5.111097813 -1.649634480 -0.571689367 -0.574101627 -0.418032676 0.410885870
1403636726013555456.000000 5.060750961 4.349506378 -1.318888187 -0.654804528 -0.491748005 -0.451769233 0.354005098
1403636728963555584.000000 4.697512627 3.630769014 -0.775056064 -0.609674394 -0.534423888 -0.443120390 0.382534474
1403636731463555584.000000 3.948778391 2.770449400 -0.655180871 -0.604567826 -0.545676351 -0.421810091 0.398511350
1403636734413555456.000000 3.434443951 1.797837853 -0.611698866 -0.595062852 -0.557842255 -0.420268685 0.397600889
1403636737263555584.000000 2.601851940 1.118923187 -0.336525559 -0.559289157 -0.590765953 -0.396742940 0.425189823
1403636738613555456.000000 2.301937342 0.967851102 -0.127082914 -0.581806183 -0.583167434 -0.386613876 0.414664954
1403636741363555584.000000 2.729121208 0.904550135 -0.757770777 -0.712365270 -0.392118245 -0.504611015 0.290080816
1403636744063555584.000000 3.140537977 1.170722723 -1.463568687 -0.723975301 -0.372906327 -0.513067007 0.271225095
1403636746963555584.000000 3.496014357 1.568366528 -2.173975229 -0.754843056 -0.347024292 -0.490203589 0.263603270
1403636749913555456.000000 3.528049231 2.095345736 -1.462395906 -0.733196676 -0.326681316 -0.544287562 0.243830010
1403636750913555456.000000 3.398314953 2.008277893 -1.156451225 -0.733318746 -0.354388624 -0.523076892 0.251083702
1403636751913555456.000000 3.206770182 1.955126882 -0.702724218 -0.747090936 -0.358854264 -0.492319196 0.265895844
1403636754763555584.000000 2.832737923 1.882162094 -0.261525929 -0.563107252 -0.580759764 -0.419908047 0.411467433
1403636756263555584.000000 2.008339643 1.387668729 -0.195839733 -0.543342412 -0.604111195 -0.394325256 0.429344028
1403636756613555456.000000 1.789210081 1.275770545 -0.174187332 -0.540383637 -0.604888439 -0.394435853 0.431874871
1403636756963555584.000000 1.569765210 1.137363553 -0.157863855 -0.538363218 -0.605111539 -0.392516077 0.435816735
1403636757313555456.000000 1.356280923 0.967709899 -0.132864043 -0.537285924 -0.607126176 -0.391831279 0.434959620
1403636757613555456.000000 1.172104597 0.807399511 -0.145348191 -0.535655320 -0.622179806 -0.381829560 0.424466640
1403636757913555456.000000 0.970396817 0.668683529 -0.099604324 -0.534010708 -0.641107261 -0.357013822 0.419946671
1403636758413555456.000000 0.626812696 0.519198418 0.000811901 -0.522134542 -0.627830327 -0.361223400 0.450247049
1403636758763555584.000000 0.417581737 0.440094382 -0.016371317 -0.541779995 -0.630008340 -0.335556686 0.443808109
1403636759263555584.000000 0.209894657 0.413699687 -0.077941038 -0.539437473 -0.605319977 -0.337622523 0.478127539
1403636759563555584.000000 0.165573865 0.394018501 -0.155553997 -0.522617638 -0.619459212 -0.360585451 0.461648315
1403636759863555584.000000 0.155158088 0.359262645 -0.198167950 -0.515799284 -0.625431657 -0.367623061 0.455675036
1403636760163555584.000000 0.148692846 0.315328211 -0.225617602 -0.527433813 -0.636660814 -0.352318406 0.438575268
1403636760563555584.000000 0.145194471 0.276068985 -0.280443549 -0.517403066 -0.629343510 -0.366753578 0.449124217
1403636760963555584.000000 0.133200482 0.228273720 -0.337294251 -0.512349129 -0.636583328 -0.370912492 0.441230088
1403636761313555456.000000 0.092838928 0.195995003 -0.383980244 -0.528209329 -0.649140656 -0.346263885 0.423925459
1403636761663555584.000000 0.033933591 0.211718217 -0.388063729 -0.517277539 -0.629643083 -0.364346385 0.450805277
1403636762163555584.000000 -0.014889732 0.225862488 -0.357286215 -0.508106530 -0.636512399 -0.381785959 0.436942995
1403636762513555456.000000 -0.068379983 0.233086482 -0.363901496 -0.534190416 -0.635419726 -0.347104669 0.436349392
1403636762813555456.000000 -0.109500036 0.270372212 -0.439596057 -0.529681265 -0.618354499 -0.352681905 0.461184382
1403636763263555584.000000 -0.068506896 0.236478150 -0.466122270 -0.559040129 -0.582264066 -0.373374075 0.457203060
1403636763413555456.000000 -0.067666583 0.232068479 -0.474419743 -0.558911622 -0.580922484 -0.373617202 0.458865017
