1403715893384058112.000000 0.491198540 0.245599449 0.215506524 -0.554902017 -0.611921310 -0.389673978 0.407173514
1403715894134057984.000000 0.448002607 0.201603785 0.311862230 -0.559090912 -0.611767888 -0.379923135 0.410872102
1403715896884058112.000000 -0.529979944 0.138368770 0.954557419 -0.589813352 -0.555247784 -0.338567764 0.478740036
1403715899184058112.000000 2.819625378 0.053111184 1.040556431 -0.657789409 -0.504480839 -0.442644209 0.341874659
1403715899684058112.000000 3.489062548 0.131715000 0.913592458 -0.662647426 -0.526892364 -0.430688500 0.312714219
1403715901684058112.000000 3.921966553 1.319908142 0.968669355 -0.622931182 -0.481268227 -0.486674339 0.378795177
1403715902034057984.000000 3.756796837 1.142408729 1.013648033 -0.635423541 -0.492547750 -0.470162094 0.364117235
1403715902234057984.000000 3.651278257 1.014725327 1.030804992 -0.629342258 -0.498949319 -0.476954818 0.357060403
1403715902434057984.000000 3.530862570 0.876764715 1.041385293 -0.632093191 -0.510153472 -0.471575230 0.343247145
1403715905234057984.000000 1.710334778 0.857530057 1.304747939 -0.067379974 -0.779843092 -0.073425464 0.617991447
1403715905834057984.000000 1.673226357 0.715533435 1.042206764 0.085249253 -0.816097260 0.075172722 0.566627741
1403715906334057984.000000 1.652205110 0.528937876 0.877135932 0.306786537 -0.771011770 0.181173399 0.527824759
1403715908484058112.000000 2.179909468 -0.069848232 1.004353642 0.789953887 -0.133631423 0.591069043 0.093557477
1403715909834057984.000000 1.950225115 0.482937127 0.959240973 -0.724541247 -0.370805174 -0.532981038 0.231246188
1403715911334057984.000000 0.927513599 0.682197452 0.696942866 -0.315821260 -0.719922721 -0.248370782 0.565933168
1403715912884058112.000000 0.599397361 -0.466641724 0.939945579 0.039059099 -0.812493145 0.038487047 0.580386281
1403715914934057984.000000 1.679318190 -2.080126286 0.913479328 0.088022344 -0.861072958 0.141163483 0.480498135
1403715915284058112.000000 1.664374352 -2.328313351 0.942083716 0.065816864 -0.852448642 0.132734671 0.501379192
1403715915834057984.000000 1.324142098 -2.529276133 0.855188131 0.124917589 -0.824974358 0.080686927 0.545254529
1403715918684058112.000000 0.099222034 -2.584680557 0.300570071 -0.224735826 -0.783209503 -0.100120373 0.571010232
1403715919234057984.000000 0.400320351 -2.393789768 0.270409644 -0.192920059 -0.823985636 -0.166058704 0.506215394
1403715919734057984.000000 0.404280722 -2.283390522 0.237446174 -0.191359848 -0.799901664 -0.158722878 0.546210349
1403715920184058112.000000 0.291538298 -2.285908222 0.090314090 -0.193257809 -0.812066257 -0.150970176 0.529535532
1403715923084058112.000000 -0.450515687 -2.306175470 1.587088346 -0.109354898 -0.800711870 -0.087935157 0.582382619
1403715923484058112.000000 -0.414935023 -2.346357107 1.753447652 -0.124994636 -0.811830342 -0.063054018 0.566861629
1403715923684058112.000000 -0.396438271 -2.363137484 1.794171214 -0.139097378 -0.806873798 -0.042219393 0.572559297
1403715923984058112.000000 -0.354988962 -2.344455481 1.707159638 -0.135190457 -0.790249705 -0.045342319 0.595964015
1403715924384058112.000000 -0.220353156 -2.260759115 1.472548246 -0.117871732 -0.795917153 -0.070634365 0.589603961
1403715924584058112.000000 -0.124053717 -2.215102911 1.356605530 -0.122119300 -0.810076296 -0.069069140 0.569291472
1403715924784058112.000000 -0.027090713 -2.159648895 1.245769143 -0.149511680 -0.808246315 -0.061998323 0.566162765
1403715924984058112.000000 0.071482852 -2.077709198 1.141240478 -0.189684972 -0.792503655 -0.087252349 0.573013544
1403715925184058112.000000 0.186955258 -1.975464940 1.064299107 -0.227024466 -0.764763951 -0.141945496 0.586044014
1403715925384058112.000000 0.331823498 -1.876724005 1.035915732 -0.283587754 -0.750534177 -0.170526832 0.572011292
1403715926334057984.000000 1.318053365 -1.350240350 0.923597932 -0.522543073 -0.600317299 -0.351899445 0.492681175
1403715926484058112.000000 1.517336488 -1.287419081 0.855545998 -0.547753513 -0.564525843 -0.396528274 0.473330826
1403715927234057984.000000 2.505384922 -1.255840063 0.629557312 -0.660795987 -0.461769402 -0.504505396 0.309179604
1403715930134057984.000000 2.435699224 -2.222968102 0.615407050 -0.800851703 -0.061151125 -0.585779905 0.108439416
1403715932184058112.000000 3.814956903 -2.171119928 0.853331447 -0.784665704 -0.092069902 -0.609964013 0.061375085
1403715932434057984.000000 4.063588142 -2.123739958 0.913554490 -0.727499127 -0.088608012 -0.677000463 0.067558229
1403715934584058112.000000 3.829264164 -2.021980762 1.653911948 -0.671244264 -0.051054329 -0.737492025 0.054130964
1403715934984058112.000000 3.537970781 -2.036245108 1.688660741 -0.721561372 -0.055957008 -0.686450303 0.070739411
1403715936334057984.000000 2.555079937 -2.126413584 1.395967841 -0.795844734 -0.060315214 -0.601498902 0.034529779
1403715936834057984.000000 2.743507624 -2.010742426 1.332441449 -0.758656144 -0.036559559 -0.648534596 0.050071616
1403715938334057984.000000 2.305430412 -1.754972696 0.816523492 -0.803808033 -0.296238154 -0.485377848 0.174768418
1403715940984058112.000000 2.805045366 -0.349599659 1.348002434 -0.821790040 -0.392900944 -0.370387524 0.181942627
1403715941634057984.000000 3.213149309 0.421448320 1.644969940 -0.629263639 -0.285989225 -0.642694414 0.330426067
1403715942134057984.000000 3.016495466 0.212316990 1.538668871 -0.663408518 -0.308457136 -0.607928932 0.308489561
1403715944634057984.000000 2.559931040 -0.588208079 0.742405653 -0.756625533 -0.487890005 -0.347741306 0.261833966
1403715946934057984.000000 2.317999840 0.071112812 1.451917171 -0.497726411 -0.573011577 -0.432770252 0.486452669
1403715947184058112.000000 2.242469072 0.151447445 1.515460014 -0.465237737 -0.531182587 -0.469848514 0.529755950
1403715947684058112.000000 2.159221411 -0.226027414 1.453508973 -0.566273928 -0.597064018 -0.362573802 0.437479883
1403715948134057984.000000 2.144274950 -0.580670536 1.203702092 -0.605370045 -0.672330737 -0.276762575 0.323884398
1403715948384058112.000000 2.118202686 -0.496662557 1.102800250 -0.588447392 -0.660640180 -0.301271707 0.355696023
1403715949584058112.000000 2.008633375 -0.046043105 0.808958292 -0.508822858 -0.696471930 -0.295908958 0.410443664
1403715950034057984.000000 1.911476374 0.084048063 0.786117733 -0.429935455 -0.772822976 -0.253378332 0.392045319
1403715952834057984.000000 0.872776091 0.264624119 1.336608171 -0.139063269 -0.671138048 -0.136337161 0.715295374
1403715953834057984.000000 1.659391284 0.163530514 1.233407259 -0.088020407 -0.910679221 -0.029238351 0.402568012
1403715954234057984.000000 1.212635279 0.281368136 1.223597288 0.015262286 -0.813373566 -0.099336326 0.572994649
1403715954634057984.000000 0.791921735 0.186175138 1.175761938 -0.025734125 -0.701596260 -0.042695731 0.710828781
1403715955034057984.000000 0.906346679 -0.015149079 1.133977890 -0.031501409 -0.767605960 -0.038503069 0.638988554
1403715955434057984.000000 1.276056051 -0.243586063 1.109134436 -0.062113646 -0.875418186 -0.017347984 0.479044884
1403715955834057984.000000 1.300209761 -0.374185711 1.149375558 -0.030571029 -0.886458099 0.015915787 0.461523861
1403715956634057984.000000 0.931896627 -0.481588632 1.375686288 0.192654133 -0.677756369 0.144191697 0.694794595
1403715957534057984.000000 1.927171111 -0.318982780 1.336060405 0.221317902 -0.885877788 0.118627615 0.390085250
1403715957734057984.000000 1.960346460 -0.373128116 1.257458806 0.229412645 -0.892579257 0.106271707 0.373334289
1403715957934057984.000000 1.833136201 -0.512954056 1.210091829 0.228639513 -0.839038551 0.133966714 0.475175083
1403715958534057984.000000 1.458186150 -0.963095546 1.086708903 -0.272525758 0.639950514 -0.262122393 -0.668943167
1403715959884058112.000000 2.015459776 -0.658681631 0.867241204 0.521897674 -0.672273397 0.325487673 0.411981910
1403715960284058112.000000 1.967430353 -0.983700514 0.959528387 0.462351859 -0.550841033 0.438724607 0.538818657
1403715960584058112.000000 2.014620066 -0.933554769 1.012727737 0.459603518 -0.544215202 0.438661486 0.547878325
1403715961484058112.000000 2.392843246 -0.481777251 1.199111700 0.536449909 -0.705792189 0.302642196 0.349980950
1403715962534057984.000000 2.455064058 -0.796017826 1.328797102 0.554055393 -0.481157184 0.551135600 0.397190154
1403715965234057984.000000 2.189452410 -0.002525087 0.502995312 0.738443613 -0.281747073 0.582650065 0.189310759
1403715968084058112.000000 2.417602062 0.367343694 1.284811735 0.825525045 -0.276346326 0.482397407 0.097128421
1403715969334057984.000000 1.817516327 0.640209854 0.839842916 0.848200023 -0.236877754 0.457841933 0.121763378
1403715969584058112.000000 1.682955980 0.686942160 0.748273194 0.883853078 -0.227239579 0.385902524 0.135074392
1403715969834057984.000000 1.795162439 0.650093377 0.709779382 0.854475498 -0.171967506 0.447859704 0.199299693
1403715971084058112.000000 2.099312782 1.097281218 0.744478881 0.872110963 -0.261769295 0.411043555 0.044074673
1403715973784058112.000000 1.530995250 0.727045298 1.288760543 0.857521713 -0.005366802 0.510384560 -0.064306624
1403715976534057984.000000 2.230625868 -0.800506592 1.241927385 -0.816034853 -0.075730607 -0.572676837 0.019834900
1403715978334057984.000000 2.562391520 0.094561160 1.205361128 -0.628069043 -0.507241070 -0.506876290 0.302179188
1403715980534057984.000000 1.057254076 -0.137705296 1.291006088 0.104408316 -0.773456514 0.051112294 0.623098433
1403715980784058112.000000 1.094837666 -0.447372198 1.298022509 0.195656434 -0.756813288 0.148334026 0.605763316
1403715981034057984.000000 1.207247257 -0.722796440 1.297746658 0.291114122 -0.726981223 0.240014255 0.573710740
1403715981334057984.000000 1.410527110 -0.963692963 1.302254558 0.410033017 -0.659163594 0.344849825 0.527688205
1403715981634057984.000000 1.650470376 -1.066104054 1.322674274 0.516112268 -0.559764743 0.452703655 0.464059204
1403715981884058112.000000 1.843972445 -1.009875059 1.334245324 0.616175413 -0.480885744 0.489407182 0.386726499
1403715982134057984.000000 2.019693375 -0.861906171 1.342921853 0.688438058 -0.401513755 0.515978992 0.314015210
1403715982434057984.000000 2.208736658 -0.616519570 1.358666182 0.740234256 -0.302382797 0.551366270 0.237935469
1403715982684058112.000000 2.340669632 -0.362372547 1.369031668 0.771589458 -0.207839832 0.576692164 0.169937029
1403715982934057984.000000 2.437092066 -0.069420084 1.375474095 0.794050217 -0.104161575 0.591598272 0.092985280
1403715983184058112.000000 2.486548185 0.245177478 1.379768729 0.800176501 -0.004362559 0.599620223 0.012413133
1403715983434057984.000000 2.487119913 0.564576328 1.381562710 -0.790659249 -0.103847668 -0.598931074 0.073179886
1403715983684058112.000000 2.429611921 0.864905238 1.390133619 -0.748446882 -0.200976789 -0.606386065 0.178133771
1403715983934057984.000000 2.296967030 1.095985174 1.399316311 -0.707724512 -0.286392748 -0.588929296 0.265080303
1403715984084058112.000000 2.184651613 1.184451103 1.405879617 -0.689718544 -0.333768874 -0.564593196 0.306791812
1403715984234057984.000000 2.056503534 1.232950807 1.413727999 -0.674964249 -0.379115731 -0.533203840 0.341157228
1403715984434057984.000000 1.876938343 1.238656640 1.431269765 -0.642500758 -0.433913112 -0.502931058 0.382063776
1403715984634057984.000000 1.697277069 1.182246208 1.448423982 -0.610504210 -0.501459062 -0.463397264 0.401355892
1403715984734057984.000000 1.607360125 1.137573481 1.454701066 -0.592551649 -0.536794245 -0.437015831 0.412009239
1403715984934057984.000000 1.433083773 1.031153202 1.466138959 -0.545473397 -0.586559713 -0.384400874 0.458958089
1403715985734057984.000000 0.928212106 0.387848914 1.501092196 -0.530815482 -0.645328164 -0.342148870 0.429791600
1403715986184058112.000000 0.678274453 0.066637360 1.377115130 -0.577744901 -0.601960003 -0.336473525 0.436624020
1403715986484058112.000000 0.578043044 -0.055013157 1.237803221 -0.556275487 -0.601395130 -0.370666742 0.437593162
1403715986734057984.000000 0.517828822 -0.139458001 1.102106452 -0.568805873 -0.630296469 -0.345010668 0.400192440
1403715987184058112.000000 0.414110720 -0.144080579 0.907960892 -0.571742713 -0.578306079 -0.374496102 0.445449263
1403715987484058112.000000 0.400370955 -0.142462492 0.797626138 -0.583919764 -0.556213319 -0.402606398 0.433096588
1403715987834057984.000000 0.423151970 -0.177670717 0.687449098 -0.587013245 -0.577659190 -0.400550485 0.401602685
1403715988134057984.000000 0.436929762 -0.193054169 0.608829558 -0.586204529 -0.589832723 -0.390485197 0.394946694
1403715988584058112.000000 0.434997946 -0.174244344 0.538349390 -0.573757231 -0.571133256 -0.400846750 0.428872168
1403715988884058112.000000 0.447983891 -0.188966662 0.509822130 -0.589247823 -0.572990060 -0.382177621 0.422385782
1403715989334057984.000000 0.522144318 -0.199998587 0.503625870 -0.587308764 -0.580035269 -0.392663270 0.405515730
1403715989684058112.000000 0.587734818 -0.178844854 0.504213095 -0.582185149 -0.576375365 -0.401953518 0.409005255
1403715990184058112.000000 0.661536455 -0.149300188 0.468060136 -0.570415258 -0.581025302 -0.411800563 0.409214407
1403715990634057984.000000 0.670577824 -0.154559344 0.368475765 -0.569972038 -0.590488493 -0.408003360 0.399985522
1403715991034057984.000000 0.607198834 -0.140231773 0.251765132 -0.571996152 -0.597395420 -0.402865738 0.391967297
1403715991284058112.000000 0.570540965 -0.127602369 0.246504992 -0.562689245 -0.595426202 -0.414620072 0.396155030
1403715991534057984.000000 0.575453758 -0.130293727 0.239237666 -0.568929791 -0.588150740 -0.406752884 0.406139880
1403715992034057984.000000 0.574921489 -0.134341419 0.235529244 -0.569437742 -0.587426484 -0.406185210 0.407043368
1403715992334057984.000000 0.574046254 -0.136533290 0.235439152 -0.569508791 -0.587525487 -0.406076163 0.406909913
1403715992834057984.000000 0.572987020 -0.139581501 0.236477181 -0.569749951 -0.587252319 -0.405966341 0.407076240
1403715993334057984.000000 0.572595119 -0.141487241 0.237069219 -0.569852531 -0.587263584 -0.405716151 0.407165945
1403715993834057984.000000 0.572915077 -0.141105145 0.236949861 -0.569817901 -0.586884439 -0.405854195 0.407623231
