1403638538777829376.000000 -1.495620370 0.585227132 -2.985460281 -0.579530418 -0.605912685 -0.374771208 0.395677894
1403638539027829504.000000 -1.497578502 0.595421553 -2.984348059 -0.574265599 -0.600276411 -0.382840186 0.404129505
1403638539277829376.000000 -1.500674367 0.614523530 -2.957970858 -0.566624641 -0.590428293 -0.394147664 0.418304294
1403638542127829504.000000 -2.184848785 1.568085790 -2.552075148 -0.387501955 -0.728636563 -0.269762039 0.496144593
1403638542927829504.000000 -2.780683517 1.767312646 -2.450608730 -0.292732954 -0.765944004 -0.219786137 0.528518140
1403638543327829504.000000 -3.106231928 1.763997912 -2.351257801 -0.305077344 -0.765601933 -0.210899368 0.525645256
1403638543527829504.000000 -3.274810791 1.761492252 -2.330137730 -0.297210366 -0.769757986 -0.204735130 0.526519060
1403638544527829504.000000 -4.214131832 1.720251322 -2.185058594 -0.182954431 -0.805242240 -0.122076832 0.550644994
1403638545627829504.000000 -5.256033897 1.726215243 -2.175637960 -0.161122575 -0.805085480 -0.105871812 0.560952902
1403638546077829376.000000 -5.662007809 1.718136430 -2.136632919 -0.067503363 -0.822291553 -0.054728642 0.562391877
1403638546527829504.000000 -6.075472355 1.697247863 -2.123504162 -0.038609512 -0.825269878 -0.025944570 0.562819541
1403638546677829376.000000 -6.216393948 1.686177731 -2.126317501 -0.028444447 -0.825571060 -0.021144001 0.563184142
1403638547277829376.000000 -6.816947937 1.610557199 -2.060889006 -0.000195231 -0.827499807 -0.026888577 0.560821891
1403638548677829376.000000 -8.403343201 1.075026751 -2.110729694 0.056343865 -0.827038229 0.034800123 0.558231235
1403638548877829376.000000 -8.654564857 0.975482225 -2.084963560 0.065351821 -0.826754928 0.040726103 0.557267368
1403638549277829376.000000 -9.162147522 0.771278381 -1.964867949 0.065293178 -0.825814545 0.045052193 0.558334529
1403638549677829376.000000 -9.684468269 0.566856563 -1.821340561 0.057851471 -0.822434485 0.049926564 0.563703835
1403638550327829504.000000 -10.570985794 0.271099359 -1.509080648 0.057690136 -0.825555980 0.050194774 0.559115112
1403638550527829504.000000 -10.851060867 0.191495687 -1.389573336 0.055242937 -0.824834824 0.055235624 0.559950590
1403638550927829504.000000 -11.408349991 0.066084310 -1.211006165 0.050088007 -0.809930861 0.060889721 0.581201851
1403638551127829504.000000 -11.666581154 0.024440765 -1.144180655 0.047627009 -0.803162634 0.063719034 0.590424716
1403638553977829376.000000 -13.006939888 1.880108953 -0.464756548 -0.054180622 -0.794356704 -0.036074482 0.603954077
1403638556827829504.000000 -11.220156670 4.182075024 -0.113855273 -0.118216641 -0.818785608 -0.040567454 0.560329676
1403638559377829376.000000 -11.116772652 7.067625046 0.304007530 -0.102089696 -0.818849206 -0.067098200 0.560857773
1403638561977829376.000000 -11.548860550 9.276252747 -0.126410991 -0.377345711 -0.719542980 -0.266781211 0.518358827
1403638563877829376.000000 -10.353726387 9.723443985 -0.258260101 -0.566942513 -0.568054497 -0.382418364 0.457871735
1403638564177829376.000000 -10.010201454 9.643605232 -0.244739175 -0.560366511 -0.573255777 -0.375763327 0.464939922
1403638564427829504.000000 -9.682783127 9.544814110 -0.238749057 -0.547841549 -0.578729212 -0.381328464 0.468541116
1403638566827829504.000000 -5.399677753 7.381736755 -1.236391783 -0.561186910 -0.618956685 -0.362573206 0.412919641
1403638567077829376.000000 -4.993515968 7.143022537 -1.451357007 -0.557275057 -0.621520221 -0.362168163 0.414718479
1403638567327829504.000000 -4.612758636 6.942559719 -1.677762151 -0.539131820 -0.606942236 -0.388663858 0.435773373
1403638567577829376.000000 -4.254900932 6.739042759 -1.904250860 -0.543709934 -0.608575940 -0.387882948 0.428440899
1403638569777829376.000000 -2.581955671 5.754557610 -2.607067823 -0.549051821 -0.618070900 -0.392838299 0.402751058
1403638572727829504.000000 -0.983466923 4.973202705 -3.089531660 -0.773072720 -0.309550136 -0.507431924 0.221472546
1403638573227829504.000000 -0.345438123 4.778520107 -3.034079790 -0.774767995 -0.320682615 -0.503275752 0.208832160
1403638573477829376.000000 -0.010782674 4.733756065 -3.012752056 -0.774733841 -0.322973669 -0.502951741 0.206191882
1403638573727829504.000000 0.335483789 4.730396748 -2.952355623 -0.776031733 -0.320542097 -0.505560458 0.198585600
1403638573977829376.000000 0.686356843 4.764560223 -2.884219885 -0.773809850 -0.284954548 -0.534263134 0.185962990
1403638574427829504.000000 1.282044888 4.816747665 -2.846805334 -0.795745134 -0.161055341 -0.562450230 0.156527072
1403638574727829504.000000 1.654027462 4.790964127 -2.829028606 -0.804664671 -0.122080825 -0.570097327 0.112250745
1403638575077829376.000000 2.065986872 4.739195824 -2.778705120 -0.818016946 -0.116199449 -0.554667175 0.098439388
1403638575477829376.000000 2.542870760 4.662719727 -2.791490793 -0.822968006 -0.118339166 -0.544929147 0.108497210
1403638575727829504.000000 2.865093946 4.599431038 -2.803133726 -0.825191081 -0.135778129 -0.539670944 0.096847065
1403638576377829376.000000 3.804264784 4.518890381 -2.635167599 -0.821649730 -0.149798766 -0.543468773 0.084225304
1403638576577829376.000000 4.115382671 4.531975269 -2.596001148 -0.821630955 -0.158547267 -0.542998791 0.070267715
1403638576777829376.000000 4.429926395 4.575907230 -2.573161364 -0.816479981 -0.161626905 -0.550323248 0.066193193
1403638576977829376.000000 4.739158154 4.650811195 -2.569366217 -0.809125602 -0.152871594 -0.561911166 0.078752860
1403638577677829376.000000 5.739276886 5.039470673 -2.467767954 -0.809762836 -0.151746929 -0.561008930 0.080783397
1403638577927829504.000000 6.062150955 5.218846321 -2.455853224 -0.810459852 -0.151048318 -0.559676349 0.084270649
1403638578177829376.000000 6.373896122 5.420895576 -2.434431553 -0.809315324 -0.147555336 -0.560833156 0.093286164
1403638578427829504.000000 6.681663990 5.630593777 -2.390486240 -0.810451090 -0.137344941 -0.559114516 0.108150236
1403638578677829376.000000 6.981466770 5.825369358 -2.376683712 -0.809417248 -0.136908889 -0.561074376 0.106279917
1403638578927829504.000000 7.270331860 6.009919167 -2.384015799 -0.807415009 -0.146685883 -0.564035475 0.091805078
1403638579377829376.000000 7.755527973 6.369779110 -2.323437929 -0.807119310 -0.143771917 -0.563671529 0.100809723
1403638579777829376.000000 8.149492264 6.691634655 -2.275119066 -0.787419856 -0.166600555 -0.579161704 0.129560292
1403638579977829376.000000 8.320060730 6.846977234 -2.281872749 -0.778253019 -0.226867914 -0.564584374 0.155233771
1403638582827829504.000000 9.220169067 7.957901478 -2.105165243 -0.685880542 -0.434798241 -0.499465346 0.301749438
1403638585127829504.000000 8.278685570 8.172354698 -1.587120295 -0.692602396 -0.434292823 -0.491312593 0.300505549
1403638585327829504.000000 8.122576714 8.141714096 -1.587367177 -0.689724743 -0.432214737 -0.495299786 0.303559601
1403638586727829504.000000 7.060838223 8.052265167 -1.416144967 -0.687587321 -0.432583541 -0.501378179 0.297850877
1403638587827829504.000000 6.118036270 7.981653214 -1.515453219 -0.694188893 -0.429943860 -0.492214888 0.301619947
1403638589627829504.000000 4.450557232 7.746468544 -1.712772012 -0.691367626 -0.427108943 -0.496810168 0.304579049
1403638589827829504.000000 4.260054588 7.701324940 -1.701108098 -0.694226503 -0.427893668 -0.493508399 0.302334338
1403638590877829376.000000 3.306134939 7.436175346 -1.789560437 -0.700400352 -0.427530885 -0.487279892 0.298689067
1403638591327829504.000000 2.948778868 7.341830730 -1.752013683 -0.714982986 -0.434058547 -0.466772020 0.287256896
1403638592027829504.000000 2.572134972 7.414511681 -1.828414559 -0.716541886 -0.431175649 -0.464495361 0.291375041
1403638592777829376.000000 2.432645321 7.708428860 -1.581218481 -0.676133990 -0.481921971 -0.442958683 0.338203579
1403638595027829504.000000 2.358343601 8.567108154 -0.749093831 -0.640037239 -0.500191033 -0.457690954 0.361497194
1403638595527829504.000000 2.240857363 8.564257622 -0.708470702 -0.643067420 -0.500132680 -0.455710053 0.358691990
1403638596227829504.000000 2.054781199 8.506992340 -0.745610714 -0.627684772 -0.519507349 -0.476499677 0.330260664
1403638596527829504.000000 1.889912605 8.481161118 -0.744060636 -0.613407552 -0.532637894 -0.492537677 0.312145472
1403638597377829376.000000 0.658738256 8.502813339 -0.517166376 -0.600972712 -0.532293677 -0.511489749 0.306387931
1403638597577829376.000000 0.206561744 8.515619278 -0.505545855 -0.608660460 -0.515531063 -0.504203439 0.330967039
1403638597777829376.000000 -0.278796196 8.516638756 -0.513436198 -0.607596695 -0.515894890 -0.504519761 0.331871271
1403638597977829376.000000 -0.795530081 8.503845215 -0.538414538 -0.594566941 -0.532428384 -0.506526232 0.326253474
1403638598177829376.000000 -1.354157686 8.479697227 -0.552129686 -0.600539088 -0.529574454 -0.487423062 0.348313719
1403638598377829376.000000 -1.934250712 8.438562393 -0.555041790 -0.613388896 -0.523739755 -0.464533448 0.365594566
1403638598577829376.000000 -2.509662867 8.387603760 -0.578417122 -0.616012454 -0.527248204 -0.454794705 0.368374616
1403638598777829376.000000 -3.075859547 8.330110550 -0.620619416 -0.604137063 -0.543193281 -0.445057720 0.376673907
1403638598977829376.000000 -3.632440329 8.267732620 -0.645822763 -0.582997739 -0.565668404 -0.432414800 0.391344398
1403638599177829376.000000 -4.181873798 8.198797226 -0.648756385 -0.558742642 -0.589699209 -0.415857226 0.408808321
1403638599377829376.000000 -4.725880623 8.120272636 -0.627788186 -0.534670413 -0.616963327 -0.395568192 0.420725048
1403638599577829376.000000 -5.261363506 8.037254333 -0.590256989 -0.521160781 -0.634380877 -0.380723357 0.425443470
1403638599977829376.000000 -6.302776814 7.882572651 -0.589796245 -0.524806082 -0.635573447 -0.369434208 0.429119438
1403638600477829376.000000 -7.507165432 7.768602371 -0.673737824 -0.563916087 -0.612736285 -0.327859640 0.446162581
1403638600727829504.000000 -7.997273922 7.769138336 -0.673048139 -0.568685174 -0.614023089 -0.324138463 0.441029727
1403638600977829376.000000 -8.408294678 7.820782185 -0.638452590 -0.556877196 -0.634107232 -0.338295788 0.416355342
1403638601227829504.000000 -8.784329414 7.923913002 -0.625281870 -0.540665030 -0.642843366 -0.358514547 0.407309562
1403638601477829376.000000 -9.163544655 8.066509247 -0.621879578 -0.522384465 -0.640819013 -0.363437921 0.429393083
1403638601677829376.000000 -9.471867561 8.188632965 -0.595956743 -0.491295248 -0.657145798 -0.352438122 0.450084269
1403638601877829376.000000 -9.782753944 8.304189682 -0.545099497 -0.444432318 -0.686145782 -0.334154487 0.469067961
1403638602277829376.000000 -10.412352562 8.497959137 -0.456795841 -0.377949774 -0.720659673 -0.304389715 0.495126873
1403638602677829376.000000 -11.025368690 8.586027145 -0.348566741 -0.307646483 -0.695059657 -0.245968387 0.601452649
1403638604877829376.000000 -11.228008270 7.156369209 -0.125008166 -0.205000982 -0.787753761 -0.142349854 0.563165367
1403638605127829504.000000 -11.122694969 6.887396336 -0.107442379 -0.211477414 -0.802340150 -0.133592948 0.541923106
1403638605427829504.000000 -11.025457382 6.600721359 -0.056776971 -0.198842630 -0.804128528 -0.150724381 0.539556444
1403638606277829376.000000 -10.958806992 5.633575439 0.031854685 -0.171995357 -0.799940348 -0.192171201 0.541833401
1403638606477829376.000000 -10.989192963 5.331175327 0.016671464 -0.192936867 -0.806958854 -0.166742861 0.532719135
1403638606927829504.000000 -11.151827812 4.657881260 -0.086269014 -0.174918622 -0.827919066 -0.116622731 0.519954503
1403638607427829504.000000 -11.510442734 4.036643505 -0.136631638 -0.118881240 -0.814378142 -0.066740736 0.564093173
1403638607927829504.000000 -11.885240555 3.546439171 -0.294934213 -0.119942725 -0.813663244 -0.058975581 0.565763056
1403638608927829504.000000 -12.448542595 2.852195263 -0.886948287 -0.119382307 -0.802378953 -0.072291933 0.580267072
1403638609177829376.000000 -12.515741348 2.708673239 -0.990603924 -0.123430550 -0.805862784 -0.066081516 0.575311601
1403638609427829504.000000 -12.560392380 2.588665485 -1.097360969 -0.126595080 -0.803235173 -0.061888561 0.578754425
1403638609677829376.000000 -12.582928658 2.493031025 -1.245994806 -0.122312814 -0.805435240 -0.069073461 0.575797379
1403638609977829376.000000 -12.593416214 2.399900913 -1.417498469 -0.122473463 -0.805030882 -0.069347501 0.576295495
1403638610427829504.000000 -12.558401108 2.301354885 -1.610592127 -0.122897483 -0.794867039 -0.069946751 0.590076268
1403638610827829504.000000 -12.429891586 2.236243010 -1.830873013 -0.121781781 -0.792977333 -0.069296256 0.592920125
1403638611127829504.000000 -12.270578384 2.202539444 -1.952257991 -0.121367119 -0.792285919 -0.065510765 0.594358087
1403638611477829376.000000 -12.024449348 2.184180975 -2.097715855 -0.105728798 -0.795700192 -0.086784460 0.590043366
1403638611777829376.000000 -11.775055885 2.146155119 -2.174934864 -0.109671801 -0.802430868 -0.084855333 0.580410659
1403638612077829376.000000 -11.516683578 2.093014240 -2.277081966 -0.122350581 -0.806124151 -0.070519358 0.574648738
1403638612477829376.000000 -11.174295425 2.051046371 -2.347944498 -0.123931944 -0.804510474 -0.072625130 0.576306760
1403638612877829376.000000 -10.824539185 2.024767637 -2.463750124 -0.119492240 -0.800272703 -0.090859078 0.580542803
1403638613227829504.000000 -10.508390427 1.973477244 -2.532703400 -0.126058504 -0.802542806 -0.086498082 0.576673508
1403638613677829376.000000 -10.100730896 1.885723114 -2.558209896 -0.135981530 -0.796690166 -0.088392906 0.582220376
1403638613977829376.000000 -9.809142113 1.821838140 -2.635792017 -0.160403147 -0.785819471 -0.102855392 0.588370204
1403638614227829504.000000 -9.535945892 1.769161701 -2.722150326 -0.199630871 -0.783133984 -0.133514374 0.573605061
1403638614477829376.000000 -9.252159119 1.711499691 -2.776072979 -0.229002386 -0.779235125 -0.147756711 0.564374506
1403638614727829504.000000 -8.963401794 1.658314705 -2.780020475 -0.259830326 -0.771724761 -0.153264165 0.559856534
1403638614977829376.000000 -8.661507607 1.626930714 -2.734369993 -0.310937792 -0.762599051 -0.167513832 0.541940570
1403638615227829504.000000 -8.345889091 1.634100437 -2.656916618 -0.358901381 -0.737960994 -0.223311290 0.526056528
1403638615477829376.000000 -8.025259018 1.659291267 -2.579402447 -0.412144363 -0.703395009 -0.277771324 0.508149207
1403638615727829504.000000 -7.713356018 1.681193948 -2.530630350 -0.453223854 -0.676831722 -0.308779806 0.491062105
1403638615977829376.000000 -7.408126354 1.693006754 -2.461110592 -0.477992773 -0.660437703 -0.321590960 0.481585205
1403638616227829504.000000 -7.100060940 1.696830273 -2.429751635 -0.506331146 -0.639696062 -0.340393573 0.467493206
1403638616477829376.000000 -6.787966251 1.695428610 -2.488617897 -0.543033719 -0.610798895 -0.362432837 0.447975010
1403638616727829504.000000 -6.478254795 1.691380262 -2.581979275 -0.570825338 -0.601248324 -0.362659723 0.425601751
1403638617027829504.000000 -6.101920128 1.720618010 -2.694170713 -0.580294251 -0.601763129 -0.357590228 0.416256011
1403638617427829504.000000 -5.594061375 1.842101336 -2.726723671 -0.567744672 -0.616868019 -0.363392651 0.406307280
1403638618227829504.000000 -4.733412266 2.332623720 -2.501719236 -0.553338349 -0.625977695 -0.363984734 0.411683917
1403638618577829376.000000 -4.431268215 2.626694441 -2.435205460 -0.549326181 -0.627335191 -0.366123885 0.413091600
1403638618877829376.000000 -4.205253601 2.909005165 -2.376692772 -0.554548502 -0.619416177 -0.375424892 0.409702092
1403638619427829504.000000 -3.860065699 3.451658964 -2.330715656 -0.617167115 -0.537635446 -0.434671313 0.375651062
1403638621927829504.000000 -2.280265331 4.834568501 -2.594648600 -0.623938620 -0.505616248 -0.465998381 0.371346593
1403638624277829376.000000 -1.773668885 3.695797682 -2.576376438 -0.643811405 -0.497628808 -0.452610761 0.364713639
1403638624777829376.000000 -1.741734505 3.211738110 -2.623143435 -0.635143757 -0.495273799 -0.462107301 0.371151030
1403638625127829504.000000 -1.725296497 2.831856012 -2.616486788 -0.633726776 -0.510189354 -0.443774074 0.375715107
1403638625427829504.000000 -1.707045913 2.504787922 -2.626359224 -0.631890297 -0.513379633 -0.439492732 0.379476190
1403638625677829376.000000 -1.682264566 2.235212088 -2.605457306 -0.632747173 -0.515037537 -0.437901050 0.377637446
1403638625927829504.000000 -1.649519682 1.973017216 -2.577122450 -0.638690591 -0.520132244 -0.430528969 0.369027764
1403638626227829504.000000 -1.597639441 1.680597544 -2.582272053 -0.641095936 -0.519469440 -0.428976208 0.367596179
1403638626727829504.000000 -1.505686045 1.241945148 -2.654766798 -0.636401176 -0.526347518 -0.435056955 0.358716339
1403638627077829376.000000 -1.458070517 0.997516632 -2.659985542 -0.640168130 -0.530516863 -0.427741915 0.354645491
1403638627427829504.000000 -1.415766954 0.815140307 -2.682789803 -0.637195110 -0.532661021 -0.430548042 0.353387952
1403638627727829504.000000 -1.387205720 0.703502774 -2.722810507 -0.632541001 -0.529622376 -0.438332051 0.356731117
1403638628027829504.000000 -1.374052763 0.618594348 -2.769386530 -0.633103848 -0.531056702 -0.439024210 0.352726549
1403638628327829504.000000 -1.380786419 0.557758927 -2.803660393 -0.636011720 -0.530890167 -0.437268019 0.349916518
1403638628627829504.000000 -1.404147983 0.528323114 -2.813493490 -0.637530267 -0.512540460 -0.436107874 0.375056416
1403638628977829376.000000 -1.414531350 0.494375020 -2.837156296 -0.635002077 -0.516727269 -0.440857738 0.367980570
1403638629327829504.000000 -1.420557499 0.462536216 -2.856703043 -0.632440209 -0.523740590 -0.444022179 0.358552098
1403638629827829504.000000 -1.453569531 0.457969487 -2.854418278 -0.647039533 -0.510004759 -0.425475776 0.374440163
1403638630127829504.000000 -1.446708798 0.470878690 -2.894433498 -0.628371716 -0.510652065 -0.453324497 0.372666806
1403638630427829504.000000 -1.450595379 0.473071516 -2.961380482 -0.642238915 -0.521032691 -0.430783510 0.361219764
1403638630627829504.000000 -1.456980824 0.492794275 -2.960757256 -0.630230844 -0.517650604 -0.447982609 0.366276503
1403638630927829504.000000 -1.453111410 0.483771324 -2.979923010 -0.640976310 -0.540616274 -0.421765149 0.344960272
1403638631427829504.000000 -1.454739571 0.451255828 -2.981401920 -0.641345918 -0.540517986 -0.421178132 0.345144600
