1403636624363555584.000000 0.033676248 1.654875636 0.211215138 -0.596840858 -0.535231113 -0.414884835 0.430324554
1403636627013555456.000000 0.142410457 1.656974912 0.537869871 -0.588177741 -0.566498816 -0.412417322 0.403779685
1403636628063555584.000000 0.245138764 1.576440573 0.579887629 -0.631060481 -0.544806421 -0.415512770 0.363727629
1403636630963555584.000000 1.282861114 1.980710626 0.697159886 -0.712629199 -0.411778778 -0.488288224 0.290125161
1403636633413555456.000000 2.149774313 2.859293461 0.505421460 -0.655608654 -0.501446486 -0.444073111 0.348608524
1403636634713555456.000000 2.672816277 3.637568235 0.460701495 -0.644078791 -0.498535514 -0.458467513 0.355573267
1403636636463555584.000000 3.441216946 4.793583393 0.702966332 -0.623381913 -0.510510921 -0.457511336 0.376107603
1403636636913555456.000000 3.630479336 5.038574219 0.758773386 -0.611923456 -0.525826752 -0.472237408 0.355032057
1403636638263555584.000000 3.821593285 5.636693954 0.803821564 -0.623012066 -0.523629189 -0.442584038 0.376547128
1403636638713555456.000000 3.890137434 5.844933510 0.725845933 -0.643359840 -0.533280253 -0.411433280 0.363899708
1403636641613555456.000000 4.864892006 7.284645081 0.531807959 -0.601351202 -0.548579454 -0.424491048 0.396540910
1403636643313555456.000000 5.184150219 7.543015480 0.538203657 -0.637679458 -0.510580003 -0.443024963 0.369326293
1403636643913555456.000000 5.324700356 7.662148952 0.601709306 -0.648526549 -0.528247356 -0.420382351 0.351634294
1403636644213555456.000000 5.413043976 7.783606529 0.615117311 -0.647665501 -0.527433455 -0.421543390 0.353050411
1403636647113555456.000000 6.996004581 9.485996246 0.473835230 -0.710346699 -0.395812482 -0.502336502 0.293935537
1403636647413555456.000000 7.167448521 9.603791237 0.505879998 -0.710096717 -0.397157371 -0.499017298 0.298346132
1403636649913555456.000000 8.452260971 9.565199852 0.710653067 -0.772080183 -0.231010422 -0.563486695 0.181684539
1403636650113555456.000000 8.517103195 9.524594307 0.744082510 -0.773851812 -0.221321970 -0.567504466 0.173518106
1403636652763555584.000000 8.446365356 8.476820946 0.591170669 0.832840323 -0.073156439 0.547390401 0.037268177
1403636653363555584.000000 8.470079422 8.151236534 0.604900539 0.811595917 -0.058864202 0.579826415 0.040601604
1403636654113555456.000000 8.480928421 7.832538605 0.646104455 0.807929158 -0.049915832 0.586570024 0.026354235
1403636654463555584.000000 8.418077469 7.700249195 0.645123363 0.808117509 -0.085406899 0.580184698 0.055114821
1403636655363555584.000000 8.204376221 7.415158272 0.657922029 0.787921727 -0.157403380 0.586344898 0.102972813
1403636655513555456.000000 8.151928902 7.377084732 0.646692455 0.784519970 -0.170393497 0.585958242 0.110214911
1403636655663555584.000000 8.083561897 7.342304230 0.641825616 0.790292799 -0.192126185 0.569937348 0.117030300
1403636657363555584.000000 7.283842087 6.723760128 0.547010005 0.767778277 -0.255130798 0.565870523 0.158793554
1403636657663555584.000000 7.096498013 6.615495682 0.518165946 0.778276384 -0.262246519 0.550467312 0.149994597
1403636657813555456.000000 7.001026154 6.550670624 0.492863774 0.776383698 -0.266880602 0.550899923 0.150041372
1403636658713555456.000000 6.433823109 6.012491226 0.399613112 0.785145462 -0.257600576 0.530595303 0.188831210
1403636658913555456.000000 6.341046810 5.898051262 0.362481624 0.779283762 -0.252324849 0.538617492 0.197333127
1403636659063555584.000000 6.281299591 5.824032307 0.326072603 0.771716475 -0.256778657 0.549383044 0.191563547
1403636659463555584.000000 6.126471996 5.669751644 0.220271364 0.776536524 -0.259745628 0.542955518 0.186340123
1403636659913555456.000000 5.975741863 5.547187805 0.133968011 0.773229897 -0.262015373 0.544722974 0.191677466
1403636662363555584.000000 6.058982372 5.678322315 -0.421591550 0.770323157 -0.259188980 0.548995972 0.195004299
1403636662763555584.000000 6.044434071 5.825952053 -0.454402655 0.773138344 -0.282114714 0.542133391 0.169587284
1403636663563555584.000000 6.038903236 5.923896313 -0.609566808 0.798861206 -0.271482021 0.501660943 0.190930486
1403636663963555584.000000 6.174128532 5.893688679 -0.708714783 0.795945644 -0.245543778 0.508421063 0.218373522
1403636664863555584.000000 6.821926117 6.113305092 -0.848868668 0.777575135 -0.236692220 0.554181993 0.179544374
1403636665513555456.000000 7.257087231 6.398601055 -0.808036447 0.785317600 -0.236451373 0.547321439 0.166752219
1403636668313555456.000000 8.593870163 7.391474247 -0.775173426 0.791048586 -0.242516935 0.536478639 0.166187987
1403636668613555456.000000 8.743400574 7.439869404 -0.837237477 0.787444651 -0.245681435 0.537976742 0.173645318
1403636669813555456.000000 9.401032448 7.929304123 -0.984301567 0.754814744 -0.243869334 0.581416905 0.180933714
1403636670113555456.000000 9.466881752 8.128783226 -0.976514339 0.758554935 -0.274696261 0.576841772 0.128023908
1403636670563555584.000000 9.378909111 8.301280975 -0.934986770 0.754989982 -0.262598366 0.597053885 0.067518748
1403636670713555456.000000 9.286059380 8.301401138 -0.909423172 0.763374329 -0.237268209 0.598823786 0.048718520
1403636673463555584.000000 7.402829647 6.360605240 -0.395815164 -0.844042778 -0.089407995 -0.527653277 0.034354068
1403636674113555456.000000 7.632817268 6.500772953 -0.398778945 -0.818829060 -0.096877232 -0.564163744 0.043046221
1403636676963555584.000000 9.139186859 8.071164131 -0.877556741 -0.751226366 -0.333872974 -0.513006926 0.247005582
1403636679463555584.000000 9.556713104 9.322270393 -0.912443876 -0.509281993 -0.628181696 -0.366115063 0.460412323
1403636681313555456.000000 8.926432610 9.025872231 -0.647491693 -0.486007959 -0.663188815 -0.343338728 0.453977466
1403636683213555456.000000 7.668612003 8.296401024 -0.543044984 -0.476235688 -0.654888570 -0.353552788 0.468317211
1403636685313555456.000000 6.478821754 7.142165184 -0.568211734 -0.468374252 -0.668544888 -0.342859238 0.464888126
1403636687913555456.000000 5.355237484 5.773444176 -0.669646025 -0.475028396 -0.658965170 -0.332461059 0.479147822
1403636689113555456.000000 4.975195885 5.234749794 -0.978040040 -0.460191697 -0.680303752 -0.320735455 0.471740603
1403636689563555584.000000 4.777749538 5.073893547 -0.931804419 -0.453539610 -0.689730465 -0.302539498 0.476490825
1403636690313555456.000000 4.519764900 5.026075840 -0.803097665 -0.466073006 -0.688866079 -0.294662178 0.470546216
1403636690463555584.000000 4.482807636 5.062047958 -0.772313297 -0.465298057 -0.687983394 -0.297333717 0.470923930
1403636690763555584.000000 4.417391300 5.165346146 -0.741354167 -0.479597896 -0.667632103 -0.276820421 0.497618169
1403636691063555584.000000 4.419226170 5.304658890 -0.786297441 -0.474338591 -0.637115538 -0.280907750 0.538681328
1403636691363555584.000000 4.557244301 5.424012184 -0.775162637 -0.441811562 -0.647691429 -0.322935998 0.530104518
1403636693763555584.000000 5.881482601 5.483799934 -0.057908971 -0.459538728 -0.703671396 -0.289473385 0.458122164
1403636694913555456.000000 5.967864990 5.773456097 -0.021940786 -0.450813115 -0.680202842 -0.302536249 0.492507428
1403636695263555584.000000 6.008717537 5.857691765 -0.051991634 -0.451956183 -0.680883646 -0.308879077 0.486545891
1403636695613555456.000000 6.058959007 5.938725471 -0.017991323 -0.448255002 -0.680687964 -0.321666092 0.481935978
1403636698363555584.000000 5.741965294 5.799495220 -0.019805826 -0.536625504 -0.617752016 -0.379893690 0.431388885
1403636700963555584.000000 5.254899979 5.317724705 -0.483323276 -0.767861366 -0.286125183 -0.530395746 0.217259616
1403636702863555584.000000 5.732164383 4.974249363 -0.765460134 -0.804276466 -0.210307077 -0.538339853 0.138204604
1403636705313555456.000000 6.884918213 5.076450348 -1.089036703 -0.792175889 -0.231603175 -0.544175863 0.150632188
1403636705513555456.000000 7.028194904 5.156642437 -1.103737593 -0.795176566 -0.231277555 -0.539941847 0.150558591
1403636705913555456.000000 7.324175358 5.356657505 -1.168046713 -0.791684687 -0.222703978 -0.545424819 0.161710113
1403636706113555456.000000 7.475742340 5.462550640 -1.178342819 -0.788704216 -0.208459616 -0.547709703 0.185753942
1403636706313555456.000000 7.627868652 5.550079346 -1.193831563 -0.784313440 -0.223226950 -0.553352356 0.169774100
1403636707513555456.000000 8.463522911 6.185130119 -1.156224728 -0.796316922 -0.223240286 -0.544353783 0.140435278
1403636707913555456.000000 8.736071587 6.478576183 -1.084536433 -0.800152302 -0.211140484 -0.538361669 0.159194231
1403636710613555456.000000 10.043285370 8.162381172 -1.411555529 -0.782151282 -0.228447095 -0.546443641 0.193522066
1403636713263555584.000000 9.209679604 9.005033493 -1.136194468 -0.720518947 -0.360395581 -0.527982056 0.268705398
1403636715863555584.000000 7.919125557 8.255562782 -0.708609462 -0.670264721 -0.445616841 -0.487149030 0.338905305
1403636717263555584.000000 7.651128769 7.706233025 -0.683774114 -0.629883409 -0.517281711 -0.448102504 0.367247641
1403636719863555584.000000 6.476856709 6.672407150 -0.899819374 -0.542507112 -0.607773662 -0.376182050 0.441343784
1403636722663555584.000000 6.125301838 5.695237637 -1.018929482 -0.614847004 -0.533747017 -0.436726719 0.382553399
1403636725613555456.000000 5.634313107 4.766486168 -0.701531351 -0.696112454 -0.432710916 -0.482335508 0.309097558
1403636728363555584.000000 5.308214188 4.217318535 -0.165659919 -0.677022040 -0.447999716 -0.488195717 0.320316136
1403636731213555456.000000 4.257537365 3.359889269 0.002808336 -0.660205305 -0.483133167 -0.439083606 0.371371597
1403636734163555584.000000 3.652438641 2.569465876 0.016963596 -0.639702022 -0.503570676 -0.459512800 0.355029374
1403636736963555584.000000 2.716737509 1.990835190 0.361771494 -0.608064175 -0.540997028 -0.444344282 0.374350458
1403636738813555456.000000 2.277314425 1.867302656 0.533787727 -0.652102888 -0.498790085 -0.436309159 0.368245423
1403636741563555584.000000 2.690455675 1.696982861 -0.189814597 -0.760509610 -0.321012437 -0.511180460 0.239313036
1403636743113555456.000000 2.853737831 1.718782425 -0.524486721 -0.752295554 -0.333687484 -0.512415469 0.245223418
1403636745863555584.000000 3.651575327 2.124965429 -1.641966105 -0.754902720 -0.293405175 -0.545995355 0.214299783
1403636748663555584.000000 3.551054478 2.654740095 -1.096015334 -0.771130979 -0.268284798 -0.541435838 0.200567633
1403636751013555456.000000 3.514004707 2.683259726 -0.438327432 -0.763137460 -0.290226370 -0.541379392 0.200744137
1403636751263555584.000000 3.454540730 2.672822475 -0.312410384 -0.771072388 -0.290084869 -0.531504750 0.196979553
1403636751713555456.000000 3.364997864 2.681292295 -0.119335890 -0.771770298 -0.277264893 -0.525403559 0.226816833
1403636754413555456.000000 3.111844778 2.717712402 0.356423378 -0.630795181 -0.501071513 -0.471055120 0.359349310
1403636756413555456.000000 1.960029125 2.300696850 0.486071557 -0.594315469 -0.553519189 -0.430716693 0.393559188
1403636756713555456.000000 1.756049037 2.238255978 0.490222931 -0.592047632 -0.553613722 -0.430284381 0.397299349
1403636757163555584.000000 1.446163177 2.098934889 0.531106532 -0.591556132 -0.554229736 -0.426793277 0.400921792
1403636757563555584.000000 1.169603944 1.941029310 0.522056401 -0.590015292 -0.566368937 -0.421901613 0.391289115
1403636757963555584.000000 0.871936679 1.812474370 0.584177852 -0.588656187 -0.589385152 -0.391378045 0.391065657
1403636758163555584.000000 0.723402143 1.782322288 0.641273677 -0.575630248 -0.580413759 -0.403493077 0.411051333
1403636758563555584.000000 0.441188931 1.715036273 0.662754774 -0.596813619 -0.582180798 -0.370524704 0.409378231
1403636758863555584.000000 0.274500519 1.706650376 0.648708284 -0.588597059 -0.573421240 -0.385754883 0.419445962
1403636759313555456.000000 0.100767374 1.714985013 0.582243860 -0.593181252 -0.552678227 -0.376521528 0.448234618
1403636759713555456.000000 0.058731966 1.689623594 0.483419538 -0.571602702 -0.575533688 -0.405574113 0.421356231
1403636760113555456.000000 0.039585575 1.636037111 0.450641453 -0.581869662 -0.584494531 -0.391130954 0.408424377
1403636760463555584.000000 0.028777201 1.604104042 0.406930983 -0.571126103 -0.575356722 -0.407137424 0.420736074
1403636760813555456.000000 0.017559502 1.562474847 0.351737052 -0.572952628 -0.587786436 -0.402614057 0.405135125
1403636761163555584.000000 -0.017658003 1.528148413 0.304706633 -0.580374599 -0.593087673 -0.389660895 0.399470627
1403636761313555456.000000 -0.039169028 1.523272395 0.286805362 -0.585159004 -0.598236024 -0.381865203 0.392277509
1403636761413555456.000000 -0.054498412 1.527888417 0.281479865 -0.581277251 -0.594275415 -0.387556493 0.398438901
1403636761863555584.000000 -0.123161569 1.562670231 0.289544880 -0.580705404 -0.568898618 -0.391839534 0.430810213
1403636762313555456.000000 -0.155682415 1.573636651 0.321384132 -0.573715925 -0.594619691 -0.406129301 0.390302926
1403636762713555456.000000 -0.219664782 1.616836190 0.265969932 -0.592162728 -0.561248243 -0.379579991 0.436191350
1403636763063555584.000000 -0.197542667 1.602200389 0.221721977 -0.599182665 -0.548199177 -0.405112237 0.419930995
1403636763463555584.000000 -0.187626347 1.585062742 0.204788789 -0.609286606 -0.527715206 -0.412594527 0.424325556
1403636763613555456.000000 -0.187202603 1.577755570 0.198681757 -0.609605908 -0.527421951 -0.412200212 0.424614847
1403636763813555456.000000 -0.186003864 1.566554427 0.191274568 0.609658659 0.527135789 0.412079245 -0.425011575
