1403638147795097088.000000 0.444382846 0.766822815 -1.190851212 -0.568730533 -0.616270542 -0.365579873 0.403865844
1403638148095097088.000000 0.442605704 0.795810580 -1.155356526 -0.560651481 -0.598770678 -0.385626495 0.422416836
1403638150095097088.000000 0.268463492 1.146201372 -0.755523086 -0.523957729 -0.629934192 -0.375151843 0.433488637
1403638152545096960.000000 -1.119691253 1.734060884 -0.645634532 -0.376533747 -0.735495448 -0.276681006 0.490628630
1403638152945096960.000000 -1.490608096 1.804964542 -0.632613778 -0.364128828 -0.737702727 -0.254349977 0.508439720
1403638153345096960.000000 -1.883146167 1.882140160 -0.551694214 -0.331660688 -0.761243880 -0.224755540 0.509895921
1403638153945096960.000000 -2.543507814 2.007721424 -0.450311542 -0.248722240 -0.788176417 -0.184456602 0.531874835
1403638155295097088.000000 -4.050499916 1.925507188 -0.389264911 -0.179663524 -0.791624606 -0.153219342 0.563538373
1403638155445096960.000000 -4.203081131 1.864702940 -0.373402059 -0.163856104 -0.790407538 -0.149767414 0.570943773
1403638155745096960.000000 -4.488973618 1.702454209 -0.381978720 -0.131144121 -0.790010214 -0.109103009 0.588881791
1403638156345096960.000000 -4.936018944 1.297300816 -0.395013422 -0.025865536 -0.827005029 -0.007954554 0.561542988
1403638156545096960.000000 -5.077724934 1.172506690 -0.385587215 -0.010234244 -0.831270635 0.007793855 0.555719018
1403638156745096960.000000 -5.230779171 1.060245752 -0.399845868 -0.005420069 -0.831725180 0.011194800 0.555048287
1403638157145096960.000000 -5.580996037 0.868217409 -0.439710468 -0.012037685 -0.835930109 0.006148855 0.548669457
1403638158145096960.000000 -6.676377296 0.435909033 -0.352250516 0.086159699 -0.817658067 0.065559581 0.565432370
1403638158445096960.000000 -7.004671574 0.302267194 -0.340620100 0.102437489 -0.815612257 0.072985247 0.564762235
1403638158695097088.000000 -7.268373013 0.196674228 -0.356139600 0.105602957 -0.812730849 0.067691907 0.568976641
1403638159195097088.000000 -7.780302048 -0.022788271 -0.331007540 0.091231927 -0.838311017 0.074071042 0.532376707
1403638159595097088.000000 -8.248574257 -0.175604165 -0.289602011 0.070911191 -0.799742281 0.097424477 0.588126242
1403638160045096960.000000 -8.697319984 -0.208332211 -0.131856233 0.083954386 -0.791506767 0.083094701 0.599636495
1403638160445096960.000000 -8.980193138 -0.147926509 0.134812102 0.095765732 -0.821821213 0.072951362 0.556881428
1403638160645096960.000000 -9.123513222 -0.117804401 0.271910846 0.095189877 -0.824781835 0.073016904 0.552577972
1403638161045096960.000000 -9.428400040 -0.047974490 0.500390410 0.056034047 -0.804445207 0.072517723 0.586915016
1403638161445096960.000000 -9.676520348 0.089426942 0.675900280 -0.016620152 -0.818585515 0.010482950 0.574048400
1403638162295097088.000000 -10.169892311 0.490082383 0.892603636 -0.083669126 -0.820632815 -0.021783616 0.564877808
1403638162545096960.000000 -10.316809654 0.653013110 0.950097740 -0.087217987 -0.817687690 -0.021469770 0.568611503
1403638163495097088.000000 -10.800278664 1.479121327 1.196193695 -0.138558507 -0.803009689 -0.077781126 0.574392915
1403638165595097088.000000 -10.834877968 3.754703522 1.599153042 -0.204540133 -0.778645277 -0.115977257 0.581742406
1403638166845096960.000000 -10.106948853 4.986721516 1.739434481 -0.195364252 -0.802792251 -0.110619597 0.552377403
1403638167045096960.000000 -10.005099297 5.161775589 1.765823364 -0.204232976 -0.816311955 -0.096178599 0.531670332
1403638167445096960.000000 -9.889116287 5.579796314 1.876174331 -0.193850860 -0.816740394 -0.112190574 0.531761408
1403638167645096960.000000 -9.871113777 5.807637691 1.928600192 -0.201100439 -0.805594146 -0.107394755 0.546848238
1403638168845096960.000000 -9.721569061 7.516938686 2.133007050 -0.299588054 -0.782235742 -0.206489474 0.505684137
1403638169045096960.000000 -9.729990959 7.820491791 2.133139372 -0.296223372 -0.781761408 -0.208572313 0.507541478
1403638169695097088.000000 -9.801200867 8.800629616 2.031888247 -0.354158580 -0.725719631 -0.213509828 0.549833059
1403638169895097088.000000 -9.760773659 9.100595474 2.034735918 -0.374759257 -0.717765033 -0.261447638 0.525370300
1403638170095097088.000000 -9.709827423 9.377817154 2.065185070 -0.398605108 -0.691387236 -0.305846930 0.519187212
1403638170495097088.000000 -9.582872391 9.830554962 2.064205408 -0.486447811 -0.640095294 -0.331089079 0.493990541
1403638170895097088.000000 -9.368568420 10.195189476 2.091506720 -0.546807051 -0.583002090 -0.367800027 0.475219637
1403638171345096960.000000 -8.997344971 10.475369453 2.097715616 -0.585636735 -0.539681256 -0.400486261 0.453193754
1403638171845096960.000000 -8.432876587 10.589083672 2.061181307 -0.609253645 -0.500903308 -0.415428102 0.453128546
1403638172095097088.000000 -8.072070122 10.542227745 2.068584681 -0.612509906 -0.489462346 -0.431601435 0.446070075
1403638172345096960.000000 -7.671253681 10.418462753 2.065060616 -0.613824427 -0.490181655 -0.436408639 0.438735843
1403638174545096960.000000 -3.135971546 7.341510773 0.467736185 -0.616427183 -0.542141438 -0.412376553 0.395026445
1403638174745096960.000000 -2.732529640 7.023104191 0.307046771 -0.618637323 -0.551949918 -0.408335716 0.381970018
1403638175045096960.000000 -2.154936314 6.594202042 0.120035104 -0.619593918 -0.556242168 -0.407694548 0.374810934
1403638176445096960.000000 -0.042063400 5.906509399 -0.230434045 -0.599513054 -0.560211599 -0.436788470 0.368731439
1403638177395097088.000000 0.588349700 6.171253681 -0.213335559 -0.602397919 -0.563417315 -0.435993314 0.359982550
1403638177645096960.000000 0.650873363 6.265376568 -0.265816212 -0.614679337 -0.550665617 -0.421791345 0.375538081
1403638177995097088.000000 0.730552554 6.407426357 -0.359534651 -0.620160341 -0.522325277 -0.424746871 0.402700484
1403638179545096960.000000 1.523546457 6.458672047 -0.556984365 -0.749175787 -0.349241942 -0.501786828 0.254903704
1403638179945096960.000000 1.827715039 6.454567909 -0.647335827 -0.775483608 -0.273183912 -0.529061794 0.209974930
1403638180195097088.000000 2.025413752 6.446229458 -0.665965497 -0.791420400 -0.248951837 -0.524936616 0.190048367
1403638180595097088.000000 2.379116058 6.441407681 -0.724644780 -0.793866754 -0.248731047 -0.525800645 0.177319571
1403638181695097088.000000 3.621074438 6.541824818 -0.888663113 -0.787541747 -0.177335158 -0.561705709 0.181154475
1403638182145096960.000000 4.143568993 6.433419704 -0.890197277 -0.817769170 -0.124448255 -0.551768601 0.106384538
1403638182395097088.000000 4.432255268 6.361045361 -0.866717696 -0.828340292 -0.107207306 -0.539316356 0.107223623
1403638182645096960.000000 4.746799946 6.280397892 -0.822894275 -0.830602884 -0.123299316 -0.535915792 0.087695368
1403638183145096960.000000 5.447272778 6.155041218 -0.711654127 -0.814271867 -0.132808700 -0.557001352 0.095250264
1403638183695097088.000000 6.245776176 6.082861900 -0.719420433 -0.822844505 -0.144396290 -0.543189585 0.083795086
1403638183945096960.000000 6.620822906 6.094118118 -0.698851645 -0.807704568 -0.143113986 -0.565525115 0.085516259
1403638184445096960.000000 7.323140144 6.178616047 -0.614021063 -0.817310989 -0.140128866 -0.552560747 0.083924919
1403638184945096960.000000 8.005942345 6.347294331 -0.574029148 -0.811619580 -0.137972459 -0.561469555 0.083602235
1403638185195097088.000000 8.329157829 6.455125332 -0.544146597 -0.812442124 -0.139203534 -0.560223103 0.081916913
1403638185445096960.000000 8.640018463 6.582409859 -0.510214269 -0.807010233 -0.150043860 -0.566134512 0.075584799
1403638185945096960.000000 9.181073189 6.928439140 -0.434904009 -0.803318560 -0.170253456 -0.553623319 0.138542965
1403638186195097088.000000 9.428627014 7.099235058 -0.421759456 -0.805029035 -0.181402206 -0.548890591 0.133194059
1403638186645096960.000000 9.869047165 7.389624119 -0.361823022 -0.803744733 -0.188846439 -0.551435649 0.119373426
1403638189345096960.000000 10.580566406 9.106910706 0.048801817 -0.711811900 -0.367327511 -0.530808389 0.276833594
1403638190445096960.000000 9.890338898 9.148726463 0.181894630 -0.683754623 -0.427512079 -0.521699071 0.278465718
1403638190645096960.000000 9.761751175 9.184737206 0.156280652 -0.678547323 -0.438479304 -0.515992701 0.284712255
1403638191445096960.000000 9.074165344 9.241099358 0.205425590 -0.696528673 -0.442514032 -0.479450673 0.298590392
1403638191645096960.000000 8.896182060 9.250845909 0.231766328 -0.697000921 -0.442120463 -0.480747849 0.295974135
1403638191845096960.000000 8.721323967 9.272200584 0.233089820 -0.694115043 -0.447999179 -0.485574067 0.285864949
1403638192845096960.000000 7.783152580 9.549925804 0.466180503 -0.672515512 -0.420954257 -0.515143991 0.324264050
1403638193045096960.000000 7.574584484 9.571370125 0.519949794 -0.663761079 -0.401047766 -0.521408916 0.355970263
1403638193245096960.000000 7.365225792 9.537785530 0.581782103 -0.664158762 -0.421130419 -0.506858528 0.353039235
1403638196095097088.000000 4.806713581 7.916802406 0.874684095 -0.694975019 -0.467328846 -0.450293630 0.309595346
1403638197995097088.000000 4.147671700 8.390568733 1.098585248 -0.663295865 -0.450502336 -0.495671183 0.333761096
1403638198395097088.000000 3.965843439 8.489981651 1.015468836 -0.669596493 -0.455120981 -0.486685783 0.328089207
1403638198695097088.000000 3.809352636 8.531672478 0.889714122 -0.652766049 -0.475836575 -0.508352816 0.298418283
1403638198945096960.000000 3.615955830 8.559242249 0.812550426 -0.642395794 -0.482266098 -0.520305932 0.289877355
1403638199395097088.000000 3.061857224 8.601688385 0.824607313 -0.644358218 -0.474689871 -0.519390404 0.299509019
1403638199795097088.000000 2.372090578 8.623888016 0.961970270 -0.646762133 -0.487769544 -0.497283667 0.310626090
1403638199995097088.000000 1.980077744 8.631762505 1.026310682 -0.650191426 -0.489915460 -0.479320556 0.327850342
1403638200195097088.000000 1.580308795 8.638022423 1.075180531 -0.632157922 -0.508210778 -0.478632778 0.336167902
1403638200395097088.000000 1.165224791 8.639838219 1.139220476 -0.604053497 -0.526288927 -0.478634655 0.359232783
1403638200795097088.000000 0.266327083 8.609454155 1.338110328 -0.564308941 -0.576947749 -0.467541277 0.360682517
1403638200995097088.000000 -0.229076594 8.577169418 1.429325104 -0.567762315 -0.579529345 -0.448474497 0.375049770
1403638201195097088.000000 -0.742350101 8.539579391 1.490280986 -0.574165165 -0.572836637 -0.437119603 0.388740450
1403638201395097088.000000 -1.258153319 8.497050285 1.522125363 -0.576520145 -0.570743501 -0.437334657 0.388091177
1403638201795097088.000000 -2.289906025 8.396945000 1.495789886 -0.577409625 -0.564205229 -0.444830656 0.387809485
1403638201995097088.000000 -2.808427572 8.330058098 1.445547223 -0.575963378 -0.566714823 -0.440367311 0.391378522
1403638202195097088.000000 -3.328285217 8.243873596 1.407705188 -0.577386260 -0.572424531 -0.420622289 0.402532071
1403638202395097088.000000 -3.835639715 8.150601387 1.392893314 -0.579647362 -0.579016328 -0.406885594 0.403971732
1403638202595097088.000000 -4.325547695 8.067689896 1.367637396 -0.581049621 -0.579630315 -0.400829643 0.407118559
1403638202995097088.000000 -5.239787102 7.925017834 1.258157849 -0.580822349 -0.577788889 -0.403172404 0.407746851
1403638203395097088.000000 -6.075024128 7.788727760 1.203236461 -0.574694216 -0.572612762 -0.412180781 0.414666384
1403638203595097088.000000 -6.465813160 7.714028835 1.173948169 -0.577339053 -0.570564389 -0.408486545 0.417462260
1403638203795097088.000000 -6.835526943 7.633066177 1.155281305 -0.577150762 -0.571970999 -0.408472776 0.415807992
1403638203995097088.000000 -7.183047771 7.545591354 1.162824392 -0.576184452 -0.572823226 -0.407641441 0.416789562
1403638204445096960.000000 -7.887109280 7.340023518 1.267246604 -0.600269079 -0.570228457 -0.371065319 0.420508087
1403638204745096960.000000 -8.259546280 7.235508919 1.323825717 -0.589912951 -0.578078806 -0.371512920 0.424035043
1403638204995097088.000000 -8.523092270 7.166904926 1.325739861 -0.538961887 -0.620208919 -0.373961091 0.430132598
1403638205245096960.000000 -8.787216187 7.103859425 1.307731509 -0.465167105 -0.675165117 -0.334697694 0.464487970
1403638205495097088.000000 -9.056296349 7.036606312 1.333835483 -0.374713123 -0.721020043 -0.290177613 0.505487025
1403638205745096960.000000 -9.319485664 6.943192005 1.404354334 -0.308759421 -0.740997970 -0.288627505 0.521808326
1403638206245096960.000000 -9.896602631 6.563862801 1.629336238 -0.228041366 -0.772101820 -0.216727227 0.552164018
1403638206495097088.000000 -10.184361458 6.298583508 1.731882930 -0.209203184 -0.773360133 -0.176605046 0.571803093
1403638206995097088.000000 -10.657730103 5.704470158 1.807945251 -0.185579866 -0.773688555 -0.147285953 0.587599277
1403638207245096960.000000 -10.831564903 5.388700008 1.782833457 -0.178323597 -0.771529377 -0.141567916 0.594055235
1403638207495097088.000000 -10.954173088 5.055183887 1.723424315 -0.147206068 -0.772825778 -0.120797276 0.605374813
1403638207745096960.000000 -11.012759209 4.706489086 1.690062642 -0.120761178 -0.791636169 -0.085643724 0.592785060
1403638208195097088.000000 -11.024934769 4.124291420 1.721686840 -0.113938853 -0.799834430 -0.068449326 0.585318387
1403638208445096960.000000 -11.001131058 3.831411839 1.702377319 -0.115241371 -0.802722931 -0.072202258 0.580639482
1403638208695097088.000000 -10.959194183 3.551610470 1.686452627 -0.097113252 -0.807963967 -0.057366218 0.578335881
1403638208945096960.000000 -10.903132439 3.293279171 1.701713562 -0.078415841 -0.807843924 -0.044510067 0.582458735
1403638209245096960.000000 -10.814376831 3.010057211 1.675875306 -0.070738457 -0.808467686 -0.038146008 0.583027542
1403638209545096960.000000 -10.708542824 2.755269527 1.591918349 -0.071857795 -0.806299686 -0.034027599 0.586139500
1403638209795097088.000000 -10.609908104 2.566522837 1.428174019 -0.072356969 -0.806295633 -0.037142042 0.585894465
1403638210045096960.000000 -10.497725487 2.393944263 1.184812427 -0.068586841 -0.798676014 -0.044207338 0.596203148
1403638210295097088.000000 -10.353434563 2.229799032 0.956782341 -0.069238663 -0.791589618 -0.043470368 0.605559409
1403638210595097088.000000 -10.115612984 2.040903807 0.692671180 -0.070407160 -0.791223288 -0.043605931 0.605893493
1403638210945096960.000000 -9.758744240 1.833402634 0.374658316 -0.074257478 -0.794735849 -0.039553083 0.601095855
1403638211245096960.000000 -9.396058083 1.676139593 0.172202080 -0.076946191 -0.802992821 -0.033932310 0.590025783
1403638211495097088.000000 -9.083268166 1.570963025 0.037501756 -0.093209565 -0.802814722 -0.044580668 0.587207913
1403638211745096960.000000 -8.752551079 1.488000631 -0.126947775 -0.140838772 -0.795666873 -0.067321979 0.585274577
1403638211995097088.000000 -8.406024933 1.434849858 -0.292776287 -0.204944685 -0.784020245 -0.098770067 0.577541828
1403638212245096960.000000 -8.043582916 1.417928338 -0.410905421 -0.255423814 -0.769569695 -0.142931774 0.567531347
1403638212495097088.000000 -7.661979198 1.420902729 -0.475044847 -0.303783178 -0.751552820 -0.184364200 0.555782259
1403638212745096960.000000 -7.260376453 1.434042454 -0.493304729 -0.355220646 -0.732105553 -0.219364226 0.538255572
1403638212995097088.000000 -6.840931416 1.453429580 -0.471986800 -0.410420477 -0.704627335 -0.256068528 0.519118667
1403638213245096960.000000 -6.408328533 1.482539892 -0.432847768 -0.474785239 -0.672206521 -0.282644987 0.492777020
1403638213495097088.000000 -5.960616112 1.534276724 -0.428626060 -0.545591593 -0.633789420 -0.291032314 0.464694560
1403638213695097088.000000 -5.578825474 1.608616948 -0.438322037 -0.559200406 -0.607831657 -0.335196406 0.453297973
1403638213945096960.000000 -5.089975357 1.718736887 -0.422796816 -0.553229988 -0.600421190 -0.371577442 0.441996843
1403638214195097088.000000 -4.610047340 1.825567007 -0.376872152 -0.558970928 -0.612848222 -0.360453486 0.426663816
1403638216995097088.000000 -0.549721956 2.911823511 -0.720601439 -0.541781068 -0.598406076 -0.401177645 0.432943255
1403638219595097088.000000 0.253939390 2.446583509 -0.760856092 -0.588363349 -0.540857375 -0.439047575 0.410535067
1403638221045096960.000000 0.327067435 1.668718457 -0.771976054 -0.603451371 -0.553261757 -0.425096512 0.386058182
1403638221545096960.000000 0.320694983 1.419408083 -0.798763275 -0.612653375 -0.550952554 -0.415611625 0.385193557
1403638222045096960.000000 0.323242068 1.209073782 -0.814075053 -0.606053114 -0.548915803 -0.424496710 0.388836324
1403638222545096960.000000 0.323186994 1.029871583 -0.811278343 -0.614983797 -0.557926774 -0.412232786 0.374935865
1403638222945096960.000000 0.317227483 0.943879843 -0.865951061 -0.601277471 -0.544167519 -0.431186944 0.395506114
1403638223195097088.000000 0.307306468 0.881114960 -0.893315136 -0.609674573 -0.551205873 -0.419292569 0.385568261
1403638223445096960.000000 0.297435910 0.818876982 -0.905371070 -0.619484007 -0.547277689 -0.405742407 0.389999896
1403638223745096960.000000 0.311879039 0.761456907 -0.933552444 -0.611158669 -0.547826529 -0.418449163 0.388936251
1403638224045096960.000000 0.334758013 0.710509121 -0.974474013 -0.605835676 -0.556810379 -0.425908029 0.376201630
1403638224345096960.000000 0.336843610 0.677306116 -1.021658659 -0.610990703 -0.558731675 -0.418224871 0.373627245
1403638224595097088.000000 0.326913804 0.671152771 -1.052353024 -0.605113804 -0.545555115 -0.426804483 0.392485678
1403638224845096960.000000 0.314077049 0.661796391 -1.080918193 -0.615711987 -0.557155430 -0.411602020 0.375580221
1403638225095097088.000000 0.300073326 0.669860303 -1.079989314 -0.610851228 -0.541483700 -0.416726112 0.399994463
1403638225345096960.000000 0.299267441 0.675789654 -1.069623828 -0.611124218 -0.555752695 -0.414572179 0.381832510
1403638225595097088.000000 0.297385931 0.690153956 -1.075266719 -0.594957888 -0.543581784 -0.437359393 0.399075061
1403638225845096960.000000 0.288807213 0.684502184 -1.134454012 -0.600396156 -0.550514102 -0.429467082 0.389893293
1403638226095097088.000000 0.267549515 0.678789854 -1.191290975 -0.621894896 -0.555457950 -0.394568801 0.386042535
1403638226395097088.000000 0.250263661 0.692492962 -1.189872742 -0.611652255 -0.566668868 -0.407645851 0.372280538
1403638226845096960.000000 0.256410450 0.698618889 -1.163112283 -0.613229752 -0.565075278 -0.406985402 0.372829884
1403638227345096960.000000 0.259506643 0.701043785 -1.142841101 -0.613655984 -0.565456271 -0.406330466 0.372264981
1403638227845096960.000000 0.259230554 0.701961517 -1.132504106 -0.613814116 -0.565755785 -0.405950993 0.371963054
1403638228345096960.000000 0.258927941 0.704456449 -1.133047104 -0.614135563 -0.565724492 -0.405540526 0.371927738
1403638228845096960.000000 0.258735418 0.705650806 -1.133440495 0.614325404 0.565795004 0.405219555 -0.371856749
