1403638147795097088.000000 2.289404392 -0.213818476 -1.992556334 -0.568606079 -0.616235912 -0.365470707 0.404192597
1403638148095097088.000000 2.287627935 -0.185102031 -1.956985712 -0.560536504 -0.598733604 -0.385497212 0.422739804
1403638149595097088.000000 2.191161633 0.060205013 -1.578989983 -0.542535126 -0.613605917 -0.378209412 0.431394309
1403638151845096960.000000 1.247646451 0.596062720 -1.556284070 -0.383924603 -0.729326069 -0.269340783 0.498137534
1403638152945096960.000000 0.352612674 0.823964596 -1.432452083 -0.363984883 -0.737702131 -0.254133999 0.508651674
1403638153395097088.000000 -0.091624744 0.912232816 -1.345730186 -0.326325446 -0.763811469 -0.221405491 0.510963321
1403638153645096960.000000 -0.353902221 0.967644632 -1.303551435 -0.285266072 -0.782708585 -0.211685359 0.511057556
1403638155295097088.000000 -2.213387012 0.942363262 -1.186377287 -0.179529533 -0.791600287 -0.152945936 0.563689411
1403638155645096960.000000 -2.560211658 0.778196692 -1.170959115 -0.144359276 -0.790445089 -0.124911904 0.582025707
1403638155845096960.000000 -2.735991240 0.654819846 -1.189864039 -0.115212522 -0.793032885 -0.092249371 0.591028869
1403638156245096960.000000 -3.026104927 0.378967822 -1.201268077 -0.040761266 -0.822023392 -0.020756952 0.567613542
1403638156595097088.000000 -3.274183512 0.158278078 -1.181024194 -0.008256048 -0.831279337 0.009936626 0.555704832
1403638156995097088.000000 -3.600180864 -0.050776742 -1.228065491 -0.008174660 -0.832774401 0.008152033 0.553492069
1403638157195097088.000000 -3.787815332 -0.138470381 -1.232712507 -0.012980240 -0.837347806 0.004964638 0.546493828
1403638158245096960.000000 -4.938700676 -0.603159726 -1.141196966 0.090487212 -0.817167997 0.074979119 0.564293087
1403638158545096960.000000 -5.263679504 -0.730996490 -1.141276717 0.105968051 -0.813803673 0.068893567 0.567228436
1403638158745096960.000000 -5.472599030 -0.817551911 -1.155477762 0.103281081 -0.813120186 0.069279037 0.568655550
1403638159145096960.000000 -5.879377842 -0.993308783 -1.132331610 0.090553045 -0.834180117 0.075562507 0.538733661
1403638159545096960.000000 -6.342950821 -1.149923801 -1.092352033 0.076005846 -0.804487586 0.089499697 0.582248032
1403638159945096960.000000 -6.766114712 -1.205900311 -0.977797389 0.075721502 -0.790417433 0.092070386 0.600857377
1403638160345096960.000000 -7.064066410 -1.152856708 -0.736603856 0.094101675 -0.817217350 0.073736548 0.563794017
1403638160545096960.000000 -7.202089787 -1.120819330 -0.590699077 0.095420383 -0.823709071 0.072282486 0.554232419
1403638160945096960.000000 -7.504250050 -1.061008334 -0.348507017 0.070171848 -0.808133781 0.080458373 0.579242885
1403638161145096960.000000 -7.645421505 -1.009745598 -0.247981042 0.039758801 -0.805027962 0.059397027 0.588915348
1403638161745096960.000000 -7.993932247 -0.783809900 -0.026152695 -0.048107870 -0.825541317 -0.006513652 0.562249720
1403638162145096960.000000 -8.226970673 -0.590946853 0.053749721 -0.076368466 -0.818028569 -0.023625957 0.569595456
1403638162895097088.000000 -8.651429176 -0.076043472 0.269845575 -0.088221520 -0.819613099 -0.028462753 0.565368354
1403638165795097088.000000 -8.874257088 2.992501736 0.753095329 -0.195938528 -0.769338191 -0.132854760 0.593360245
1403638166695097088.000000 -8.321424484 3.873010635 0.898219764 -0.183799312 -0.799627781 -0.128482193 0.557050824
1403638166945096960.000000 -8.187352180 4.085012436 0.952184916 -0.202138841 -0.810197592 -0.097718097 0.541452706
1403638167395097088.000000 -8.029279709 4.540898323 1.054591060 -0.192503512 -0.818202615 -0.111727320 0.530098081
1403638167595097088.000000 -8.008590698 4.767155170 1.113985896 -0.195762247 -0.809107125 -0.110282578 0.543010712
1403638169395097088.000000 -7.935311794 7.349592209 1.280299425 -0.316031903 -0.751496494 -0.184205189 0.549040318
1403638169595097088.000000 -7.952175140 7.653052330 1.241770744 -0.342261583 -0.730022788 -0.195702121 0.558233321
1403638169795097088.000000 -7.927465916 7.957143307 1.227980852 -0.364220232 -0.722058594 -0.235411048 0.539033234
1403638169995097088.000000 -7.878766537 8.247764587 1.248150945 -0.382875204 -0.706823766 -0.288532525 0.520149708
1403638170845096960.000000 -7.545943737 9.155824661 1.284777164 -0.540158510 -0.588612437 -0.361576140 0.480652660
1403638171045096960.000000 -7.401704311 9.303888321 1.301534057 -0.564366281 -0.565613985 -0.383991420 0.462733358
1403638171745096960.000000 -6.706378937 9.581001282 1.269596457 -0.603053808 -0.510310292 -0.412444472 0.453650773
1403638172145096960.000000 -6.139816761 9.519675255 1.271977901 -0.612365782 -0.489292741 -0.433343947 0.444762707
1403638172345096960.000000 -5.816387653 9.416378975 1.264751315 -0.613329589 -0.490380585 -0.436477810 0.439136416
1403638172745096960.000000 -5.120585918 9.102476120 1.132580280 -0.609477341 -0.487947285 -0.433265954 0.450250506
1403638172945096960.000000 -4.740937233 8.879975319 1.030972004 -0.609633029 -0.490000159 -0.425540745 0.455151081
1403638173945096960.000000 -2.546498775 7.386128426 0.195874915 -0.604132831 -0.528702974 -0.430451602 0.412563026
1403638174445096960.000000 -1.488113403 6.526473045 -0.241981924 -0.613447011 -0.540936291 -0.416817069 0.396653712
1403638174645096960.000000 -1.081542730 6.199257851 -0.415044099 -0.616747141 -0.547720075 -0.410592586 0.388637990
1403638174845096960.000000 -0.684052765 5.892181873 -0.560723424 -0.619588256 -0.555312216 -0.405641526 0.378409356
1403638175095097088.000000 -0.211364985 5.551666260 -0.705217600 -0.619892895 -0.555997550 -0.407067090 0.375361055
1403638175645096960.000000 0.734241009 5.010272980 -0.873887360 -0.634474874 -0.575923383 -0.390102297 0.337007612
1403638176045096960.000000 1.327695251 4.869814396 -0.948592663 -0.628122449 -0.586884737 -0.393203586 0.326219887
1403638177245096960.000000 2.377218962 5.145170212 -0.991225839 -0.602202296 -0.563883066 -0.434863478 0.360946029
1403638177745096960.000000 2.518800974 5.330181599 -1.087721586 -0.620286524 -0.543506563 -0.415704191 0.383451700
1403638178195097088.000000 2.642506599 5.497098446 -1.177520156 -0.622303367 -0.511954427 -0.440788865 0.395406753
1403638179245096960.000000 3.154600620 5.488805294 -1.266164422 -0.737229884 -0.391941816 -0.476917148 0.274634063
1403638179645096960.000000 3.445425510 5.487951756 -1.385063291 -0.754092693 -0.329617381 -0.511334479 0.247454301
1403638180045096960.000000 3.753843307 5.478447437 -1.453417778 -0.785003662 -0.262385488 -0.524658442 0.199140146
1403638180345096960.000000 4.000998974 5.471425056 -1.474955320 -0.794719219 -0.244249254 -0.523440003 0.186478868
1403638181045096960.000000 4.685849190 5.506725788 -1.551563263 -0.795333326 -0.260085464 -0.515772402 0.183791861
1403638181945096960.000000 5.755632877 5.517813683 -1.697137594 -0.803804636 -0.145420894 -0.562516987 0.127771899
1403638182395097088.000000 6.270709991 5.392105579 -1.655398130 -0.828356087 -0.108075820 -0.539026797 0.107684322
1403638182595097088.000000 6.520268917 5.327483654 -1.624456763 -0.830373764 -0.121358372 -0.536303222 0.090168484
1403638182795097088.000000 6.787857533 5.268426895 -1.567839503 -0.829520106 -0.128273621 -0.536117494 0.089556135
1403638183195097088.000000 7.361485481 5.176540852 -1.496110559 -0.813028276 -0.134880900 -0.558291852 0.095407009
1403638183695097088.000000 8.089686394 5.115922451 -1.506982923 -0.822812855 -0.145158827 -0.542933166 0.084448941
1403638184145096960.000000 8.748059273 5.151886463 -1.445042968 -0.814953625 -0.143408135 -0.555103004 0.084531039
1403638184545096960.000000 9.306330681 5.242399693 -1.395323277 -0.814699948 -0.140512645 -0.556243837 0.084338889
1403638184745096960.000000 9.580135345 5.307908058 -1.380691767 -0.813152373 -0.138370857 -0.558787525 0.085983887
1403638184995097088.000000 9.912095070 5.404381752 -1.357525349 -0.811760724 -0.138022974 -0.561067760 0.084835447
1403638185245096960.000000 10.231364250 5.516215324 -1.325071335 -0.812458634 -0.142278671 -0.559780598 0.079456873
1403638185495097088.000000 10.536193848 5.650792122 -1.287925124 -0.804197967 -0.155784324 -0.568351686 0.077287525
1403638186145096960.000000 11.210179329 6.107919693 -1.209439635 -0.805249035 -0.178651199 -0.548458219 0.137300834
1403638186545096960.000000 11.604190826 6.367938995 -1.164022207 -0.803642750 -0.187822208 -0.550938189 0.123888060
1403638189295097088.000000 12.455411911 8.150979042 -0.755419075 -0.712257564 -0.359183609 -0.537118018 0.274190784
1403638190095097088.000000 11.908448219 8.135971069 -0.605659604 -0.723017037 -0.415218621 -0.475044042 0.281377226
1403638190395097088.000000 11.760417938 8.186978340 -0.602531850 -0.689074337 -0.422418773 -0.517598569 0.280768305
1403638190845096960.000000 11.445439339 8.258453369 -0.657494426 -0.681151748 -0.438229382 -0.503860414 0.300186545
1403638191445096960.000000 10.911143303 8.283939362 -0.582185507 -0.696334422 -0.442964643 -0.478854090 0.299331725
1403638191845096960.000000 10.560260773 8.313345909 -0.554690897 -0.693936825 -0.448482662 -0.484967649 0.286568493
1403638192445096960.000000 10.012759209 8.466794014 -0.477521926 -0.687236607 -0.438398391 -0.493515581 0.303241044
1403638192845096960.000000 9.619229317 8.579714775 -0.325057685 -0.672008872 -0.421742290 -0.514622867 0.325116724
1403638193045096960.000000 9.409564972 8.597009659 -0.272032320 -0.663389146 -0.401765525 -0.520786166 0.356764644
1403638193245096960.000000 9.198988914 8.559700012 -0.211164474 -0.663884878 -0.421676904 -0.506193995 0.353854686
1403638193845096960.000000 8.567711830 8.214244843 0.044030964 -0.668977201 -0.457529873 -0.481267214 0.333942741
1403638194245096960.000000 8.150082588 7.918263912 0.111134648 -0.665553093 -0.452774286 -0.488317758 0.337016970
1403638196745096960.000000 6.353786469 6.993412018 0.126828313 -0.697199345 -0.465507299 -0.447592646 0.311250567
1403638197545096960.000000 6.146068096 7.261680126 0.166390941 -0.670251191 -0.462380975 -0.487141788 0.315689772
1403638197945096960.000000 6.002898216 7.413455009 0.292597950 -0.666228533 -0.454832315 -0.491101444 0.328765303
1403638198195097088.000000 5.896445751 7.491145611 0.283515602 -0.665333927 -0.449689001 -0.491736293 0.336609572
1403638199045096960.000000 5.348174572 7.605268955 -0.008576825 -0.644573152 -0.481588632 -0.517219603 0.291687816
1403638199445096960.000000 4.822264671 7.640611649 0.032060880 -0.643820763 -0.476170540 -0.519907892 0.297409505
1403638199645096960.000000 4.489734650 7.649516106 0.098719284 -0.643212378 -0.486147404 -0.514611542 0.291742146
1403638199845096960.000000 4.113677502 7.658943653 0.177946970 -0.648262024 -0.488047749 -0.491342902 0.316461533
1403638200095097088.000000 3.621050835 7.668260098 0.249451116 -0.644730508 -0.497373968 -0.475989342 0.332228541
1403638200295097088.000000 3.216421127 7.672684669 0.302586973 -0.617263675 -0.516971767 -0.479923099 0.348424554
1403638200495097088.000000 2.793041229 7.668151379 0.378507793 -0.592078388 -0.539804041 -0.477823138 0.360194236
1403638200695097088.000000 2.345712662 7.650987148 0.479561299 -0.569906652 -0.566267669 -0.473817796 0.360616356
1403638201095097088.000000 1.360823154 7.587436199 0.661921740 -0.571001172 -0.575814486 -0.440804124 0.384820879
1403638201295097088.000000 0.846726060 7.546050072 0.708008587 -0.575733960 -0.570809066 -0.435851485 0.390820861
1403638201495097088.000000 0.332594991 7.500068188 0.726137340 -0.576776385 -0.568890989 -0.438620299 0.388978511
1403638201695097088.000000 -0.181749284 7.448973179 0.714808047 -0.576521933 -0.565215886 -0.443328738 0.389375210
1403638201895097088.000000 -0.696601033 7.388661861 0.671449900 -0.578021586 -0.563705325 -0.443408459 0.389251113
1403638202295097088.000000 -1.728418112 7.212073326 0.601737499 -0.579372346 -0.577269256 -0.410693616 0.403012007
1403638202695097088.000000 -2.704273701 7.039120674 0.551084518 -0.581810236 -0.580597758 -0.398871869 0.406576365
1403638202895097088.000000 -3.160727739 6.969514370 0.493593514 -0.579771101 -0.579845369 -0.403046936 0.406445712
1403638203895097088.000000 -5.148603439 6.598680019 0.362960875 -0.575501740 -0.572770417 -0.409052759 0.416422576
1403638204095097088.000000 -5.484994411 6.507133007 0.382256597 -0.577004969 -0.575092137 -0.404130310 0.415948421
1403638204295097088.000000 -5.802194118 6.413518429 0.428531975 -0.587719858 -0.573942959 -0.387146890 0.418679118
1403638204545096960.000000 -6.154191494 6.311009407 0.495645970 -0.601738274 -0.568902731 -0.369172990 0.421867371
1403638204795097088.000000 -6.447682858 6.232400417 0.530260444 -0.582489967 -0.584944308 -0.372546226 0.423975050
1403638205045096960.000000 -6.708116055 6.166871548 0.524237573 -0.525164783 -0.630847096 -0.370124996 0.435018867
1403638205295097088.000000 -6.974245548 6.103374004 0.510315895 -0.447309852 -0.685706198 -0.323760986 0.474235952
1403638205545096960.000000 -7.242905140 6.034650803 0.544298947 -0.358005255 -0.728065908 -0.286731720 0.509447932
1403638205795097088.000000 -7.509057045 5.931487083 0.620844126 -0.299888611 -0.743959665 -0.285055727 0.524722874
1403638206045096960.000000 -7.796873093 5.760355473 0.726852655 -0.261846632 -0.762354255 -0.247089341 0.537772417
1403638206295097088.000000 -8.093360901 5.527717113 0.854359329 -0.220090419 -0.773539543 -0.208246574 0.556623995
1403638206795097088.000000 -8.624943733 4.960731983 0.998264253 -0.194893613 -0.774510980 -0.155853778 0.581256151
1403638207045096960.000000 -8.834501266 4.652476788 1.007723927 -0.183829501 -0.773031235 -0.145857602 0.589368343
1403638207295097088.000000 -8.998852730 4.332601547 0.971859455 -0.173990592 -0.771405041 -0.139205426 0.596056581
1403638207795097088.000000 -9.158122063 3.644803524 0.887959838 -0.117934644 -0.794658899 -0.080664590 0.590001643
1403638208045096960.000000 -9.168726921 3.316217422 0.909415841 -0.113686875 -0.806208849 -0.068426646 0.576559186
1403638208295097088.000000 -9.158008575 3.012321949 0.917828739 -0.114393979 -0.797886968 -0.070883162 0.587593377
1403638208545096960.000000 -9.125597000 2.726246834 0.889557719 -0.111635022 -0.805344343 -0.067626767 0.578260124
1403638208795097088.000000 -9.077936172 2.454874516 0.891401649 -0.089443952 -0.808393955 -0.049119074 0.579729497
1403638209145096960.000000 -8.986632347 2.113728523 0.890409648 -0.071663208 -0.808179617 -0.039499663 0.583223701
1403638209395097088.000000 -8.902169228 1.891163111 0.841077447 -0.071652956 -0.808714867 -0.034373507 0.582807600
1403638209695097088.000000 -8.789948463 1.651912451 0.707250535 -0.074144565 -0.806203544 -0.033111632 0.586039245
1403638209945096960.000000 -8.683387756 1.474175811 0.485341698 -0.070040517 -0.803276598 -0.041699074 0.590002000
1403638210195097088.000000 -8.555751801 1.306762338 0.244316787 -0.068661794 -0.791721582 -0.044080399 0.605408549
1403638210445096960.000000 -8.380039215 1.145499110 0.030361770 -0.069467179 -0.792629123 -0.043778621 0.604149699
1403638210695097088.000000 -8.162472725 0.991078913 -0.201926216 -0.072581150 -0.790014982 -0.041396890 0.607367039
1403638210995097088.000000 -7.840029240 0.816814899 -0.460885823 -0.075282164 -0.796355546 -0.037795655 0.598933995
1403638211295097088.000000 -7.475608826 0.664519012 -0.649725914 -0.077580050 -0.803468049 -0.034248628 0.589277148
1403638211545096960.000000 -7.160538673 0.564014673 -0.787229180 -0.100217983 -0.802313864 -0.048288681 0.586444318
1403638211795097088.000000 -6.827925682 0.486282438 -0.956936300 -0.154131874 -0.793609858 -0.072937153 0.584043741
1403638212045096960.000000 -6.479647636 0.439985722 -1.114411592 -0.216574550 -0.781224072 -0.105801336 0.575839043
1403638212295097088.000000 -6.114778042 0.428682655 -1.220525384 -0.265386879 -0.766253829 -0.151116639 0.565321743
1403638212545096960.000000 -5.731131077 0.434919685 -1.275293827 -0.315056354 -0.747594297 -0.189730018 0.553032458
1403638212795097088.000000 -5.328409672 0.450390399 -1.283906460 -0.365902513 -0.726322591 -0.226803914 0.535845935
1403638213045096960.000000 -4.907752514 0.472374827 -1.256367445 -0.422127426 -0.697936177 -0.263851583 0.514855385
1403638213295097088.000000 -4.474655628 0.504889250 -1.222242117 -0.489702791 -0.665539980 -0.284322023 0.486218750
1403638213545096960.000000 -4.023504257 0.566375852 -1.224786282 -0.555643737 -0.625851214 -0.296276182 0.460207403
1403638213795097088.000000 -3.541244745 0.668945312 -1.229736805 -0.555346370 -0.602281928 -0.357052803 0.448731691
1403638214045096960.000000 -3.055492163 0.779649198 -1.202152014 -0.554848671 -0.602806568 -0.370115489 0.437929034
1403638214295097088.000000 -2.581643581 0.889720023 -1.152444720 -0.560051024 -0.619107485 -0.353968710 0.421609908
1403638214645096960.000000 -1.946765661 1.088356256 -1.126701474 -0.544600964 -0.621795893 -0.358404458 0.433965504
1403638217395097088.000000 1.638350129 1.909022927 -1.619117975 -0.580271482 -0.573892176 -0.409581780 0.407646447
1403638220145096960.000000 2.083559513 1.182763457 -1.581063747 -0.611929715 -0.540301800 -0.403730422 0.413059056
1403638220695097088.000000 2.153637648 0.879516184 -1.549393654 -0.598610163 -0.556288540 -0.427180886 0.386943847
1403638220945096960.000000 2.168156862 0.743910789 -1.553906083 -0.602528989 -0.553457081 -0.425293386 0.387000799
1403638221195097088.000000 2.171990156 0.613291144 -1.587044597 -0.605447531 -0.553861856 -0.423341513 0.383995205
1403638221695097088.000000 2.162887573 0.375039935 -1.608614683 -0.612102211 -0.548433185 -0.416711062 0.388463557
1403638222195097088.000000 2.170011997 0.171178564 -1.596497416 -0.608247459 -0.553958356 -0.420994401 0.382006466
1403638222695097088.000000 2.167363167 0.016794652 -1.622516274 -0.609801412 -0.552227378 -0.419032663 0.384186029
1403638223195097088.000000 2.153520584 -0.097423449 -1.686887980 -0.609456420 -0.551598251 -0.419070154 0.385593683
1403638223495097088.000000 2.143464804 -0.170504630 -1.701873183 -0.620485663 -0.543057680 -0.403590679 0.396485209
1403638223795097088.000000 2.163706541 -0.227034926 -1.732073545 -0.609216392 -0.550601780 -0.420942545 0.385357738
1403638224095097088.000000 2.184027672 -0.277543396 -1.775031805 -0.607654035 -0.558574617 -0.422531247 0.374457449
1403638224395097088.000000 2.182963848 -0.305064321 -1.819566250 -0.610548019 -0.555483043 -0.418802768 0.378515631
1403638224695097088.000000 2.170396566 -0.314063787 -1.858227134 -0.609440804 -0.551973403 -0.420059055 0.384002149
1403638224995097088.000000 2.152188301 -0.314282835 -1.874079227 -0.613361537 -0.544587672 -0.413463026 0.395297617
1403638225245096960.000000 2.147069454 -0.306368232 -1.866852164 -0.610242486 -0.551829278 -0.415606260 0.387762934
1403638225495097088.000000 2.146315336 -0.294371247 -1.861100793 -0.602971911 -0.551058650 -0.425370544 0.389639825
1403638225795097088.000000 2.138820887 -0.289839238 -1.911728024 -0.595771730 -0.546005964 -0.435350537 0.396740943
1403638226095097088.000000 2.114933014 -0.297644585 -1.987122297 -0.621665180 -0.555873573 -0.394318521 0.386069775
1403638226345096960.000000 2.097611427 -0.283892065 -1.989627481 -0.612991393 -0.565918922 -0.406973958 0.371953785
1403638226695097088.000000 2.103356361 -0.275459349 -1.970741391 -0.612456322 -0.566061795 -0.407417834 0.372131795
1403638227195097088.000000 2.109999418 -0.268195271 -1.948448181 -0.613292456 -0.565750182 -0.406296998 0.372453898
1403638227695097088.000000 2.112262726 -0.261765510 -1.932871103 -0.613491952 -0.566098869 -0.405784279 0.372154206
1403638228195097088.000000 2.110910892 -0.254266590 -1.925147295 -0.613704622 -0.566249728 -0.405471116 0.371915340
1403638228695097088.000000 2.108710766 -0.243724510 -1.926103711 -0.614007890 -0.566262543 -0.405033201 0.371872425
