1403715528412143104.000000 0.160104722 -0.334615976 0.270464212 -0.558947980 -0.600734591 -0.397321403 0.410890132
1403715529662142976.000000 0.002096765 -0.239699125 0.560870051 -0.509768605 -0.649422824 -0.352975637 0.440220773
1403715532062142976.000000 -1.086884856 0.158181027 1.262474775 -0.434683144 -0.678566813 -0.314391255 0.501752675
1403715532412143104.000000 -1.179682851 0.226963952 1.254676580 -0.434424371 -0.679463804 -0.303460151 0.507460654
1403715532862142976.000000 -1.213838100 0.256444424 1.225669384 -0.450902522 -0.661586046 -0.266088456 0.536831319
1403715535012143104.000000 1.296530724 0.263280481 1.159614205 -0.619683921 -0.565777957 -0.406292617 0.361681461
1403715537912143104.000000 2.638373852 2.000964642 1.006212115 -0.560963035 -0.554188251 -0.414596975 0.454208344
1403715538112143104.000000 2.504032373 1.867937922 1.048201442 -0.574076176 -0.557006955 -0.401812196 0.445787817
1403715541012143104.000000 2.261409998 -0.923313439 1.008599639 -0.812633991 -0.254015446 -0.489972949 0.187159568
1403715543562142976.000000 4.533925056 -0.640718043 1.103196263 -0.702062011 -0.369211406 -0.533331752 0.293852240
1403715543862142976.000000 4.548295975 -0.708096683 1.052756786 -0.683930039 -0.367153913 -0.575020492 0.258436054
1403715544362142976.000000 4.323132992 -0.918777406 0.851283491 -0.768942475 -0.226066023 -0.578113735 0.152990729
1403715546762142976.000000 1.897220612 -2.011293173 0.764834225 -0.755346417 -0.352375031 -0.500883520 0.233236641
1403715547162142976.000000 1.551258922 -2.161144257 0.809568346 -0.683444560 -0.507971883 -0.429110557 0.301217973
1403715547462142976.000000 1.317965984 -2.162279606 0.843217313 -0.614728034 -0.596674025 -0.385420442 0.342842102
1403715547662142976.000000 1.150251389 -2.101646900 0.854273796 -0.571543932 -0.646790326 -0.348500878 0.365440726
1403715547862142976.000000 0.962591231 -1.983931661 0.864758790 -0.519683540 -0.691450536 -0.316424102 0.389488220
1403715548062142976.000000 0.750646293 -1.812903285 0.877581000 -0.470488369 -0.707194686 -0.301620156 0.433060795
1403715548312143104.000000 0.464716375 -1.565805674 0.886863053 -0.433007985 -0.702058494 -0.316504866 0.468447089
1403715549212143104.000000 -0.663562357 -0.748719454 0.716055691 -0.433253676 -0.681805551 -0.316270679 0.497398555
1403715549662142976.000000 -1.167157531 -0.455775172 0.655747354 -0.443239152 -0.678964138 -0.266476423 0.521092236
1403715549962142976.000000 -1.375901103 -0.272919595 0.625975430 -0.500252008 -0.639257014 -0.270335227 0.517703831
1403715550212143104.000000 -1.428098440 -0.098300435 0.622774422 -0.565883875 -0.596940875 -0.306867778 0.478820622
1403715550462142976.000000 -1.367992401 0.093242362 0.693191171 -0.611367166 -0.557024658 -0.367359221 0.425442010
1403715550712143104.000000 -1.245511770 0.290679455 0.760392308 -0.661069214 -0.494384766 -0.413096786 0.384606838
1403715551012143104.000000 -1.038844824 0.511775017 0.744665563 -0.725975513 -0.395640314 -0.436630934 0.354657412
1403715551312143104.000000 -0.714827299 0.683064401 0.769275904 -0.764659822 -0.308265805 -0.479869813 0.299987763
1403715551562142976.000000 -0.366845518 0.763339341 0.824463189 -0.790060699 -0.223311603 -0.510345876 0.255896777
1403715551862142976.000000 0.102691919 0.757982969 0.893403530 -0.785434067 -0.137158409 -0.577574968 0.175180331
1403715552262142976.000000 0.636376500 0.593008041 0.970121622 -0.778977990 -0.031730790 -0.623572826 0.057822559
1403715552512143104.000000 0.853534043 0.444318116 1.005333900 0.767524004 -0.046829659 0.639134347 0.014870784
1403715552762142976.000000 0.955367744 0.294860095 1.028136969 0.750318587 -0.156295717 0.638510346 0.069987811
1403715554462142976.000000 -0.815193236 -0.551726460 0.813310504 0.715286374 -0.475132644 0.378081352 0.345931977
1403715557212143104.000000 0.091092303 -0.202433839 1.133571267 0.718070447 -0.463117123 0.440685391 0.275125057
1403715557712143104.000000 -0.004007295 -0.649256647 1.079909086 0.701949060 -0.449435443 0.457178622 0.310262829
1403715558862142976.000000 0.205505848 -1.895179987 1.212704420 0.660028338 -0.433079451 0.505281329 0.348562241
1403715559212143104.000000 0.313952208 -2.085526943 1.203514814 0.696500599 -0.367897630 0.521725953 0.327628464
1403715562162142976.000000 2.644481421 -0.727471769 1.087126851 -0.758993149 -0.176331133 -0.616843760 0.111088678
1403715564212143104.000000 2.042083740 0.885126233 0.896704555 -0.555172026 -0.558630764 -0.412336141 0.457924217
1403715566012143104.000000 1.097411036 0.334008932 1.320795774 0.110176481 -0.788711131 0.080408171 0.599441886
1403715566312143104.000000 1.149143100 0.178018391 1.410806298 0.255166590 -0.755726218 0.184714422 0.574150145
1403715566712143104.000000 1.324137449 0.033311617 1.445153117 0.412986755 -0.677487791 0.299819261 0.529679835
1403715567012143104.000000 1.534016371 -0.011272063 1.420215964 0.526816428 -0.594870925 0.390113950 0.465192616
1403715567312143104.000000 1.784593582 0.021107921 1.398437977 0.645316005 -0.485094309 0.474506944 0.350847661
1403715568112143104.000000 2.428566933 0.317279875 1.125904560 0.803085089 -0.068761997 0.586688876 0.078246050
1403715568412143104.000000 2.611438036 0.511699438 1.022054076 -0.797377944 -0.070298515 -0.598758996 0.027099073
1403715570662142976.000000 1.901126623 1.660983324 0.828774452 -0.363143325 -0.702372313 -0.305070460 0.530784428
1403715572012143104.000000 1.235327125 0.875251830 0.564023376 -0.260855973 -0.830560327 -0.009209684 0.491974562
1403715574162142976.000000 -0.450278044 0.916184187 0.620039225 0.355651289 -0.769933879 0.226098463 0.479159176
1403715574412143104.000000 -0.673208594 0.797068834 0.678888023 0.442226261 -0.700982392 0.266565889 0.491937310
1403715574762142976.000000 -0.923352718 0.574792445 0.728589296 0.509174645 -0.656513631 0.279054970 0.481517792
1403715575212143104.000000 -1.070062757 0.190066725 0.802222311 0.487211645 -0.639348030 0.340558022 0.487728536
1403715575612143104.000000 -1.082606077 -0.108296320 0.879524827 0.484548211 -0.645222425 0.301442057 0.507970333
1403715575812143104.000000 -1.022364736 -0.243159562 0.927805066 0.486598253 -0.638100684 0.277266949 0.528368056
1403715576912143104.000000 0.060755037 -0.822084308 1.147431731 0.429644883 -0.667195559 0.308912754 0.524240673
1403715578712143104.000000 2.051749468 -0.325964332 0.754784226 0.220876932 -0.844622135 0.133290261 0.469106108
1403715578962142976.000000 2.038184166 -0.233771130 0.643113256 0.210720778 -0.852562487 0.097792596 0.468156546
1403715579312143104.000000 1.868889451 -0.298398882 0.587954283 0.248147607 -0.784596503 0.044075031 0.566470206
1403715582062142976.000000 1.438211322 -2.474811792 0.547534823 0.206418559 -0.789631665 0.115098327 0.566238046
1403715583962142976.000000 0.987333715 -3.080659866 0.352934897 -0.178878963 0.669889808 -0.212177217 -0.688644230
1403715586662142976.000000 2.322762251 -1.758772612 0.629734397 0.233417705 -0.753123641 0.150025830 0.596500933
1403715587162142976.000000 2.420865536 -1.757726669 0.641837597 0.218037829 -0.792741120 0.157687679 0.546951234
1403715587462142976.000000 2.486327648 -1.762056828 0.684730649 0.216312617 -0.776933432 0.175830781 0.564505935
1403715587812143104.000000 2.571684122 -1.710661650 0.732643247 0.152394742 -0.803830445 0.180153802 0.546056032
1403715588262142976.000000 2.630324364 -1.470591664 0.765558243 0.026250888 -0.793810308 0.050516266 0.605494976
1403715588512143104.000000 2.708183289 -1.298783064 0.672850966 -0.052489419 -0.789134383 -0.007697149 0.611925423
1403715588762142976.000000 2.843770742 -1.113880634 0.579037547 -0.122608960 -0.799300611 -0.057143029 0.585508525
1403715589012143104.000000 2.998660564 -0.920462191 0.479429573 -0.183460146 -0.828841686 -0.112045921 0.516535997
1403715589262142976.000000 3.084305048 -0.712931335 0.425668985 -0.239328757 -0.829325080 -0.149443150 0.482295036
1403715589562142976.000000 3.044596195 -0.419362187 0.453181177 -0.299160659 -0.824908316 -0.176487550 0.445961267
1403715591612143104.000000 0.477242649 1.227876544 1.268748641 0.173037738 -0.819988191 0.053658832 0.542953134
1403715591912143104.000000 0.023275957 1.141917944 1.240688562 0.271218151 -0.789210856 0.119155198 0.537949026
1403715592212143104.000000 -0.384645164 0.953395128 1.123746395 0.376513064 -0.736719966 0.162278235 0.537724316
1403715592512143104.000000 -0.660197675 0.636966288 1.081863880 0.475501686 -0.668308258 0.220705420 0.527779639
1403715592812143104.000000 -0.740187764 0.238724887 1.072907686 0.562765062 -0.597793519 0.281404942 0.496739149
1403715593112143104.000000 -0.635570168 -0.194587633 1.062788486 0.601912737 -0.565385044 0.401725978 0.395799249
1403715593362142976.000000 -0.515171707 -0.550386369 1.053189754 0.657955289 -0.490306169 0.447171301 0.355995268
1403715593862142976.000000 -0.177686974 -1.164175510 1.039411306 0.737446427 -0.315259457 0.515906334 0.301039726
1403715594362142976.000000 0.308355689 -1.475334287 1.025408030 0.805129230 -0.163787201 0.543994486 0.170325279
1403715594712143104.000000 0.701917529 -1.524227858 1.026590109 0.831018984 -0.029201228 0.546023428 0.102045633
1403715595062142976.000000 1.158077240 -1.429925919 1.013587832 -0.851293027 -0.072180308 -0.519148111 0.023987219
1403715596462142976.000000 2.587654829 -0.886792183 1.100045323 -0.674508274 -0.459269792 -0.513939202 0.264530659
1403715596762142976.000000 2.395204782 -0.838641882 1.187170386 -0.709693491 -0.512363136 -0.402988940 0.267243624
1403715597762142976.000000 2.106178045 0.535309792 1.428037882 -0.574882507 -0.571972191 -0.399191946 0.427789479
1403715598212143104.000000 2.121088266 1.200490832 1.472557068 -0.526115835 -0.591659963 -0.405452371 0.456890643
1403715598712143104.000000 2.176199436 1.617899418 1.395435691 -0.507541656 -0.550397992 -0.436687320 0.498766303
1403715600662142976.000000 2.739989281 0.956721723 0.623598516 -0.445667386 -0.714968145 -0.309100330 0.441200882
1403715601162142976.000000 2.557563305 0.773266792 0.633325756 -0.317636579 -0.769182742 -0.232366785 0.503458738
1403715602012143104.000000 1.948783994 0.491276562 0.942251146 -0.304352105 -0.740749598 -0.244045123 0.546902001
1403715602362142976.000000 1.705058694 0.297934085 1.011748314 -0.365917474 -0.700823963 -0.280773550 0.544165850
1403715602712143104.000000 1.533422232 0.040024474 1.044237733 -0.441164136 -0.687713504 -0.323229760 0.477437854
1403715603062142976.000000 1.355484366 -0.221357286 0.946702600 -0.507787466 -0.647690594 -0.366207212 0.434213102
1403715603362142976.000000 1.173653364 -0.433279902 0.813120842 -0.559591770 -0.613191843 -0.389694929 0.398736268
1403715603662142976.000000 0.961090565 -0.609297097 0.708219528 -0.594904125 -0.578672588 -0.380297005 0.408168435
1403715603962142976.000000 0.788257480 -0.741341472 0.654401600 -0.620160401 -0.562886119 -0.352723271 0.417308807
1403715604262142976.000000 0.707251549 -0.804807067 0.650404453 -0.603010297 -0.585313857 -0.378086299 0.388377309
1403715604762142976.000000 0.611242831 -0.772970319 0.609933853 -0.584541202 -0.577632964 -0.406377494 0.399386048
1403715605062142976.000000 0.544700921 -0.726716220 0.587590933 -0.585806012 -0.581273437 -0.403140664 0.395512402
1403715605362142976.000000 0.466442764 -0.666517377 0.589453995 -0.582793713 -0.576739311 -0.400763750 0.408793122
1403715605662142976.000000 0.396667123 -0.599594891 0.551349580 -0.586822808 -0.576625526 -0.387169719 0.416223079
1403715606012143104.000000 0.341734201 -0.512650967 0.487862945 -0.572611690 -0.583856046 -0.403727382 0.410161078
1403715606312143104.000000 0.287121177 -0.439608276 0.410685241 -0.572131515 -0.583521247 -0.397394001 0.417428344
1403715606562142976.000000 0.241249472 -0.382267654 0.389827609 -0.573123753 -0.580633879 -0.389098465 0.427780330
1403715606812143104.000000 0.211541474 -0.332915336 0.373006880 -0.573058009 -0.574579895 -0.379661977 0.444206297
1403715607062142976.000000 0.210439891 -0.297774285 0.340320349 -0.556081951 -0.583686054 -0.400432885 0.435588181
1403715607462142976.000000 0.206487596 -0.287205666 0.292448670 -0.554089189 -0.592632353 -0.401731610 0.424716234
1403715607912143104.000000 0.163084820 -0.321656376 0.258242935 -0.557696939 -0.594799757 -0.400364846 0.418204874
1403715608162142976.000000 0.162479341 -0.321243465 0.257276475 -0.556349754 -0.598302126 -0.399976760 0.415364951
1403715608662142976.000000 0.162263498 -0.322822481 0.255125910 -0.555952847 -0.597531855 -0.400518090 0.416482121
1403715609162142976.000000 0.161494642 -0.326477915 0.255733073 -0.556206822 -0.597206712 -0.400279015 0.416839242
