#LBA time[ms],KF opt[#],KF fixed[#],MP[#],Edges[#]
0.015648,3,1,0,2072
0.003936,4,1,0,2569
0.420261,5,1,0,3079
1.348753,6,1,0,3661
1.130830,7,1,0,4233
1.831607,8,1,0,4662
1.973848,9,1,0,4930
2.447487,10,1,0,5298
2.504543,0,0,0,0
102.971816,0,0,0,0
3.587021,0,0,0,0
4.267830,0,0,0,0
4.372886,0,0,0,0
4.643994,0,0,0,0
5.023679,0,0,0,0
5.263265,0,0,0,0
5.705320,0,0,0,0
6.119660,0,0,0,0
7.224667,0,0,0,0
6.753781,0,0,0,0
7.238139,0,0,0,0
8.601836,0,0,0,0
8.257447,0,0,0,0
8.554603,0,0,0,0
7.076184,0,0,0,0
7.795745,0,0,0,0
11.062635,0,0,0,0
8.002820,0,0,0,0
9.755354,0,0,0,0
7.197626,0,0,0,0
10.321121,0,0,0,0
10.539844,0,0,0,0
6.949910,0,0,0,0
9.796763,0,0,0,0
6.751957,0,0,0,0
8.903183,0,0,0,0
6.689683,0,0,0,0
9.393269,0,0,0,0
6.721364,0,0,0,0
7.948355,0,0,0,0
6.630931,0,0,0,0
5.275074,0,0,0,0
8.360681,0,0,0,0
8.021636,0,0,0,0
7.431613,0,0,0,0
6.229678,0,0,0,0
3.321481,0,0,0,0
4.468088,0,0,0,0
5.751176,0,0,0,0
6.002027,0,0,0,0
7.392220,0,0,0,0
6.740596,0,0,0,0
8.361864,0,0,0,0
8.037380,0,0,0,0
5.818473,0,0,0,0
8.402729,0,0,0,0
9.234163,0,0,0,0
9.009008,0,0,0,0
9.721562,0,0,0,0
9.294388,0,0,0,0
9.538808,0,0,0,0
8.632524,0,0,0,0
10.609989,0,0,0,0
9.580024,0,0,0,0
11.000969,0,0,0,0
11.070475,0,0,0,0
8.368681,0,0,0,0
9.145682,0,0,0,0
7.060376,0,0,0,0
8.515179,0,0,0,0
6.865718,0,0,0,0
9.922524,0,0,0,0
7.119833,0,0,0,0
8.542827,0,0,0,0
9.338197,0,0,0,0
9.575832,0,0,0,0
5.793960,0,0,0,0
5.251713,0,0,0,0
5.918218,0,0,0,0
6.404976,0,0,0,0
6.951479,0,0,0,0
6.383824,0,0,0,0
6.906711,0,0,0,0
8.447306,0,0,0,0
8.118790,0,0,0,0
10.180127,0,0,0,0
9.114226,0,0,0,0
12.977602,0,0,0,0
9.052817,0,0,0,0
10.199231,0,0,0,0
11.035050,0,0,0,0
10.473379,0,0,0,0
7.685760,0,0,0,0
8.300136,0,0,0,0
9.401238,0,0,0,0
9.029009,0,0,0,0
7.860802,0,0,0,0
7.974724,0,0,0,0
7.961252,0,0,0,0
9.164594,0,0,0,0
8.050629,0,0,0,0
7.320283,0,0,0,0
7.280987,0,0,0,0
11.017610,0,0,0,0
8.724621,0,0,0,0
4.506392,0,0,0,0
6.916822,0,0,0,0
3.249097,0,0,0,0
4.716443,0,0,0,0
4.350934,0,0,0,0
6.561010,0,0,0,0
5.540294,0,0,0,0
5.034783,0,0,0,0
5.996139,0,0,0,0
6.453393,0,0,0,0
7.551422,0,0,0,0
6.339856,0,0,0,0
6.772789,0,0,0,0
8.195527,0,0,0,0
0.000000,0,0,0,0
15.477409,0,0,0,0
12.740319,0,0,0,0
16.329036,0,0,0,0
14.957051,0,0,0,0
11.591953,0,0,0,0
13.299750,0,0,0,0
10.178176,0,0,0,0
15.073404,0,0,0,0
8.180070,0,0,0,0
11.053226,0,0,0,0
11.183500,0,0,0,0
11.880789,0,0,0,0
12.556349,0,0,0,0
12.679871,0,0,0,0
13.114340,0,0,0,0
13.637099,0,0,0,0
14.119825,0,0,0,0
11.884052,0,0,0,0
12.701695,0,0,0,0
13.225861,0,0,0,0
13.825964,0,0,0,0
12.468124,0,0,0,0
12.325818,0,0,0,0
10.493892,0,0,0,0
10.131582,0,0,0,0
9.353781,0,0,0,0
12.920033,0,0,0,0
11.572336,0,0,0,0
10.998218,0,0,0,0
9.720506,0,0,0,0
13.536105,0,0,0,0
13.880877,0,0,0,0
15.763717,0,0,0,0
14.179730,0,0,0,0
16.455662,0,0,0,0
11.697843,0,0,0,0
11.778227,0,0,0,0
16.987989,0,0,0,0
13.142117,0,0,0,0
16.308044,0,0,0,0
18.341957,0,0,0,0
13.280486,0,0,0,0
14.305235,0,0,0,0
12.163321,0,0,0,0
11.621266,0,0,0,0
11.434927,0,0,0,0
10.863656,0,0,0,0
9.918556,0,0,0,0
11.358094,0,0,0,0
9.250196,0,0,0,0
9.431190,0,0,0,0
13.256742,0,0,0,0
13.348583,0,0,0,0
15.424481,0,0,0,0
15.563170,0,0,0,0
17.319256,0,0,0,0
16.163562,0,0,0,0
18.247524,0,0,0,0
19.907993,0,0,0,0
16.452622,0,0,0,0
17.299320,0,0,0,0
20.651970,0,0,0,0
19.093262,0,0,0,0
21.329227,0,0,0,0
25.261436,0,0,0,0
24.347633,0,0,0,0
24.754646,0,0,0,0
27.292437,0,0,0,0
23.684072,0,0,0,0
25.980420,0,0,0,0
25.489951,0,0,0,0
26.487371,0,0,0,0
24.180654,0,0,0,0
25.260924,0,0,0,0
21.873778,0,0,0,0
14.178226,0,0,0,0
17.891264,0,0,0,0
10.357090,0,0,0,0
18.745098,0,0,0,0
10.025406,0,0,0,0
12.962210,0,0,0,0
13.859149,0,0,0,0
12.468571,0,0,0,0
10.421122,0,0,0,0
9.920988,0,0,0,0
11.235020,0,0,0,0
6.185454,0,0,0,0
6.209006,0,0,0,0
10.176607,0,0,0,0
9.666873,0,0,0,0
8.302568,0,0,0,0
9.446390,0,0,0,0
10.181280,0,0,0,0
11.763284,0,0,0,0
11.178380,0,0,0,0
10.608037,0,0,0,0
14.117744,0,0,0,0
8.989104,0,0,0,0
14.248915,0,0,0,0
15.913127,0,0,0,0
16.747729,0,0,0,0
16.783602,0,0,0,0
13.805421,0,0,0,0
12.322682,0,0,0,0
13.382311,0,0,0,0
15.478370,0,0,0,0
19.110543,0,0,0,0
17.252567,0,0,0,0
14.716888,0,0,0,0
21.727440,0,0,0,0
15.398112,0,0,0,0
21.208393,0,0,0,0
14.511253,0,0,0,0
19.475603,0,0,0,0
12.263321,0,0,0,0
28.027423,0,0,0,0
16.772530,0,0,0,0
15.199870,0,0,0,0
12.792512,0,0,0,0
18.960205,0,0,0,0
19.418195,0,0,0,0
21.530189,0,0,0,0
27.245300,0,0,0,0
21.163561,0,0,0,0
26.774894,0,0,0,0
22.902719,0,0,0,0
23.621703,0,0,0,0
28.190177,0,0,0,0
26.856463,0,0,0,0
20.297502,0,0,0,0
26.270472,0,0,0,0
25.571008,0,0,0,0
22.010419,0,0,0,0
24.448625,0,0,0,0
21.363788,0,0,0,0
19.867608,0,0,0,0
17.208535,0,0,0,0
28.192033,0,0,0,0
26.157991,0,0,0,0
26.644621,0,0,0,0
30.104760,0,0,0,0
25.523711,0,0,0,0
27.831004,0,0,0,0
29.872053,0,0,0,0
21.298794,0,0,0,0
30.390012,0,0,0,0
30.384860,0,0,0,0
20.687522,0,0,0,0
19.182288,0,0,0,0
23.651784,0,0,0,0
18.004865,0,0,0,0
17.995809,0,0,0,0
15.966311,0,0,0,0
17.444282,0,0,0,0
17.571964,0,0,0,0
18.931853,0,0,0,0
12.228313,0,0,0,0
17.495707,0,0,0,0
17.343673,0,0,0,0
19.965850,0,0,0,0
18.317829,0,0,0,0
17.119990,0,0,0,0
19.187663,0,0,0,0
12.807712,0,0,0,0
19.293617,0,0,0,0
24.759285,0,0,0,0
23.880427,0,0,0,0
21.896338,0,0,0,0
25.722146,0,0,0,0
19.996506,0,0,0,0
34.046249,0,0,0,0
28.430819,0,0,0,0
33.850343,0,0,0,0
34.893940,0,0,0,0
33.748198,0,0,0,0
32.264532,0,0,0,0
35.808704,0,0,0,0
31.111909,0,0,0,0
34.001257,0,0,0,0
34.899764,0,0,0,0
32.462646,0,0,0,0
28.933577,0,0,0,0
33.086941,0,0,0,0
29.260142,0,0,0,0
34.556944,0,0,0,0
30.274523,0,0,0,0
35.217400,0,0,0,0
37.112880,0,0,0,0
29.952823,0,0,0,0
29.694163,0,0,0,0
25.858659,0,0,0,0
32.563287,0,0,0,0
39.468494,0,0,0,0
38.541634,0,0,0,0
35.087863,0,0,0,0
26.804463,0,0,0,0
26.148743,0,0,0,0
36.294661,0,0,0,0
35.834560,0,0,0,0
36.273414,0,0,0,0
29.654707,0,0,0,0
33.532771,0,0,0,0
34.866836,0,0,0,0
34.825172,0,0,0,0
34.451310,0,0,0,0
29.652979,0,0,0,0
33.540227,0,0,0,0
34.705106,0,0,0,0
28.627078,0,0,0,0
34.644849,0,0,0,0
29.584402,0,0,0,0
27.927773,0,0,0,0
34.673265,0,0,0,0
23.795306,0,0,0,0
32.214802,0,0,0,0
30.430844,0,0,0,0
32.369236,0,0,0,0
25.000056,0,0,0,0
33.916936,0,0,0,0
32.702104,0,0,0,0
26.969681,0,0,0,0
29.060235,0,0,0,0
17.462459,0,0,0,0
18.228996,0,0,0,0
22.572058,0,0,0,0
25.367965,0,0,0,0
18.065665,0,0,0,0
27.439479,0,0,0,0
28.625222,0,0,0,0
33.671845,0,0,0,0
26.978001,0,0,0,0
39.873394,0,0,0,0
35.487580,0,0,0,0
26.549292,0,0,0,0
28.654343,0,0,0,0
30.465661,0,0,0,0
23.306403,0,0,0,0
27.090899,0,0,0,0
30.428924,0,0,0,0
27.938397,0,0,0,0
30.942114,0,0,0,0
32.516247,0,0,0,0
38.873766,0,0,0,0
31.583275,0,0,0,0
37.276050,0,0,0,0
29.981463,0,0,0,0
30.083096,0,0,0,0
32.109841,0,0,0,0
40.158358,0,0,0,0
35.938017,0,0,0,0
38.395040,0,0,0,0
34.581553,0,0,0,0
30.015991,0,0,0,0
30.504798,0,0,0,0
29.936726,0,0,0,0
32.834331,0,0,0,0
34.845011,0,0,0,0
28.687174,0,0,0,0
26.548428,0,0,0,0
31.285415,0,0,0,0
33.244352,0,0,0,0
36.788172,0,0,0,0
30.678272,0,0,0,0
33.272288,0,0,0,0
34.117771,0,0,0,0
36.005634,0,0,0,0
34.870420,0,0,0,0
28.005150,0,0,0,0
25.471262,0,0,0,0
34.889428,0,0,0,0
34.640305,0,0,0,0
34.847348,0,0,0,0
35.432891,0,0,0,0
32.011825,0,0,0,0
35.600317,0,0,0,0
35.644413,0,0,0,0
29.024683,0,0,0,0
32.009552,0,0,0,0
31.297735,0,0,0,0
25.823075,0,0,0,0
27.544248,0,0,0,0
29.928599,0,0,0,0
27.129395,0,0,0,0
22.295287,0,0,0,0
27.232436,0,0,0,0
22.208246,0,0,0,0
26.753358,136418648,1258140725,-1437442375,-1928268517
25.370333,1086033634,-1070201139,-1063344484,1080517358
24.908887,-264023584,972646774,-2110286543,-671801605
