1403715893384058112.000000 0.182582691 -0.303687453 -0.093671247 -0.490624189 -0.664967120 -0.346436083 0.443946838
1403715894134057984.000000 0.147376537 -0.352851748 0.001597824 -0.494863719 -0.665170074 -0.336392194 0.446653098
1403715897084058112.000000 -0.677116394 -0.604636788 0.685773909 -0.545207202 -0.606012523 -0.263536334 0.515797138
1403715898434057984.000000 1.307614207 -0.180914134 0.921678185 -0.520927906 -0.614054561 -0.372097880 0.461643189
1403715900134057984.000000 3.541997433 0.557620525 0.565743744 -0.568552554 -0.604035378 -0.436841816 0.347934514
1403715901584058112.000000 3.374288082 1.475897074 0.642213702 -0.569723904 -0.539018989 -0.447244018 0.429937184
1403715901984058112.000000 3.231865644 1.261280656 0.699249148 -0.582970917 -0.553945661 -0.431590319 0.408679515
1403715902184058112.000000 3.155036211 1.118515849 0.718958378 -0.577523291 -0.556439698 -0.437089145 0.407179117
1403715902384058112.000000 3.068393469 0.961608529 0.729882538 -0.577039182 -0.569071889 -0.436253488 0.390980572
1403715902934057984.000000 2.763675690 0.535680115 0.724400640 -0.579317093 -0.606219113 -0.370525628 0.399500936
1403715905884058112.000000 1.250110030 0.376656711 0.716747940 0.184386313 -0.803396761 0.145758405 0.547092259
1403715906184058112.000000 1.263973713 0.272337168 0.612711906 0.316451788 -0.773117423 0.205344766 0.509883702
1403715906484058112.000000 1.264804006 0.132635579 0.530399084 0.438574851 -0.701038301 0.268170238 0.494249046
1403715908484058112.000000 1.905252576 -0.273681492 0.697715461 0.799326956 -0.053252496 0.597592294 0.033528820
1403715911334057984.000000 0.522720814 0.214807689 0.386660993 -0.241740033 -0.748034537 -0.190054029 0.588120341
1403715913284058112.000000 0.472731113 -1.257067084 0.612487614 0.263786793 -0.762589037 0.194718912 0.557636917
1403715915134057984.000000 1.861557364 -2.514557600 0.615848422 0.146897301 -0.853917420 0.193576872 0.460189402
1403715915584058112.000000 1.693615437 -2.753636122 0.617764890 0.192317426 -0.808863759 0.142519191 0.537067771
1403715915884058112.000000 1.514172435 -2.900998116 0.525839627 0.207819343 -0.811113656 0.136868104 0.529313505
1403715918584058112.000000 0.301405132 -3.211610079 0.032359913 -0.134266779 -0.798942268 -0.032836724 0.585308075
1403715919134057984.000000 0.591432154 -2.973063707 -0.061180804 -0.125540510 -0.839729667 -0.097221904 0.519270182
1403715919634057984.000000 0.613098204 -2.828378677 -0.044496387 -0.108909369 -0.816038787 -0.104147352 0.558007956
1403715919934057984.000000 0.559865236 -2.814720154 -0.159686446 -0.105979227 -0.815823853 -0.109708935 0.557820559
1403715922884058112.000000 -0.239448711 -3.011012793 1.221821904 -0.033657882 -0.805416286 -0.022899015 0.591309845
1403715923284058112.000000 -0.212061375 -3.022796154 1.352553129 -0.028474610 -0.816398144 -0.028273910 0.576093674
1403715923684058112.000000 -0.166726112 -3.057065725 1.487488627 -0.057538394 -0.816559315 0.015407748 0.574180186
1403715924034057984.000000 -0.121660545 -3.018734694 1.374141693 -0.052812193 -0.797237635 0.011571073 0.601239622
1403715924234057984.000000 -0.070454769 -2.965445280 1.253989458 -0.041142426 -0.796777248 -0.004900540 0.602850974
1403715924634057984.000000 0.091283172 -2.838759899 1.020948291 -0.044526257 -0.819822490 -0.008509678 0.570820630
1403715924834057984.000000 0.173495024 -2.759345293 0.910351753 -0.077449009 -0.816867948 -0.007863197 0.571547627
1403715925034057984.000000 0.255563617 -2.651901722 0.808063686 -0.119984671 -0.801532149 -0.041045416 0.584350169
1403715925234057984.000000 0.354822159 -2.525981188 0.744093060 -0.162017927 -0.779649138 -0.091855235 0.597879767
1403715925434057984.000000 0.485129952 -2.399578571 0.725144744 -0.223288417 -0.774455070 -0.116734430 0.580288470
1403715926234057984.000000 1.203573227 -1.789305210 0.656265795 -0.434348881 -0.672601640 -0.275361449 0.532094121
1403715926384058112.000000 1.377184272 -1.676544547 0.593732297 -0.471146077 -0.639024794 -0.314065307 0.520607114
1403715927184058112.000000 2.408993244 -1.382627249 0.322947472 -0.610718548 -0.531498075 -0.458152175 0.366918653
1403715930134057984.000000 2.591592550 -2.331825972 0.305015266 -0.790532529 -0.141569555 -0.572108924 0.166456416
1403715932434057984.000000 4.167444229 -1.910087943 0.604073048 -0.714789510 -0.161656603 -0.666805506 0.135327265
1403715932684058112.000000 4.226461411 -1.866438627 0.675620973 -0.677993953 -0.150492683 -0.703590810 0.150453120
1403715932934057984.000000 4.052339554 -1.909519911 0.751607835 -0.698381245 -0.151243523 -0.685324073 0.140428215
1403715934584058112.000000 3.915891409 -1.856529951 1.347782254 -0.662697554 -0.118547447 -0.728320897 0.127778172
1403715934984058112.000000 3.632722378 -1.928966045 1.381589413 -0.712115645 -0.128409222 -0.676035285 0.139207497
1403715936384058112.000000 2.727376938 -2.190954924 1.081818700 -0.771748543 -0.134246603 -0.613407254 0.100566827
1403715936884058112.000000 2.841498613 -2.059297562 1.013841152 -0.757005274 -0.115083247 -0.633536220 0.111044422
1403715937984058112.000000 2.333848953 -2.055372000 0.597569048 -0.808309376 -0.299459636 -0.472165942 0.184442893
1403715940934057984.000000 2.563767433 -0.484497160 1.008092999 -0.788941205 -0.479464918 -0.324543357 0.205807850
1403715941684058112.000000 2.830224752 0.437661588 1.334596872 -0.590030551 -0.341333598 -0.611349642 0.402003765
1403715942084058112.000000 2.710009575 0.239550173 1.252577901 -0.607837021 -0.358868808 -0.594616413 0.384940028
1403715944734057984.000000 2.387706280 -0.712188721 0.456314415 -0.691574991 -0.583389163 -0.300077349 0.302216291
1403715946934057984.000000 2.016728163 -0.111690566 1.149802089 -0.438038230 -0.620538652 -0.381096035 0.527086496
1403715947184058112.000000 1.926858068 -0.048622478 1.213748693 -0.409958273 -0.575747728 -0.413608879 0.573913395
1403715947684058112.000000 1.921644568 -0.436199069 1.153589845 -0.503730416 -0.651357830 -0.316160649 0.471201748
1403715948134057984.000000 1.977781892 -0.786965549 0.903889954 -0.534870028 -0.730071485 -0.242196307 0.349643648
1403715948384058112.000000 1.935205221 -0.710097492 0.802808762 -0.519242823 -0.716683269 -0.263497025 0.383824587
1403715949884058112.000000 1.689257741 -0.265238881 0.474765241 -0.394648731 -0.798358500 -0.204294056 0.406374216
1403715950934057984.000000 0.998305082 0.171514422 0.589632213 -0.248108402 -0.659647286 -0.265111864 0.658045113
1403715952784058112.000000 0.529683530 -0.213594958 1.016373038 -0.074633375 -0.689094305 -0.063686036 0.717999339
1403715953584058112.000000 1.355784416 -0.194862425 0.957514465 -0.047284167 -0.903129816 -0.003754874 0.426739693
1403715953984058112.000000 1.210874438 -0.115194872 0.932099402 0.055717621 -0.892662764 -0.016491136 0.446963906
1403715954634057984.000000 0.489213437 -0.303377628 0.868932009 0.044925101 -0.700712383 0.029417174 0.711420178
1403715954884058112.000000 0.517777801 -0.417887151 0.842315793 0.044484071 -0.713994324 0.032779347 0.697967649
1403715955134057984.000000 0.744568646 -0.516154170 0.818606555 0.042552467 -0.801192462 0.026042769 0.596323609
1403715955634057984.000000 1.145503163 -0.695027828 0.808279634 0.020794073 -0.903937399 0.051775638 0.424009472
1403715956034057984.000000 0.938398242 -0.804333091 0.904445946 0.112629935 -0.810355604 0.086837791 0.568416655
1403715956634057984.000000 0.752690315 -0.928990066 1.067001104 0.260094523 -0.654839933 0.213917702 0.676590502
1403715957584058112.000000 1.725206852 -0.574889719 1.014761448 0.312022269 -0.863893449 0.151437521 0.365235537
1403715957984058112.000000 1.613545895 -0.835510492 0.902222931 0.311609298 -0.792265594 0.193660781 0.487555683
1403715958234057984.000000 1.445131302 -1.098128080 0.855655074 0.317317128 -0.692475498 0.260540456 0.593216777
1403715958484058112.000000 1.370679140 -1.279711366 0.797801673 -0.332655877 0.619983912 -0.316127598 -0.636414587
1403715961234057984.000000 2.097815275 -0.539682031 0.803591490 0.636727035 -0.658674479 0.267537028 0.298581004
1403715961484058112.000000 2.195656061 -0.631382763 0.893433750 0.604669631 -0.647878170 0.336783051 0.318128377
1403715961734057984.000000 2.268629313 -0.883880317 1.014160514 0.588755965 -0.558091402 0.440386295 0.384656310
1403715962184058112.000000 2.355571747 -1.176077604 1.094269395 -0.545738757 0.405811697 -0.578257680 -0.450670898
1403715962484058112.000000 2.334925890 -0.989782751 1.041385055 0.586897373 -0.413049042 0.593474507 0.364321202
1403715965334057984.000000 1.890783787 -0.206392199 0.200111523 0.799923301 -0.206525087 0.548505366 0.128887132
1403715968234057984.000000 1.988878727 0.237129822 0.967741609 0.866227448 -0.167404160 0.467091262 0.058751207
1403715969534057984.000000 1.281926990 0.371909499 0.449797094 0.900679588 -0.148474097 0.399801910 0.083007440
1403715970934057984.000000 1.661293983 0.845653534 0.403878331 0.861133933 -0.179228678 0.475735039 -0.001222166
1403715971184058112.000000 1.604655027 0.823425829 0.464709014 0.902969539 -0.145384476 0.403741896 0.022400064
1403715973634057984.000000 1.209049106 0.456551015 0.986166000 -0.842339814 -0.087439336 -0.521052301 0.106407695
1403715976284058112.000000 2.009800196 -0.978914857 0.907163441 -0.809001446 -0.144436613 -0.563207865 0.086322218
1403715978184058112.000000 2.318022490 -0.141893864 0.904508233 -0.616932988 -0.523668230 -0.489579707 0.324772239
1403715978434057984.000000 2.189515829 0.029844984 0.891424239 -0.551714420 -0.588213861 -0.455005318 0.377605289
1403715980384058112.000000 0.790538073 -0.379914403 0.974032640 0.131188929 -0.772765458 0.053742435 0.618655562
1403715980734057984.000000 0.883065045 -0.807886004 0.991644025 0.253104419 -0.738213360 0.190211892 0.595649719
1403715981034057984.000000 1.076506138 -1.112480283 0.991509318 0.362922013 -0.693969190 0.296721488 0.546489477
1403715981334057984.000000 1.326153517 -1.306689262 0.996274292 0.474301487 -0.614496469 0.396417677 0.490189016
1403715981634057984.000000 1.582904220 -1.357699394 1.017374039 0.569814980 -0.504824340 0.497274786 0.416150510
1403715981884058112.000000 1.762513995 -1.264007330 1.028686404 0.661436856 -0.416208595 0.526024878 0.335514069
1403715982184058112.000000 1.931836963 -1.042005420 1.039301872 0.733815670 -0.311944932 0.550246298 0.247858644
1403715982484058112.000000 2.062072277 -0.753678679 1.054035187 0.772466421 -0.207933813 0.576216280 0.167433828
1403715982784058112.000000 2.143050909 -0.410745800 1.064018011 0.794507742 -0.087156527 0.595687211 0.079485342
1403715983034057984.000000 2.158130646 -0.098818213 1.070384383 -0.800412238 -0.016201161 -0.599230647 -0.000684870
1403715983284058112.000000 2.124168396 0.219467312 1.073260665 -0.790854454 -0.117132552 -0.595005095 0.082451947
1403715983534057984.000000 2.040207863 0.525123537 1.076576591 -0.757613003 -0.222487718 -0.588267505 0.174536645
1403715983784058112.000000 1.899308801 0.781855881 1.086793184 -0.703498960 -0.307852536 -0.578044653 0.276008040
1403715984184058112.000000 1.567973733 0.974593103 1.106139064 -0.639932394 -0.431347072 -0.507715523 0.382950723
1403715984284058112.000000 1.477585673 0.975894630 1.112766623 -0.625007808 -0.459090084 -0.486600995 0.402269900
1403715984484058112.000000 1.302983403 0.929031074 1.131755948 -0.584698617 -0.510416806 -0.454096735 0.437491059
1403715984584058112.000000 1.220591545 0.882781506 1.140186071 -0.566346586 -0.542451560 -0.432340473 0.445061266
1403715984684058112.000000 1.140647173 0.825313687 1.147128105 -0.546295226 -0.578019679 -0.407816380 0.448486984
1403715984884058112.000000 0.986583710 0.690180361 1.158234000 -0.497635484 -0.628551245 -0.348877847 0.485351920
1403715984984058112.000000 0.918080389 0.617010057 1.163909674 -0.468337893 -0.648471117 -0.326451540 0.503561497
1403715985084058112.000000 0.857938886 0.540162504 1.169322491 -0.438568890 -0.666893661 -0.314128816 0.514036298
1403715985584058112.000000 0.641537666 0.081376836 1.196422100 -0.423752874 -0.692165375 -0.312026471 0.493943393
1403715985834057984.000000 0.541222632 -0.177357867 1.184870362 -0.488419950 -0.691951752 -0.282975614 0.450081766
1403715986084058112.000000 0.438130617 -0.380078077 1.115202188 -0.511508763 -0.665903687 -0.288001418 0.460419685
1403715986434057984.000000 0.336598516 -0.561136305 0.952636003 -0.495588422 -0.652566910 -0.321983993 0.474209756
1403715986684058112.000000 0.293570578 -0.661151230 0.819510639 -0.500180185 -0.679870665 -0.307928354 0.439062506
1403715986984058112.000000 0.228614464 -0.708448887 0.677588463 -0.496592104 -0.675928771 -0.313271701 0.445395768
1403715987234057984.000000 0.175840586 -0.701013744 0.577812076 -0.515632987 -0.623170376 -0.331258863 0.485848695
1403715987484058112.000000 0.169093728 -0.703737199 0.486533493 -0.525043309 -0.612007678 -0.357225269 0.471345246
1403715987834057984.000000 0.197851747 -0.734282792 0.376591504 -0.526038229 -0.633579433 -0.358399183 0.439785182
1403715988134057984.000000 0.214171052 -0.746086299 0.297508955 -0.524112940 -0.645614922 -0.349050611 0.432030976
1403715988484058112.000000 0.211086422 -0.728446901 0.240445435 -0.508448780 -0.630694866 -0.362915009 0.460430831
1403715988884058112.000000 0.223562911 -0.740302324 0.198643237 -0.529086709 -0.628971577 -0.337996691 0.458497912
1403715989284058112.000000 0.290438652 -0.738171279 0.191945106 -0.526598513 -0.636148572 -0.349074155 0.442895412
1403715989784058112.000000 0.375421256 -0.688248277 0.190716401 -0.517470956 -0.629170179 -0.364298642 0.451281697
1403715990234057984.000000 0.430096805 -0.656892002 0.146613151 -0.509110749 -0.636493742 -0.368535340 0.447061092
1403715990634057984.000000 0.435647726 -0.660720646 0.055704750 -0.508068323 -0.644485772 -0.365832925 0.438943028
1403715991084058112.000000 0.356719643 -0.656327188 -0.068984069 -0.507595062 -0.650020003 -0.363511890 0.433220983
1403715991534057984.000000 0.338781714 -0.655070841 -0.074016362 -0.507215023 -0.642117202 -0.363901287 0.444965482
1403715991984058112.000000 0.339781165 -0.657994032 -0.077839904 -0.507515073 -0.641565442 -0.363498211 0.445748031
1403715992484058112.000000 0.339579552 -0.660575449 -0.077961758 -0.507840931 -0.641467035 -0.363126218 0.445821792
1403715992934057984.000000 0.339834958 -0.662577629 -0.077295929 -0.508033395 -0.641324401 -0.362954527 0.445947438
1403715993434057984.000000 0.339967519 -0.663100600 -0.077105746 -0.508196831 -0.641341150 -0.362591028 0.446032792
1403715993934057984.000000 0.340598404 -0.660610855 -0.077230707 -0.508672416 -0.641435683 -0.361972421 0.445857167
