#LBA time[ms],KF opt[#],KF fixed[#],MP[#],Edges[#]
0.014369,3,1,0,397
0.004736,4,1,0,542
0.209091,5,1,0,672
0.323077,6,1,0,1139
0.422246,7,1,0,1656
0.708842,8,1,0,2210
0.596617,9,1,0,2568
0.871404,10,1,0,3048
0.815468,0,0,0,0
69.092823,0,0,0,0
0.993326,0,0,0,0
1.115184,0,0,0,0
1.386068,0,0,0,0
1.466677,0,0,0,0
1.546934,0,0,0,0
1.652376,0,0,0,0
2.162847,0,0,0,0
2.178367,0,0,0,0
2.122623,0,0,0,0
2.615333,0,0,0,0
2.937098,0,0,0,0
4.107579,0,0,0,0
3.924184,0,0,0,0
3.964216,0,0,0,0
4.350334,0,0,0,0
4.285885,0,0,0,0
4.342397,0,0,0,0
4.252444,0,0,0,0
3.986393,0,0,0,0
3.278382,0,0,0,0
3.479985,0,0,0,0
3.724885,0,0,0,0
5.171113,0,0,0,0
3.886295,0,0,0,0
5.006663,0,0,0,0
4.284861,0,0,0,0
6.716671,0,0,0,0
4.204955,0,0,0,0
6.944771,0,0,0,0
5.249355,0,0,0,0
6.734624,3,1,0,429
6.174712,4,1,0,548
0.005248,5,1,0,673
0.005216,6,1,0,828
0.104034,7,1,0,952
0.498855,8,1,0,1083
0.627625,9,1,0,1202
0.551528,10,1,0,1331
0.851308,0,0,0,0
0.965005,0,0,0,0
1.106319,3,1,0,485
49.833477,4,1,0,633
0.921965,5,1,0,770
1.338835,6,1,0,901
0.005472,7,1,0,1026
0.004192,8,1,0,1155
0.523560,9,1,0,1288
0.586920,10,1,0,1417
0.771019,0,0,0,0
0.843564,3,1,0,684
0.879437,4,1,0,1062
1.023662,5,1,0,1387
1.110192,6,1,0,2077
64.487220,7,1,0,2716
1.400180,8,1,0,3238
0.005024,9,1,0,3801
0.004896,10,1,0,4488
0.339397,0,0,0,0
0.727979,0,0,0,0
0.980494,0,0,0,0
1.239282,0,0,0,0
1.325139,0,0,0,0
1.438421,0,0,0,0
1.927579,0,0,0,0
60.112982,0,0,0,0
1.748345,0,0,0,0
1.772985,0,0,0,0
1.910779,0,0,0,0
2.188863,0,0,0,0
2.419074,0,0,0,0
2.658821,0,0,0,0
3.362031,0,0,0,0
2.846601,0,0,0,0
2.918346,0,0,0,0
3.655892,0,0,0,0
3.860215,0,0,0,0
5.372748,0,0,0,0
5.192553,0,0,0,0
5.392301,0,0,0,0
5.134249,0,0,0,0
4.671139,0,0,0,0
5.414157,0,0,0,0
3.898583,0,0,0,0
5.431469,0,0,0,0
4.395199,0,0,0,0
5.420461,0,0,0,0
5.168970,0,0,0,0
6.254009,0,0,0,0
6.118422,0,0,0,0
5.266539,0,0,0,0
6.147511,0,0,0,0
5.930773,0,0,0,0
3.719829,0,0,0,0
3.839511,0,0,0,0
3.868439,0,0,0,0
5.111753,0,0,0,0
3.057868,0,0,0,0
5.439885,0,0,0,0
3.695924,0,0,0,0
4.841572,0,0,0,0
6.757152,0,0,0,0
6.785824,0,0,0,0
3.739253,0,0,0,0
5.187049,0,0,0,0
4.056762,0,0,0,0
4.038649,0,0,0,0
5.435149,0,0,0,0
4.469376,0,0,0,0
4.125082,0,0,0,0
4.469759,0,0,0,0
4.735108,0,0,0,0
6.177687,0,0,0,0
7.777806,0,0,0,0
7.343784,0,0,0,0
5.856563,0,0,0,0
6.593341,0,0,0,0
4.368157,0,0,0,0
5.883635,0,0,0,0
4.677602,0,0,0,0
4.908518,0,0,0,0
7.223623,0,0,0,0
4.427519,0,0,0,0
6.630430,0,0,0,0
5.422061,0,0,0,0
8.309398,0,0,0,0
7.157766,0,0,0,0
4.832932,0,0,0,0
6.893506,0,0,0,0
8.309910,0,0,0,0
8.047410,0,0,0,0
8.253525,0,0,0,0
10.746937,0,0,0,0
9.552103,0,0,0,0
9.739946,0,0,0,0
9.582184,0,0,0,0
6.520604,0,0,0,0
7.033316,0,0,0,0
11.440642,0,0,0,0
8.261909,0,0,0,0
10.251858,0,0,0,0
9.012736,0,0,0,0
11.767143,0,0,0,0
12.687444,0,0,0,0
10.507893,0,0,0,0
8.138548,0,0,0,0
9.590472,0,0,0,0
8.876222,0,0,0,0
12.271214,0,0,0,0
9.276420,0,0,0,0
13.000089,0,0,0,0
14.351820,0,0,0,0
13.495296,0,0,0,0
12.038858,0,0,0,0
11.610340,0,0,0,0
9.901004,0,0,0,0
7.402569,0,0,0,0
7.921648,0,0,0,0
9.621609,0,0,0,0
8.729436,0,0,0,0
10.392723,0,0,0,0
9.228354,0,0,0,0
7.320167,0,0,0,0
11.756134,0,0,0,0
11.102109,0,0,0,0
6.058358,0,0,0,0
11.107934,0,0,0,0
9.410822,0,0,0,0
9.725162,0,0,0,0
8.992799,0,0,0,0
7.260839,0,0,0,0
8.035442,0,0,0,0
7.824783,0,0,0,0
10.369683,0,0,0,0
6.095926,0,0,0,0
9.836619,0,0,0,0
9.272611,0,0,0,0
6.207448,0,0,0,0
8.574682,0,0,0,0
7.705006,0,0,0,0
8.047282,0,0,0,0
8.162259,0,0,0,0
9.213315,0,0,0,0
7.832175,0,0,0,0
8.954719,0,0,0,0
8.281781,0,0,0,0
7.588747,0,0,0,0
9.124513,0,0,0,0
8.550714,0,0,0,0
9.581928,0,0,0,0
7.924848,0,0,0,0
8.242677,0,0,0,0
10.322802,0,0,0,0
9.551944,0,0,0,0
11.004444,0,0,0,0
11.696549,0,0,0,0
7.463178,0,0,0,0
8.369686,0,0,0,0
8.165588,0,0,0,0
9.824715,0,0,0,0
5.633167,0,0,0,0
7.072132,0,0,0,0
6.114454,0,0,0,0
12.636947,0,0,0,0
6.536093,0,0,0,0
9.873035,0,0,0,0
10.515509,0,0,0,0
7.867344,0,0,0,0
8.744156,0,0,0,0
9.817995,0,0,0,0
9.700298,0,0,0,0
9.014400,0,0,0,0
6.460540,0,0,0,0
3.935512,0,0,0,0
4.244540,0,0,0,0
9.180098,0,0,0,0
7.720013,0,0,0,0
5.721393,0,0,0,0
7.324775,0,0,0,0
6.128791,0,0,0,0
10.350323,0,0,0,0
10.398899,0,0,0,0
7.045252,0,0,0,0
6.840673,0,0,0,0
9.027231,0,0,0,0
6.550109,0,0,0,0
9.298051,0,0,0,0
7.211430,0,0,0,0
14.866515,0,0,0,0
8.494201,0,0,0,0
8.489304,0,0,0,0
8.607674,0,0,0,0
6.424507,0,0,0,0
6.145719,0,0,0,0
5.233194,0,0,0,0
9.572583,0,0,0,0
6.487676,0,0,0,0
10.010797,0,0,0,0
6.186583,0,0,0,0
9.666313,0,0,0,0
5.847443,0,0,0,0
7.568651,0,0,0,0
6.318330,0,0,0,0
6.324409,0,0,0,0
7.265095,0,0,0,0
14.413452,0,0,0,0
10.996924,0,0,0,0
7.697933,0,0,0,0
10.589398,0,0,0,0
7.073380,0,0,0,0
6.529820,0,0,0,0
5.404717,0,0,0,0
7.385576,0,0,0,0
9.312932,0,0,0,0
7.669773,0,0,0,0
9.037568,0,0,0,0
7.670604,0,0,0,0
10.606422,0,0,0,0
8.937758,0,0,0,0
7.257639,0,0,0,0
10.153167,0,0,0,0
8.655130,0,0,0,0
10.732695,0,0,0,0
10.761912,0,0,0,0
9.600360,0,0,0,0
9.136257,0,0,0,0
12.936311,0,0,0,0
8.696955,0,0,0,0
14.076359,0,0,0,0
8.888510,0,0,0,0
13.340349,0,0,0,0
10.167216,0,0,0,0
11.726246,0,0,0,0
14.010598,0,0,0,0
10.953851,0,0,0,0
12.457712,0,0,0,0
16.480009,0,0,0,0
11.668133,0,0,0,0
12.501104,0,0,0,0
11.154974,0,0,0,0
14.077191,0,0,0,0
16.127812,0,0,0,0
12.694195,0,0,0,0
13.938437,0,0,0,0
13.892132,0,0,0,0
12.909046,0,0,0,0
15.062517,0,0,0,0
14.149960,0,0,0,0
15.820832,0,0,0,0
16.898287,0,0,0,0
12.561842,0,0,0,0
12.690612,0,0,0,0
16.889679,0,0,0,0
13.102905,0,0,0,0
14.629903,0,0,0,0
14.352203,0,0,0,0
15.178007,0,0,0,0
13.602880,0,0,0,0
16.371143,0,0,0,0
15.472410,0,0,0,0
13.588320,0,0,0,0
17.315861,0,0,0,0
16.686924,0,0,0,0
17.859325,0,0,0,0
14.869171,0,0,0,0
19.531220,0,0,0,0
22.587200,0,0,0,0
21.205931,0,0,0,0
18.315139,0,0,0,0
20.255551,0,0,0,0
18.327587,0,0,0,0
20.479874,0,0,0,0
18.929387,0,0,0,0
18.717385,0,0,0,0
19.060813,0,0,0,0
17.338869,0,0,0,0
17.320885,0,0,0,0
18.648423,0,0,0,0
19.780535,0,0,0,0
12.989144,0,0,0,0
12.718644,0,0,0,0
18.200994,0,0,0,0
12.495472,0,0,0,0
18.992365,0,0,0,0
15.884321,0,0,0,0
17.770907,0,0,0,0
16.335015,0,0,0,0
17.769083,0,0,0,0
18.771785,0,0,0,0
17.144146,0,0,0,0
15.521147,0,0,0,0
22.133529,0,0,0,0
17.609593,0,0,0,0
18.032574,0,0,0,0
18.997932,0,0,0,0
17.327125,0,0,0,0
21.494800,0,0,0,0
20.103548,0,0,0,0
24.602684,0,0,0,0
21.221260,0,0,0,0
19.582805,0,0,0,0
15.296504,0,0,0,0
23.665966,0,0,0,0
25.798221,0,0,0,0
25.524776,0,0,0,0
29.290589,0,0,0,0
26.254387,0,0,0,0
17.638425,0,0,0,0
18.272866,0,0,0,0
17.341717,0,0,0,0
23.196456,0,0,0,0
13.134489,0,0,0,0
23.822384,0,0,0,0
20.953192,0,0,0,0
22.327387,0,0,0,0
22.753281,0,0,0,0
23.017669,0,0,0,0
26.512983,0,0,0,0
23.141895,0,0,0,0
21.323405,0,0,0,0
23.118342,0,0,0,0
22.958532,0,0,0,0
23.900209,0,0,0,0
23.467819,0,0,0,0
25.365062,0,0,0,0
15.997250,0,0,0,0
17.651546,0,0,0,0
20.797542,0,0,0,0
20.517409,0,0,0,0
21.027305,0,0,0,0
20.229757,0,0,0,0
23.856177,0,0,0,0
25.048930,0,0,0,0
28.072108,0,0,0,0
24.264087,0,0,0,0
28.053420,0,0,0,0
27.275809,0,0,0,0
25.496744,0,0,0,0
24.494586,0,0,0,0
27.524324,0,0,0,0
29.855589,0,0,0,0
29.630978,0,0,0,0
23.196615,0,0,0,0
24.269047,0,0,0,0
28.255023,0,0,0,0
23.519436,0,0,0,0
29.206108,65535,1098952364,65535,1080201851
27.678374,5,-632940365,5,-610778709
22.025687,0,1092499637,-1073182865,1080154045
19.433330,1199764576,-1377030365,1193171072,1420019267
23.604110,65535,-1050027159,65535,1080207682
21.078090,208,192,656,-1894733413
22.623456,0,0,0,1080197188
17.350229,100,68,68,-39032663
