1403638538777829376.000000 8.642024994 2.697395802 -20.079998016 -0.572008193 -0.613163888 -0.369974017 0.399944842
1403638539027829504.000000 8.639757156 2.707557678 -20.078910828 -0.566805959 -0.607458711 -0.377955139 0.408503234
1403638539277829376.000000 8.636222839 2.726634979 -20.052661896 -0.559272707 -0.597520590 -0.389104098 0.422825396
1403638540027829504.000000 8.623644829 2.805285931 -19.896961212 -0.564941049 -0.613468885 -0.370794892 0.408667088
1403638542177829376.000000 7.894412994 3.675079584 -19.641256332 -0.369537801 -0.737920642 -0.256331295 0.503198922
1403638542927829504.000000 7.330385208 3.842252731 -19.549816132 -0.283249378 -0.769583762 -0.213532060 0.530956268
1403638543377829376.000000 6.963730335 3.829468250 -19.444757462 -0.295817554 -0.769576788 -0.204426810 0.527686775
1403638543577829376.000000 6.794104099 3.822848082 -19.428014755 -0.281016618 -0.776195168 -0.195713520 0.529383600
1403638545677829376.000000 4.807235241 3.741379261 -19.280645370 -0.143978283 -0.808622956 -0.094433673 0.562566936
1403638545877829376.000000 4.625460148 3.733669996 -19.272567749 -0.104485705 -0.816673756 -0.069550909 0.563284457
1403638546277829376.000000 4.266028404 3.713898420 -19.218765259 -0.033428393 -0.825041831 -0.031976949 0.563175023
1403638546627829504.000000 3.940428734 3.685446978 -19.228981018 -0.022404496 -0.826026261 -0.016687278 0.562938988
1403638546827829504.000000 3.748738050 3.663570404 -19.209888458 -0.007598887 -0.826237559 -0.011247203 0.563158333
1403638546977829376.000000 3.600413799 3.644105434 -19.181991577 0.000300505 -0.826824665 -0.012164735 0.562328160
1403638548627829504.000000 1.800569177 3.050346136 -19.226139069 0.063553259 -0.826526701 0.038205642 0.557991982
1403638549027829504.000000 1.301706672 2.837995768 -19.161050797 0.078277178 -0.825937986 0.048623275 0.556178987
1403638549227829504.000000 1.052178741 2.729205132 -19.095113754 0.076554909 -0.824935555 0.051116697 0.557680845
1403638549627829504.000000 0.536175370 2.510392189 -18.946100235 0.068830997 -0.822070301 0.056494091 0.562380016
1403638550427829504.000000 -0.541968405 2.124856949 -18.553470612 0.067752793 -0.823996902 0.058444511 0.559484541
1403638550627829504.000000 -0.820463359 2.041978121 -18.448305130 0.063684978 -0.821644306 0.064771622 0.562716246
1403638550827829504.000000 -1.096587181 1.971740723 -18.361751556 0.061405521 -0.815594852 0.067194425 0.571418643
1403638551227829504.000000 -1.607306600 1.879092336 -18.218421936 0.056039296 -0.801621139 0.074662946 0.590498567
1403638553827829504.000000 -2.940119267 3.559872389 -17.633724213 -0.042930655 -0.790767610 -0.031445339 0.609798968
1403638554327829504.000000 -2.636000156 3.993731737 -17.501668930 -0.043263607 -0.813680291 -0.031784683 0.578828394
1403638556827829504.000000 -1.140936017 6.042116642 -17.228408813 -0.107965544 -0.819944382 -0.033997253 0.561140776
1403638559477829376.000000 -1.151125312 9.039295197 -16.816453934 -0.088310786 -0.819472492 -0.063666217 0.562683582
1403638561877829376.000000 -1.629291058 11.069160461 -17.211641312 -0.363682866 -0.726257861 -0.255446941 0.524434090
1403638563227829504.000000 -0.982005000 11.570055962 -17.269815445 -0.549219191 -0.594744563 -0.360343754 0.463454038
1403638563427829504.000000 -0.831469297 11.605684280 -17.301473618 -0.555433989 -0.572812498 -0.380835623 0.467271984
1403638564177829376.000000 -0.066522330 11.520764351 -17.347391129 -0.552797854 -0.580244303 -0.369947821 0.469967872
1403638564577829376.000000 0.475452691 11.359113693 -17.322406769 -0.539341867 -0.588157892 -0.371784180 0.474296570
1403638566977829376.000000 4.834379673 9.241809845 -18.467319489 -0.555733502 -0.633804917 -0.349051178 0.409408092
1403638567277829376.000000 5.305212975 9.003897667 -18.729673386 -0.533035159 -0.614811599 -0.379998237 0.439865470
1403638567527829504.000000 5.672357082 8.811318398 -18.961479187 -0.533878446 -0.614446521 -0.384128392 0.435746104
1403638569577829376.000000 7.402480602 7.844427586 -19.679986954 -0.542242706 -0.626813531 -0.385739118 0.405318528
1403638572527829504.000000 8.809926987 7.196256161 -20.185335159 -0.764325857 -0.327771693 -0.498324752 0.245039195
1403638573027829504.000000 9.435466766 6.970487118 -20.155321121 -0.771094680 -0.325842381 -0.503334224 0.214230105
1403638573277829376.000000 9.763854027 6.906589031 -20.134611130 -0.770572066 -0.331569731 -0.499756008 0.215694994
1403638573977829376.000000 10.730536461 6.928506374 -19.985244751 -0.770185173 -0.294649661 -0.531730354 0.193027005
1403638574177829376.000000 11.000519753 6.971646786 -19.957908630 -0.778341949 -0.232589886 -0.549190044 0.196153194
1403638574377829376.000000 11.260883331 6.995240211 -19.949100494 -0.790610433 -0.180944398 -0.558633864 0.173558086
1403638574577829376.000000 11.512302399 6.993355274 -19.948707581 -0.801316917 -0.143126667 -0.563302696 0.141760185
1403638574877829376.000000 11.875597000 6.961884975 -19.904615402 -0.809308648 -0.130865678 -0.563119233 0.103877202
1403638575177829376.000000 12.227260590 6.926160336 -19.878749847 -0.817405760 -0.122146636 -0.551506579 0.112998471
1403638575477829376.000000 12.589493752 6.873368263 -19.894710541 -0.821467757 -0.128477156 -0.543378770 0.115861960
1403638575727829504.000000 12.914035797 6.818394661 -19.907220840 -0.823451161 -0.145974845 -0.538313031 0.104109094
1403638576427829504.000000 13.935850143 6.765078068 -19.729406357 -0.819899023 -0.161579952 -0.541988611 0.088915490
1403638576627829504.000000 14.249014854 6.793041229 -19.694690704 -0.819389641 -0.170356274 -0.542194784 0.074861534
1403638576877829376.000000 14.641157150 6.874207020 -19.674232483 -0.809860289 -0.168890521 -0.556359172 0.077889442
1403638577177829376.000000 15.089194298 7.021588802 -19.670558929 -0.807307363 -0.154079735 -0.561154485 0.098081633
1403638577677829376.000000 15.782588005 7.332048416 -19.573518753 -0.807814300 -0.161632687 -0.559879482 0.088577583
1403638577927829504.000000 16.101100922 7.520894051 -19.561697006 -0.808495641 -0.160922453 -0.558550477 0.091979593
1403638578177829376.000000 16.407751083 7.731659412 -19.540403366 -0.807360351 -0.157472879 -0.559619129 0.100985236
1403638578427829504.000000 16.709796906 7.949581623 -19.496400833 -0.808611572 -0.147260845 -0.557724535 0.115779795
1403638578677829376.000000 17.003273010 8.152949333 -19.477762222 -0.807766259 -0.146849260 -0.559465945 0.113784708
1403638578927829504.000000 17.285570145 8.346067429 -19.475248337 -0.805748403 -0.156812117 -0.562436044 0.099223532
1403638579227829504.000000 17.609975815 8.593427658 -19.437479019 -0.804242134 -0.160050675 -0.563873231 0.098109357
1403638582177829376.000000 19.160804749 10.202891350 -19.459589005 -0.681738257 -0.439833522 -0.493691981 0.313125670
1403638584777829376.000000 18.487718582 10.581788063 -18.737634659 -0.672762811 -0.437855005 -0.506994426 0.314054042
1403638586127829504.000000 17.461273193 10.391451836 -18.570041656 -0.693524301 -0.442446530 -0.479994625 0.304746151
1403638586577829376.000000 17.136489868 10.380135536 -18.509441376 -0.678723037 -0.442982316 -0.502114415 0.301633835
1403638589427829504.000000 14.608838081 10.038486481 -18.799201965 -0.686077356 -0.434952259 -0.492901057 0.311709791
1403638591377829376.000000 12.894222260 9.542431831 -18.867340088 -0.710860312 -0.443588406 -0.460642129 0.292772681
1403638591627829504.000000 12.734475136 9.532422066 -18.894989014 -0.718496382 -0.445311159 -0.449364990 0.289019078
1403638593827829504.000000 12.479229927 10.457870483 -18.294504166 -0.640623212 -0.493474185 -0.474063188 0.348352194
1403638595527829504.000000 12.189508438 10.755302429 -17.807884216 -0.636426747 -0.508222282 -0.451263160 0.364736468
1403638596227829504.000000 12.002315521 10.694272041 -17.848472595 -0.620819867 -0.527178109 -0.472631156 0.336579472
1403638596477829376.000000 11.872963905 10.669410706 -17.852540970 -0.608345389 -0.538250566 -0.486804605 0.321284145
1403638596727829504.000000 11.657255173 10.654823303 -17.802923203 -0.598794281 -0.547670782 -0.496994346 0.307406664
1403638597227829504.000000 10.909444809 10.656012535 -17.644985199 -0.590781212 -0.546157360 -0.509513676 0.305099458
1403638597477829376.000000 10.385227203 10.661830902 -17.614648819 -0.597340643 -0.532695532 -0.504942834 0.323191017
1403638597727829504.000000 9.792193413 10.654001236 -17.615766525 -0.603037357 -0.519446433 -0.499451995 0.342153519
1403638597977829376.000000 9.152829170 10.623296738 -17.644950867 -0.587448001 -0.539840400 -0.502641141 0.332910150
1403638598227829504.000000 8.451479912 10.571635246 -17.658609390 -0.596899569 -0.534684122 -0.476583451 0.361513674
1403638598427829504.000000 7.873669624 10.512556076 -17.665012360 -0.608165085 -0.531251609 -0.457435787 0.372370183
1403638598627829504.000000 7.302424431 10.443849564 -17.695882797 -0.607353389 -0.538293004 -0.448178917 0.374830753
1403638598827829504.000000 6.740551472 10.370856285 -17.735427856 -0.591669679 -0.555040896 -0.438570410 0.386668593
1403638599027829504.000000 6.188641071 10.292577744 -17.757127762 -0.570443749 -0.578219652 -0.422751963 0.401916265
1403638599427829504.000000 5.105091095 10.112350464 -17.723548889 -0.521147847 -0.629308939 -0.386501014 0.427775860
1403638599627829504.000000 4.575657368 10.016035080 -17.689645767 -0.511270463 -0.642711461 -0.373046666 0.431695074
1403638599827829504.000000 4.055972576 9.922028542 -17.685186386 -0.510769546 -0.645652056 -0.368642002 0.431683987
1403638600427829504.000000 2.583660126 9.722660065 -17.772203445 -0.553832531 -0.620988607 -0.324540049 0.449796110
1403638600677829376.000000 2.077633381 9.700604439 -17.782009125 -0.559990346 -0.619160652 -0.319516599 0.448285758
1403638600927829504.000000 1.653182626 9.730921745 -17.749114990 -0.553037107 -0.636721134 -0.327488095 0.426013887
1403638601177829376.000000 1.272876501 9.814878464 -17.730815887 -0.536518097 -0.649518311 -0.347760737 0.411505520
1403638601377829376.000000 0.972259223 9.914326668 -17.730464935 -0.520348787 -0.647863507 -0.364065617 0.420673490
1403638601577829376.000000 0.662514627 10.027266502 -17.716417313 -0.499811977 -0.652636766 -0.354116648 0.445931166
1403638601777829376.000000 0.351393074 10.140305519 -17.679908752 -0.461048990 -0.677111387 -0.338013947 0.463357896
1403638601977829376.000000 0.035649542 10.241907120 -17.619953156 -0.415515006 -0.703909874 -0.315987319 0.481674403
1403638602377829376.000000 -0.603969038 10.404437065 -17.546829224 -0.352028996 -0.724505305 -0.285616338 0.519221485
1403638605277829376.000000 -1.049615502 8.600219727 -17.188211441 -0.199591815 -0.808877885 -0.128581345 0.537909508
1403638605627829504.000000 -0.956072390 8.279479980 -17.153896332 -0.170150146 -0.798631608 -0.168598518 0.552097082
1403638605927829504.000000 -0.910460830 7.959475994 -17.125843048 -0.164508104 -0.798954725 -0.176671073 0.550813794
1403638606377829376.000000 -0.920109332 7.352066040 -17.082937241 -0.170908153 -0.805398405 -0.174711436 0.539999723
1403638606777829376.000000 -1.014961958 6.740614891 -17.159154892 -0.184914842 -0.822444677 -0.127813607 0.522546649
1403638606977829376.000000 -1.108360767 6.453256607 -17.210960388 -0.156288877 -0.831819177 -0.102866195 0.522560358
1403638607177829376.000000 -1.237639308 6.189474583 -17.229763031 -0.128055826 -0.831113935 -0.074646220 0.535984278
1403638607677829376.000000 -1.612881899 5.629687786 -17.320625305 -0.104979292 -0.814046502 -0.054722246 0.568606198
1403638607977829376.000000 -1.823924661 5.351004124 -17.435794830 -0.112153903 -0.814966083 -0.050516300 0.566303849
1403638608827829504.000000 -2.300375223 4.749557018 -17.953327179 -0.108104587 -0.799356103 -0.067940123 0.587134838
1403638609077829376.000000 -2.374011993 4.597435474 -18.073810577 -0.112151697 -0.807345748 -0.061395977 0.576060295
1403638609327829504.000000 -2.425495625 4.466238976 -18.169000626 -0.118363641 -0.803072751 -0.052528687 0.581640005
1403638609577829376.000000 -2.453631878 4.361917496 -18.301506042 -0.114264473 -0.806235611 -0.059990693 0.577346444
1403638609977829376.000000 -2.469576836 4.233334064 -18.535026550 -0.112585589 -0.805991590 -0.062700331 0.577729046
1403638610477829376.000000 -2.425169468 4.129115582 -18.754636765 -0.112118937 -0.795255423 -0.064480416 0.592317939
1403638610827829504.000000 -2.305401564 4.076559544 -18.947593689 -0.111875363 -0.793999374 -0.062323671 0.594276547
1403638611127829504.000000 -2.146063805 4.047253609 -19.068584442 -0.111443155 -0.793388128 -0.058568396 0.595554829
1403638611427829504.000000 -1.940089703 4.036684513 -19.196830750 -0.099594340 -0.795505762 -0.073991634 0.593107641
1403638611677829376.000000 -1.736963630 4.018385887 -19.263454437 -0.092625692 -0.801670969 -0.087226540 0.584068239
1403638612077829376.000000 -1.394425035 3.956888199 -19.388954163 -0.112211592 -0.807328343 -0.063696489 0.575823247
1403638612477829376.000000 -1.052689314 3.923101664 -19.458692551 -0.113865130 -0.805739403 -0.065802008 0.577485025
1403638612727829504.000000 -0.836161137 3.914433241 -19.523574829 -0.108415969 -0.804335594 -0.080367565 0.578646064
1403638613027829504.000000 -0.570653677 3.890089989 -19.615079880 -0.112934649 -0.801994026 -0.082223415 0.580767393
1403638613377829376.000000 -0.253141373 3.838234425 -19.644325256 -0.115438744 -0.804428935 -0.081041135 0.577061892
1403638613877829376.000000 0.205679297 3.747300863 -19.714658737 -0.138752431 -0.789056003 -0.087747097 0.591978848
1403638614127829504.000000 0.470299989 3.702183962 -19.797573090 -0.172965825 -0.786041856 -0.114881061 0.582257092
1403638614377829376.000000 0.753391266 3.653645992 -19.867870331 -0.209217861 -0.783779025 -0.138271987 0.568154275
1403638614627829504.000000 1.041942000 3.602773905 -19.890747070 -0.234316573 -0.778020084 -0.145780489 0.564383328
1403638614877829376.000000 1.338903069 3.567100048 -19.862854004 -0.280686527 -0.771175265 -0.150169134 0.551319420
1403638615127829504.000000 1.649072647 3.566576004 -19.795995712 -0.332252175 -0.753993869 -0.189834803 0.533914208
1403638615377829376.000000 1.969171524 3.595940351 -19.709535599 -0.381353080 -0.722230017 -0.251755565 0.519203901
1403638615627829504.000000 2.283976078 3.627880573 -19.652980804 -0.432103246 -0.690197170 -0.294325858 0.500286818
1403638615877829376.000000 2.589343786 3.650910616 -19.592687607 -0.459388286 -0.672444820 -0.310432643 0.490318209
1403638616127829504.000000 2.896023989 3.665802002 -19.535827637 -0.484735012 -0.655071676 -0.327675372 0.478060693
1403638616377829376.000000 3.206669569 3.673995733 -19.562397003 -0.521197200 -0.628211200 -0.349645704 0.459839255
1403638616627829504.000000 3.517438889 3.677436829 -19.646169662 -0.551280975 -0.608702123 -0.363531649 0.439790577
1403638616877829376.000000 3.825901747 3.688308954 -19.750843048 -0.578598261 -0.608395576 -0.342662007 0.421499401
1403638617327829504.000000 4.396425247 3.809517860 -19.833589554 -0.560137510 -0.618157625 -0.361856788 0.416157335
1403638617827829504.000000 4.975050926 4.066246510 -19.743030548 -0.549562871 -0.631675661 -0.361130863 0.410549700
1403638618177829376.000000 5.319754601 4.322124958 -19.616827011 -0.545925200 -0.632400393 -0.358980924 0.416134715
1403638618577829376.000000 5.661355495 4.662533760 -19.543046951 -0.540772915 -0.634220779 -0.361792862 0.417653710
1403638621227829504.000000 7.319512844 6.697624207 -19.612483978 -0.634874761 -0.513737440 -0.446001083 0.366184443
1403638623727829504.000000 8.237555504 6.284517288 -19.733591080 -0.628691137 -0.508769512 -0.454281241 0.373536587
1403638624677829376.000000 8.321837425 5.417394161 -19.716924667 -0.632537901 -0.492335528 -0.457917541 0.384464651
1403638624977829376.000000 8.347805977 5.099417210 -19.726770401 -0.626638889 -0.516715467 -0.448004812 0.373658329
1403638625227829504.000000 8.364271164 4.826376915 -19.724693298 -0.627176881 -0.519371510 -0.436023563 0.383126438
1403638625477829376.000000 8.388173103 4.554904938 -19.731830597 -0.625303566 -0.520648777 -0.434883863 0.385741353
1403638625777829376.000000 8.427656174 4.233568192 -19.698827744 -0.629808426 -0.525570035 -0.428643376 0.378658563
1403638626077829376.000000 8.479227066 3.929200649 -19.683113098 -0.634350300 -0.527379274 -0.424208820 0.373520792
1403638626377829376.000000 8.543905258 3.650326014 -19.708385468 -0.627607107 -0.529072881 -0.435366184 0.369658828
1403638626677829376.000000 8.603184700 3.391035557 -19.758243561 -0.627451658 -0.533092082 -0.434328198 0.365344018
1403638626977829376.000000 8.650136948 3.168964863 -19.773225784 -0.633542836 -0.537827611 -0.424543232 0.359343857
1403638627327829504.000000 8.697782516 2.970679998 -19.785476685 -0.631208718 -0.539648890 -0.425874054 0.359146237
1403638627677829376.000000 8.737053871 2.829514503 -19.829765320 -0.626785815 -0.537965596 -0.432949096 0.360953897
1403638627977829376.000000 8.755276680 2.741358995 -19.876377106 -0.625800610 -0.538092017 -0.435547054 0.359345734
1403638628277829376.000000 8.753731728 2.675370455 -19.913818359 -0.628082812 -0.538700759 -0.434917718 0.355190128
1403638628577829376.000000 8.733128548 2.641410589 -19.927854538 -0.631231427 -0.523969710 -0.431515992 0.375228673
1403638628877829376.000000 8.719799995 2.613266706 -19.939933777 -0.630126238 -0.521866202 -0.433977574 0.377173901
1403638629177829376.000000 8.719002724 2.584599495 -19.966817856 -0.625544846 -0.529548168 -0.440492481 0.366386116
1403638629477829376.000000 8.705763817 2.561207533 -19.973217010 -0.631411493 -0.534982145 -0.432964832 0.357288539
1403638629977829376.000000 8.683043480 2.576974154 -19.978500366 -0.629654109 -0.514916897 -0.438270897 0.382511497
1403638630277829376.000000 8.689707756 2.577580452 -20.058097839 -0.624047220 -0.524344504 -0.446095884 0.369630128
1403638630627829504.000000 8.675224304 2.603566885 -20.077741623 -0.623514175 -0.525098979 -0.444319665 0.371592790
1403638630877829376.000000 8.676760674 2.597846746 -20.098089218 -0.634160638 -0.548427939 -0.417766243 0.350055099
1403638631377829376.000000 8.667101860 2.565513611 -20.104879379 -0.634296715 -0.548386037 -0.417978913 0.349619895
