1403636859051666432.000000 1.103662372 -0.291211784 -0.665692747 -0.548126638 -0.598881662 -0.363302708 0.457065821
1403636861951666432.000000 1.181434512 -0.282251894 -0.470064342 -0.573889852 -0.603185236 -0.370597661 0.411673963
1403636864601666560.000000 1.177594781 -0.278631270 -0.220168099 -0.582189977 -0.581792712 -0.386666715 0.416005880
1403636866251666432.000000 1.164167166 -0.274399251 -0.184719741 -0.566245854 -0.564058244 -0.409722328 0.439694822
1403636868851666432.000000 1.143182397 -0.416370392 -0.457141995 -0.661455810 -0.660328507 -0.234480426 0.267322719
1403636871551666432.000000 1.518219352 -0.302615047 -0.478610367 -0.694525838 -0.615975678 -0.263755471 0.261994064
1403636874451666432.000000 1.479262590 -0.288980722 -0.510950148 -0.695594549 -0.627440512 -0.236421451 0.258014739
1403636876051666432.000000 1.183428645 -0.540802121 -0.530877471 -0.782562435 -0.493501663 -0.280595213 0.255575001
1403636876201666560.000000 1.255109191 -0.566227913 -0.523279309 -0.796890318 -0.463319421 -0.304355472 0.240143180
1403636876451666432.000000 1.391107082 -0.537021279 -0.524560869 -0.815936327 -0.435926378 -0.313522011 0.214289829
1403636876651666432.000000 1.496550083 -0.450438887 -0.522829711 -0.804924071 -0.440855175 -0.336461604 0.211039335
1403636878151666432.000000 1.062234402 -0.396020770 -0.544292569 -0.668075204 -0.641378343 -0.225197837 0.302647233
1403636878451666432.000000 1.193030357 -0.493588835 -0.556757152 -0.720208406 -0.579156995 -0.257418722 0.282157153
1403636878551666432.000000 1.253877878 -0.504558325 -0.554625273 -0.735251129 -0.559515357 -0.270184636 0.270829350
1403636878901666560.000000 1.460662365 -0.441066593 -0.528908014 -0.758176625 -0.517427802 -0.313963205 0.242618904
1403636879101666560.000000 1.534572840 -0.362697929 -0.520312011 -0.759425819 -0.514767110 -0.314121217 0.244161889
1403636879251666432.000000 1.553391933 -0.292254031 -0.508762598 -0.747417569 -0.516892433 -0.326190084 0.260363668
1403636880751666432.000000 1.251440763 -0.550086141 -0.437867612 -0.720220268 -0.558780730 -0.311223477 0.268676341
1403636881101666560.000000 1.129637241 -0.590130866 -0.429303885 -0.695626199 -0.578221262 -0.304354995 0.298550546
1403636881301666560.000000 1.066347837 -0.543627441 -0.425146163 -0.661378920 -0.606463969 -0.292156518 0.330793113
1403636882301666560.000000 1.364051819 -0.236651272 -0.483719409 -0.645450830 -0.610256612 -0.327005595 0.322564065
1403636885251666432.000000 1.218672156 -0.132751778 -0.708965957 -0.462078869 -0.648731053 -0.323635548 0.510775089
1403636887751666432.000000 1.218644857 -0.132995203 -0.709030569 -0.462073326 -0.648667872 -0.323783487 0.510766566
1403636890251666432.000000 1.218708396 -0.133328319 -0.708848298 -0.461550862 -0.648363769 -0.324024260 0.511472046
1403636892751666432.000000 1.218715549 -0.132915527 -0.708917320 -0.461896986 -0.648166955 -0.324194908 0.511300683
1403636895251666432.000000 1.218768597 -0.133117542 -0.708828688 -0.462133050 -0.648151875 -0.324034452 0.511208355
1403636897951666432.000000 1.303572774 -0.196990848 -0.663699210 -0.481787086 -0.683711112 -0.320152640 0.444885135
1403636900551666432.000000 1.491326809 0.206384450 -0.333657146 -0.540529370 -0.616865695 -0.373091877 0.433713287
1403636901501666560.000000 1.751609325 0.459302396 -0.284958780 -0.540047169 -0.618467450 -0.362585604 0.440884203
1403636903751666432.000000 2.630295277 1.166248202 -0.321168691 -0.535000920 -0.628269672 -0.363609850 0.432248920
1403636905801666560.000000 3.375560284 1.894794583 -0.070774376 -0.529759705 -0.631749213 -0.371528208 0.426865876
1403636906951666432.000000 3.514225483 2.414149523 -0.100781664 -0.523808897 -0.633114576 -0.364445567 0.438143313
1403636907751666432.000000 3.593765974 2.839969158 -0.070447966 -0.533132493 -0.635186791 -0.339489043 0.443908334
1403636908601666560.000000 3.748612165 3.436619520 -0.042218417 -0.510943830 -0.643524885 -0.352609992 0.447748214
1403636911301666560.000000 4.073541641 5.427837372 -0.167205319 -0.506590188 -0.641883671 -0.353236049 0.454506397
1403636912801666560.000000 4.207885265 6.287877560 -0.186181024 -0.523956835 -0.631030381 -0.339424908 0.460500419
1403636913051666432.000000 4.272114277 6.438899994 -0.243624493 -0.514574230 -0.631637752 -0.354078799 0.459211677
1403636914651666432.000000 4.821739197 7.236235619 -0.298562288 -0.510614693 -0.637057781 -0.362440169 0.449518889
1403636917501666560.000000 5.572027683 8.293543816 -0.321702451 -0.578903556 -0.573468804 -0.415366292 0.404320508
1403636920201666560.000000 5.726202488 8.639893532 -0.042896882 -0.628215015 -0.503342152 -0.445172459 0.392191321
1403636923101666560.000000 6.109367371 8.102185249 -0.244339645 -0.666236639 -0.454920381 -0.474836767 0.351718992
1403636925351666432.000000 6.598496914 8.444720268 -0.450043559 -0.705037653 -0.428105921 -0.485717297 0.289354235
1403636928051666432.000000 7.815108299 9.438490868 -0.740585148 -0.774620950 -0.320461214 -0.503876865 0.208266959
1403636931001666560.000000 9.423840523 10.306953430 -0.595697820 -0.756655872 -0.295195907 -0.525888562 0.252531976
1403636933501666560.000000 9.246331215 9.510505676 -0.479085982 -0.807119906 -0.204470769 -0.535982430 0.139542699
1403636936451666432.000000 8.268397331 8.446187973 -0.500926673 -0.822803438 -0.042966969 -0.565301716 0.039780032
1403636939001666560.000000 8.020918846 7.637336731 -0.712747812 0.819353819 -0.005566251 0.572959244 -0.018599965
1403636939351666432.000000 7.901084900 7.446073532 -0.732041240 -0.815626681 -0.001406729 -0.578350842 0.016171727
1403636939851666432.000000 7.713068962 7.169160366 -0.723449469 -0.803673267 -0.008693475 -0.594655275 0.020466175
1403636941451666432.000000 6.877932549 6.106862068 -0.756994486 0.814925373 -0.017823344 0.579261482 0.005937677
1403636944001666560.000000 5.804745197 4.449887753 -0.817390800 0.823509097 -0.015827995 0.567050159 0.006037711
1403636946801666560.000000 5.173054695 3.960893869 -1.162078142 0.816702902 -0.003362509 0.576384068 -0.027683131
1403636948551666432.000000 5.385892868 3.822573900 -1.454660058 -0.826245129 -0.040903024 -0.561407089 -0.021635430
1403636948901666560.000000 5.543431282 3.953568935 -1.508647203 -0.815747619 -0.033226747 -0.577446103 0.002789192
1403636949851666432.000000 5.832713127 4.392946720 -1.634844542 -0.822558045 -0.021408299 -0.567157805 0.035665583
1403636950351666432.000000 5.967091560 4.534724712 -1.635981679 -0.830346882 -0.026356475 -0.556090355 0.024348849
1403636953151666432.000000 7.095095634 5.582354069 -1.826861024 -0.826273024 -0.019208133 -0.561672032 0.037795831
1403636953751666432.000000 7.346942425 5.780210018 -1.918814540 -0.825006545 -0.040788583 -0.563440621 0.015334682
1403636955851666432.000000 8.489492416 7.008186340 -1.939416289 -0.817231953 -0.002134308 -0.576243162 -0.008442691
1403636956101666560.000000 8.611385345 7.197954178 -1.923326492 0.816580474 -0.019079397 0.576709688 -0.015435969
1403636956401666560.000000 8.742478371 7.389772892 -1.901922703 0.817698598 -0.016578268 0.575397968 -0.003371247
1403636956651666432.000000 8.842589378 7.535146713 -1.922869444 -0.809912860 0.000749846 -0.586495340 0.007991727
1403636957401666560.000000 9.027539253 7.881809711 -1.903531313 -0.799857318 -0.157632530 -0.567967534 0.113106601
1403636959901666560.000000 9.383860588 8.560767174 -2.093759775 -0.746310771 -0.335903168 -0.524274588 0.235213980
1403636961251666432.000000 9.274178505 9.028717995 -2.180402517 -0.694897652 -0.427102357 -0.491840065 0.304621339
1403636963951666432.000000 8.264156342 9.310554504 -1.653401017 -0.513123155 -0.629140139 -0.375266999 0.447282940
1403636964451666432.000000 8.012567520 9.171239853 -1.521799207 -0.507509768 -0.630859971 -0.380425572 0.446907192
1403636964701666560.000000 7.872076035 9.076584816 -1.500848413 -0.488651931 -0.645611346 -0.380983621 0.446381837
1403636965701666560.000000 7.093468666 8.521951675 -1.254834652 -0.427758694 -0.704445243 -0.281728774 0.491333216
1403636967551666432.000000 5.892054558 7.537714958 -1.077229381 -0.430413127 -0.680542350 -0.322464764 0.497617453
1403636968001666560.000000 5.726993084 7.183892250 -1.140660524 -0.430188954 -0.679110110 -0.326061070 0.497424424
1403636968301666560.000000 5.625307083 6.913006306 -1.249339461 -0.432383597 -0.678338587 -0.321478665 0.499552518
1403636969151666432.000000 5.401947975 6.007403374 -1.276707649 -0.435815334 -0.681551278 -0.318236321 0.494245559
1403636969551666432.000000 5.295642853 5.546988487 -1.179465294 -0.446769416 -0.694831789 -0.306818873 0.472724199
1403636972001666560.000000 4.429145336 4.034938335 -1.313689590 -0.439255357 -0.679970026 -0.303184360 0.502767086
1403636972751666432.000000 4.420918941 3.919007540 -1.281036496 -0.440605730 -0.687237382 -0.305828720 0.489939064
1403636974101666560.000000 4.468150139 3.820502043 -1.436599731 -0.483881384 -0.658851862 -0.334286124 0.469069064
1403636976901666560.000000 4.728547096 3.813122034 -1.720958233 -0.741949558 -0.354248762 -0.507445514 0.257910639
1403636978451666432.000000 5.344951630 3.762204170 -1.938066602 -0.745581627 -0.354462564 -0.507496476 0.246803015
1403636978851666432.000000 5.537283897 3.765127182 -1.933962345 -0.758238077 -0.358842015 -0.491344810 0.234281167
1403636980851666432.000000 6.538674355 4.578945637 -2.137977600 -0.740530610 -0.341227472 -0.523674488 0.246867076
1403636981701666560.000000 6.837935925 4.969258308 -2.220925331 -0.747300327 -0.341552764 -0.520080626 0.233238265
1403636982051666432.000000 6.954767704 5.123190403 -2.200157404 -0.764840841 -0.343924612 -0.499910861 0.216387421
1403636982451666432.000000 7.122020721 5.373694420 -2.195196390 -0.764394939 -0.328856856 -0.501577377 0.236587912
1403636985201666560.000000 8.615805626 7.518625736 -2.199478149 -0.751674354 -0.326076984 -0.527036369 0.225593165
1403636987951666432.000000 8.347574234 9.482369423 -2.065032721 -0.720165372 -0.357757270 -0.528642833 0.271861076
1403636990851666432.000000 7.340128422 7.803475857 -1.692635298 -0.728695095 -0.371360838 -0.514522195 0.257607371
1403636991851666432.000000 6.891246319 7.015390873 -1.661189079 -0.741013885 -0.352249324 -0.506153643 0.265758246
1403636992351666432.000000 6.720651627 6.666766644 -1.600472808 -0.734355509 -0.351166964 -0.523824811 0.251020700
1403636993351666432.000000 6.372203827 6.099846363 -1.522071362 -0.729869008 -0.358909756 -0.519205093 0.262490213
1403636993751666432.000000 6.209336281 5.906843662 -1.418792844 -0.702911556 -0.413326263 -0.496162891 0.298159748
1403636994251666432.000000 6.004863739 5.655248165 -1.374766588 -0.677099705 -0.425803274 -0.509954333 0.316503137
1403636997201666560.000000 4.602435589 3.296825409 -1.049647331 -0.624412417 -0.539040744 -0.422792345 0.375221133
1403636998701666560.000000 4.229835510 2.758546114 -0.735786498 -0.613769233 -0.537029922 -0.434551597 0.382166326
1403636999201666560.000000 4.123348236 2.686409473 -0.576132178 -0.604990065 -0.539616406 -0.450606197 0.373838514
1403637001201666560.000000 3.276314974 1.984517336 -0.511893094 -0.612615645 -0.528670669 -0.446933091 0.381392598
1403637001701666560.000000 3.017047167 1.704510689 -0.440406233 -0.621067584 -0.528502822 -0.438970655 0.377179772
1403637002201666560.000000 2.778041601 1.419501781 -0.446186960 -0.623968840 -0.528750479 -0.437357068 0.373904735
1403637002701666560.000000 2.547922850 1.156445980 -0.449904710 -0.620148420 -0.532702863 -0.443661064 0.367162704
1403637003201666560.000000 2.302136898 0.910877824 -0.444981307 -0.625871837 -0.525562763 -0.442555755 0.369070113
1403637003551666432.000000 2.132019520 0.748759687 -0.461716056 -0.626756728 -0.519530177 -0.445260197 0.372837454
1403637003951666432.000000 1.945145011 0.558811843 -0.430075169 -0.628814220 -0.523259580 -0.440972120 0.369236588
1403637004251666432.000000 1.811540484 0.422551423 -0.456882209 -0.627772689 -0.531255305 -0.437364131 0.363843262
1403637004751666432.000000 1.600540996 0.236223608 -0.381596625 -0.634804666 -0.510449171 -0.434989721 0.383730054
1403637005151666432.000000 1.484327674 0.084373035 -0.403676659 -0.639992177 -0.514153540 -0.436328143 0.368339360
1403637005501666560.000000 1.419320345 -0.027686529 -0.480682850 -0.633560956 -0.520290673 -0.442629158 0.363287330
1403637006001666560.000000 1.328757167 -0.147046402 -0.477783144 -0.632069468 -0.523323596 -0.438130468 0.366963804
1403637006501666560.000000 1.257464170 -0.228708476 -0.470890671 -0.646545470 -0.524286568 -0.416138828 0.365965903
1403637007001666560.000000 1.235908270 -0.247381687 -0.501400828 -0.593907475 -0.563688695 -0.408317983 0.403491557
1403637007501666560.000000 1.235920310 -0.268411189 -0.549154520 -0.549027681 -0.596448183 -0.403488517 0.424281985
1403637007801666560.000000 1.221434712 -0.302152425 -0.589689672 -0.561466515 -0.607253253 -0.387303472 0.407424748
1403637008151666432.000000 1.191047668 -0.325661391 -0.619517863 -0.566487551 -0.594941318 -0.390975982 0.415059656
1403637008651666432.000000 1.145105958 -0.323779047 -0.617480278 -0.570765376 -0.583976209 -0.398160219 0.417931885
1403637009001666560.000000 1.127307653 -0.306212515 -0.640029192 -0.589771092 -0.575061917 -0.375887632 0.424479097
1403637009301666560.000000 1.159933090 -0.279134184 -0.687229156 -0.571008503 -0.591726184 -0.406413078 0.398293853
1403637009601666560.000000 1.183747172 -0.259792328 -0.713509858 -0.542129040 -0.570955455 -0.389488399 0.477917224
1403637009801666560.000000 1.190513372 -0.264141291 -0.719106913 -0.557048082 -0.562491715 -0.394188315 0.466814965
1403637010301666560.000000 1.187221885 -0.266612619 -0.726897895 -0.556910872 -0.562420964 -0.393035322 0.468034297
