1403638147795097088.000000 -14.041999817 -0.488051057 29.855785370 -0.601389468 -0.583963096 -0.387998521 0.383112311
1403638148095097088.000000 -14.040515900 -0.458684862 29.891582489 -0.592347682 -0.566897810 -0.409024566 0.400562048
1403638150845096960.000000 -14.426133156 0.090138234 30.231130600 -0.544145823 -0.628629029 -0.367801607 0.416476756
1403638151145096960.000000 -14.571591377 0.201642379 30.254266739 -0.512212098 -0.643642843 -0.364405632 0.436544597
1403638151495097088.000000 -14.773797989 0.324944407 30.236761093 -0.458034694 -0.684431612 -0.322359055 0.466735721
1403638152245096960.000000 -15.265515327 0.558633983 30.383295059 -0.417539209 -0.711935639 -0.296491385 0.480522096
1403638152545096960.000000 -15.494776726 0.646036446 30.396331787 -0.416319102 -0.713249326 -0.304032147 0.474887639
1403638152695097088.000000 -15.622357368 0.685805976 30.388597488 -0.419852376 -0.713150501 -0.297965884 0.475769490
1403638153545096960.000000 -16.432268143 0.941163838 30.519723892 -0.344763637 -0.757300973 -0.246193483 0.497013092
1403638153995097088.000000 -16.933883667 1.086602807 30.598690033 -0.289200097 -0.772764623 -0.211271316 0.523987293
1403638154345096960.000000 -17.343797684 1.179268599 30.588882446 -0.276450872 -0.764098167 -0.214230493 0.542064786
1403638154745096960.000000 -17.789768219 1.220225811 30.559652328 -0.271448255 -0.765904129 -0.205865487 0.545276284
1403638155045096960.000000 -18.107128143 1.199367523 30.604074478 -0.245386779 -0.779181242 -0.198292688 0.541610479
1403638155345096960.000000 -18.425151825 1.135334611 30.667779922 -0.218533263 -0.779769659 -0.184151396 0.557037532
1403638155495097088.000000 -18.580862045 1.086461306 30.678842545 -0.201677561 -0.781064451 -0.179237649 0.563150406
1403638155645096960.000000 -18.731933594 1.022689700 30.676099777 -0.187935323 -0.781058550 -0.157726213 0.574238956
1403638156095097088.000000 -19.122121811 0.767042875 30.635345459 -0.111871980 -0.810975492 -0.077800699 0.568990707
1403638156545096960.000000 -19.463855743 0.507589757 30.669723511 -0.056177441 -0.829242468 -0.023332726 0.555568635
1403638156695097088.000000 -19.584836960 0.434733629 30.661424637 -0.052441046 -0.830101311 -0.019749345 0.554789841
1403638156845096960.000000 -19.714773178 0.368643820 30.642711639 -0.052053146 -0.830456495 -0.020529589 0.554266214
1403638157245096960.000000 -20.096847534 0.226107508 30.622312546 -0.061114412 -0.835143149 -0.025349882 0.546038747
1403638157695097088.000000 -20.605346680 0.099625379 30.655138016 -0.024992276 -0.823768437 -0.023660451 0.565880895
1403638158145096960.000000 -21.130542755 -0.057005577 30.714899063 0.040107340 -0.821215034 0.033828132 0.568201602
1403638158545096960.000000 -21.580001831 -0.183037221 30.721281052 0.060403153 -0.818586111 0.037144408 0.569989920
1403638158845096960.000000 -21.902721405 -0.280200720 30.700723648 0.052458785 -0.821219683 0.041930590 0.566646516
1403638159045096960.000000 -22.113582611 -0.345508069 30.713447571 0.045890652 -0.830025375 0.045666207 0.553955436
1403638159795097088.000000 -22.984649658 -0.500853717 30.830604553 0.018509494 -0.793310225 0.077224605 0.603616357
1403638160195097088.000000 -23.320434570 -0.434186220 31.023868561 0.045273628 -0.805753291 0.044718180 0.588822901
1403638160345096960.000000 -23.420423508 -0.399288595 31.128755569 0.048928566 -0.821342111 0.042257078 0.566760600
1403638160795097088.000000 -23.736671448 -0.297420382 31.431833267 0.044037871 -0.823621333 0.046907123 0.563478827
1403638161095097088.000000 -23.953329086 -0.210571676 31.594249725 0.002946076 -0.805732071 0.034314349 0.591278076
1403638161245096960.000000 -24.043596268 -0.152318090 31.661882401 -0.023409585 -0.808847785 0.009376934 0.587477028
1403638161695097088.000000 -24.282697678 0.049115151 31.828025818 -0.089637280 -0.822842240 -0.037885875 0.559875429
1403638162145096960.000000 -24.521875381 0.292218089 31.920810699 -0.121247105 -0.812681437 -0.055466287 0.567249179
1403638162595097088.000000 -24.750444412 0.604282856 32.031612396 -0.130770311 -0.812563479 -0.056036845 0.565242946
1403638165545096960.000000 -24.935516357 3.667296410 32.668560028 -0.248888642 -0.770580351 -0.143795788 0.568843603
1403638166145096960.000000 -24.534345627 4.281407356 32.561916351 -0.238559768 -0.781943679 -0.163011715 0.552340865
1403638166295097088.000000 -24.423818588 4.417405128 32.589748383 -0.233963385 -0.785611570 -0.163677290 0.548894703
1403638166995097088.000000 -23.957038879 4.983932972 32.823833466 -0.248979047 -0.801104426 -0.125329643 0.529654324
1403638167295097088.000000 -23.810752869 5.269676208 32.887454987 -0.238920614 -0.807409883 -0.138555691 0.521352589
1403638167445096960.000000 -23.764884949 5.431041241 32.938694000 -0.237879544 -0.804973543 -0.141453415 0.524806499
1403638168045096960.000000 -23.642955780 6.156358242 33.033241272 -0.294095576 -0.769946396 -0.151343375 0.545697212
1403638168195097088.000000 -23.604471207 6.365902424 33.054672241 -0.309640229 -0.762717009 -0.163915128 0.543615222
1403638168795097088.000000 -23.402860641 7.258059978 33.195251465 -0.341018677 -0.764149189 -0.232928470 0.495506465
1403638168945096960.000000 -23.375455856 7.483355999 33.199802399 -0.341336071 -0.766420126 -0.234438196 0.491048455
1403638169695097088.000000 -23.332317352 8.615238190 33.090206146 -0.392817408 -0.705535769 -0.242910311 0.537501931
1403638169995097088.000000 -23.218442917 9.048621178 33.105033875 -0.421259701 -0.684854209 -0.316270262 0.503476024
1403638170145096960.000000 -23.158184052 9.242246628 33.126609802 -0.445351928 -0.661245167 -0.338118911 0.500092089
1403638170445096960.000000 -23.025812149 9.570657730 33.122806549 -0.509562194 -0.620243609 -0.355801880 0.478590906
1403638170595097088.000000 -22.947839737 9.714666367 33.113895416 -0.538427055 -0.595069647 -0.362099737 0.474206895
1403638171045096960.000000 -22.622299194 10.062363625 33.153076172 -0.594387531 -0.533982456 -0.408772588 0.440988839
1403638171395097088.000000 -22.293237686 10.225097656 33.146320343 -0.615068018 -0.504182339 -0.426575184 0.430726200
1403638171695097088.000000 -21.958311081 10.276823044 33.124637604 -0.627131879 -0.481540561 -0.434801430 0.431012779
1403638171995097088.000000 -21.560739517 10.228866577 33.110614777 -0.637312949 -0.457279414 -0.449857116 0.427031964
1403638172445096960.000000 -20.866222382 9.943770409 33.092716217 -0.638251364 -0.455991060 -0.460793525 0.415182680
1403638172595097088.000000 -20.620550156 9.804357529 33.044727325 -0.635751665 -0.453923345 -0.461164474 0.420833528
1403638172895097088.000000 -20.103097916 9.447776794 32.905960083 -0.634154797 -0.455634505 -0.454105020 0.428991258
1403638173045096960.000000 -19.829303741 9.228686333 32.821895599 -0.638085723 -0.459099859 -0.442614883 0.431469738
1403638173195097088.000000 -19.542226791 8.988372803 32.723369598 -0.642417669 -0.465219140 -0.432345897 0.428891361
1403638174045096960.000000 -17.818666458 7.457695484 31.953002930 -0.634564340 -0.494317591 -0.451321095 0.386377543
1403638174195097088.000000 -17.533590317 7.164021492 31.828290939 -0.636574984 -0.495890707 -0.449039131 0.383703798
1403638174495097088.000000 -16.978710175 6.580554962 31.556636810 -0.644320905 -0.505635738 -0.435727715 0.373262078
1403638174645096960.000000 -16.705625534 6.304694176 31.428133011 -0.646455109 -0.511935532 -0.431749403 0.365527332
1403638174845096960.000000 -16.346416473 5.954585552 31.281469345 -0.649606109 -0.519532561 -0.426178545 0.355625778
1403638175095097088.000000 -15.915525436 5.561586380 31.135841370 -0.650186062 -0.520015895 -0.427544862 0.352203131
1403638175295097088.000000 -15.584723473 5.288876534 31.048641205 -0.651894689 -0.521046340 -0.429023206 0.345663369
1403638176795097088.000000 -13.669335365 4.749161720 30.817132950 -0.632990241 -0.525549412 -0.455373198 0.340230048
1403638177245096960.000000 -13.392654419 4.846514225 30.849714279 -0.634077787 -0.527592480 -0.454923928 0.335612625
1403638177695097088.000000 -13.242249489 4.995869637 30.766691208 -0.648361146 -0.510600209 -0.438955694 0.355293214
1403638179245096960.000000 -12.569133759 5.096162319 30.572305679 -0.758611262 -0.348560244 -0.491948485 0.246984556
1403638179545096960.000000 -12.357325554 5.068108082 30.484741211 -0.767666340 -0.305765927 -0.515813708 0.226123348
1403638179845096960.000000 -12.131321907 5.040076256 30.407638550 -0.781776965 -0.245438576 -0.539747894 0.193020850
1403638180195097088.000000 -11.858848572 4.996167660 30.375736237 -0.804223061 -0.203303382 -0.535053670 0.160033613
1403638180595097088.000000 -11.507958412 4.950527191 30.318107605 -0.806696653 -0.202847824 -0.535151839 0.147329092
1403638180995097088.000000 -11.104673386 4.933320522 30.287141800 -0.810080230 -0.213147774 -0.524848580 0.151235014
1403638181745096960.000000 -10.210504532 4.894536495 30.147125244 -0.798901677 -0.124701835 -0.571698964 0.139161810
1403638181945096960.000000 -9.982342720 4.822947502 30.137033463 -0.810870826 -0.098506212 -0.568998337 0.095005773
1403638182345096960.000000 -9.541028976 4.659626484 30.175109863 -0.831296146 -0.062001415 -0.547242343 0.075022548
1403638182545096960.000000 -9.304308891 4.568310261 30.197629929 -0.835714817 -0.068848692 -0.541116059 0.063513808
1403638182995097088.000000 -8.706179619 4.376307964 30.310329437 -0.828329086 -0.081790924 -0.550477445 0.064466290
1403638184295097088.000000 -6.842016220 4.119346619 30.409980774 -0.828344405 -0.094011113 -0.549773455 0.052504793
1403638184745096960.000000 -6.210578918 4.174715519 30.451789856 -0.819772065 -0.091253854 -0.562856436 0.053282343
1403638185045096960.000000 -5.804141521 4.246157646 30.482044220 -0.818454742 -0.090237878 -0.564962387 0.052977897
1403638185245096960.000000 -5.540678501 4.307090759 30.509065628 -0.819287717 -0.095178798 -0.563496470 0.046696443
1403638185595097088.000000 -5.099905014 4.456163883 30.561586380 -0.807437718 -0.121504411 -0.575126290 0.050108131
1403638185795097088.000000 -4.869688988 4.572665691 30.595052719 -0.803613126 -0.133605525 -0.575163543 0.074447095
1403638186095097088.000000 -4.550280094 4.753487110 30.622470856 -0.814445376 -0.128782406 -0.555346072 0.108094938
1403638186445096960.000000 -4.176554680 4.939848900 30.645929337 -0.813653588 -0.140148640 -0.556265533 0.094312318
1403638186895097088.000000 -3.707424641 5.199377060 30.688926697 -0.808338761 -0.163571551 -0.560154974 0.077841334
1403638189495097088.000000 -3.122332811 6.689680099 31.099777222 -0.737012386 -0.350773066 -0.521234155 0.249170601
1403638190845096960.000000 -3.941540956 6.924829483 31.151042938 -0.704796553 -0.398028523 -0.521105766 0.270710081
1403638191445096960.000000 -4.473614693 7.016612530 31.230615616 -0.720730186 -0.401431680 -0.495722800 0.271402985
1403638191795097088.000000 -4.782828331 7.073386192 31.259752274 -0.718730450 -0.406371564 -0.500525236 0.260313839
1403638192195097088.000000 -5.139515400 7.190728188 31.262418747 -0.717652082 -0.405560017 -0.502206385 0.261314660
1403638194845096960.000000 -7.929080963 6.534776688 32.021572113 -0.712844789 -0.423600972 -0.478111655 0.289523333
1403638197195097088.000000 -9.284981728 6.384712696 31.948993683 -0.710922062 -0.420411140 -0.482497334 0.291617155
1403638197595097088.000000 -9.369147301 6.550954819 32.035465240 -0.695526421 -0.423995465 -0.504091382 0.286989152
1403638198395097088.000000 -9.669244766 6.822363853 32.065097809 -0.694586813 -0.417334288 -0.503557920 0.299684525
1403638199095097088.000000 -10.172400475 6.952608109 31.844940186 -0.672824740 -0.443980813 -0.530340075 0.262540102
1403638199495097088.000000 -10.724053383 7.043169975 31.905406952 -0.670873761 -0.441044152 -0.534671187 0.263695389
1403638199795097088.000000 -11.258345604 7.117239475 32.017192841 -0.673696756 -0.451152951 -0.513077736 0.281682551
1403638199995097088.000000 -11.649604797 7.168797493 32.081935883 -0.677238941 -0.453101724 -0.496094853 0.299893498
1403638200095097088.000000 -11.847970009 7.194597244 32.106933594 -0.672509432 -0.460759014 -0.492884487 0.304133236
1403638200195097088.000000 -12.048019409 7.220202446 32.131084442 -0.660034478 -0.472455293 -0.496004909 0.308414847
1403638200345096960.000000 -12.355935097 7.258227825 32.176094055 -0.639519036 -0.486497700 -0.497216731 0.327277958
1403638200495097088.000000 -12.674302101 7.291958332 32.234512329 -0.621765554 -0.506191790 -0.496563315 0.332569510
1403638200795097088.000000 -13.356727600 7.345205307 32.388484955 -0.595414162 -0.544914424 -0.486649364 0.334249377
1403638200945096960.000000 -13.725249290 7.366284370 32.458072662 -0.596820474 -0.549216807 -0.473143876 0.343949467
1403638201095097088.000000 -14.106852531 7.386293411 32.511367798 -0.602208614 -0.543326437 -0.461146116 0.359841019
1403638201245096960.000000 -14.492834091 7.403637886 32.547256470 -0.605687261 -0.538177967 -0.456890166 0.367095232
1403638201545096960.000000 -15.265877724 7.429095268 32.572242737 -0.607131064 -0.535447001 -0.461001903 0.363546133
1403638201845096960.000000 -16.041296005 7.438590050 32.529846191 -0.608364522 -0.529830098 -0.464384645 0.365403444
1403638201995097088.000000 -16.432435989 7.432583809 32.491992950 -0.606181741 -0.534389913 -0.461100250 0.366548330
1403638202145096960.000000 -16.826217651 7.414387703 32.462036133 -0.606716633 -0.538967669 -0.447430909 0.375784934
1403638202595097088.000000 -17.965970993 7.340929508 32.416637421 -0.612102151 -0.546802163 -0.422561258 0.384422183
1403638202745096960.000000 -18.323213577 7.324037552 32.381374359 -0.613210917 -0.547257125 -0.421127796 0.383579731
1403638202945096960.000000 -18.779737473 7.305486202 32.322792053 -0.611929417 -0.545759737 -0.424580157 0.383953571
1403638203395097088.000000 -19.734733582 7.250803471 32.257213593 -0.605411410 -0.540182292 -0.434238523 0.391301870
1403638203545096960.000000 -20.034444809 7.225162029 32.237335205 -0.606790006 -0.538941026 -0.432157069 0.393177897
1403638203845096960.000000 -20.599487305 7.159732342 32.212379456 -0.607599676 -0.539478183 -0.430405170 0.393112481
1403638204145096960.000000 -21.119667053 7.071808338 32.245346069 -0.610078752 -0.542666018 -0.422963709 0.392962247
1403638204295097088.000000 -21.362928391 7.023972034 32.283725739 -0.619061053 -0.540551901 -0.409337461 0.396244735
1403638204445096960.000000 -21.588167191 6.979810715 32.327449799 -0.630881250 -0.536554158 -0.393165380 0.399398774
1403638204645096960.000000 -21.852632523 6.931410789 32.373630524 -0.629642367 -0.535777450 -0.392133355 0.403391212
1403638204845096960.000000 -22.081016541 6.892261028 32.393051147 -0.605030000 -0.560380757 -0.397950321 0.401930004
1403638205045096960.000000 -22.293645859 6.859573841 32.386375427 -0.559520960 -0.600946367 -0.393273890 0.413685113
1403638205245096960.000000 -22.509979248 6.829208851 32.372966766 -0.501461864 -0.648712754 -0.359506398 0.445491791
1403638205445096960.000000 -22.729940414 6.798192024 32.389942169 -0.431549847 -0.690593958 -0.321148545 0.483433992
1403638205645096960.000000 -22.945014954 6.755598068 32.436180115 -0.369666636 -0.717472136 -0.315228313 0.499210924
1403638205845096960.000000 -23.169752121 6.682381153 32.506019592 -0.333024144 -0.730045319 -0.308663309 0.510740399
1403638206045096960.000000 -23.414957047 6.565730572 32.592632294 -0.303865403 -0.746776283 -0.276236236 0.523148715
1403638206245096960.000000 -23.669765472 6.410447121 32.695526123 -0.270030200 -0.758445442 -0.246689036 0.539433777
1403638206995097088.000000 -24.518436432 5.640611172 32.871829987 -0.227629364 -0.762348115 -0.179401621 0.578640938
1403638207195097088.000000 -24.687595367 5.406019211 32.854969025 -0.223153725 -0.759925783 -0.175627500 0.584696829
1403638207345096960.000000 -24.795230865 5.220938206 32.822074890 -0.212092012 -0.760621428 -0.168167368 0.590077817
1403638207545096960.000000 -24.909217834 4.959159374 32.775024414 -0.182361990 -0.766288698 -0.146320865 0.598444641
1403638207745096960.000000 -24.980768204 4.685728550 32.751049042 -0.164052144 -0.783642650 -0.118362397 0.587351322
1403638207945096960.000000 -25.023586273 4.420103550 32.760017395 -0.158862948 -0.796460271 -0.101993099 0.574465990
1403638208345096960.000000 -25.061178207 3.931055069 32.776679993 -0.158782125 -0.791769564 -0.104149975 0.580553174
1403638208545096960.000000 -25.057456970 3.700791121 32.752933502 -0.155882716 -0.797775388 -0.099993654 0.573808551
1403638208995097088.000000 -25.009168625 3.221994162 32.763610840 -0.120071307 -0.802230716 -0.075849317 0.579875529
1403638209245096960.000000 -24.957536697 2.979906082 32.737220764 -0.115008384 -0.803082526 -0.070513807 0.580395937
1403638209495097088.000000 -24.892261505 2.755985260 32.671497345 -0.116236769 -0.802043259 -0.066053584 0.582110345
1403638209745096960.000000 -24.816457748 2.553261042 32.529365540 -0.118141420 -0.800930202 -0.066670753 0.583188295
1403638210145096960.000000 -24.661531448 2.259713888 32.146018982 -0.112322010 -0.788792908 -0.077176154 0.599360704
1403638210545096960.000000 -24.402437210 1.973496795 31.794912338 -0.113300547 -0.786242247 -0.076859146 0.602560282
1403638210945096960.000000 -24.027437210 1.692442536 31.428878784 -0.117297769 -0.789082229 -0.072951652 0.598555505
1403638211345096960.000000 -23.566749573 1.438177824 31.173583984 -0.122794777 -0.797795117 -0.068268612 0.586330891
1403638211545096960.000000 -23.323312759 1.331970572 31.060052872 -0.143475369 -0.795241475 -0.081121996 0.583459437
1403638211945096960.000000 -22.798536301 1.163936853 30.788627625 -0.235528499 -0.774306059 -0.123711266 0.574170768
1403638212145096960.000000 -22.519620895 1.111180305 30.680349350 -0.277921319 -0.761318266 -0.156010747 0.564637005
1403638212345096960.000000 -22.226978302 1.074635983 30.606931686 -0.316279113 -0.746793091 -0.190421104 0.553179502
1403638212545096960.000000 -21.922380447 1.047469854 30.566772461 -0.355029106 -0.728620887 -0.220588386 0.542592704
1403638212745096960.000000 -21.603996277 1.024078369 30.555000305 -0.394602716 -0.710936666 -0.248962775 0.526189506
1403638212945096960.000000 -21.273742676 1.003224373 30.568941116 -0.436958671 -0.686229348 -0.277532578 0.511010826
1403638213145096960.000000 -20.933847427 0.987883031 30.600585938 -0.483354270 -0.658101201 -0.303965986 0.490791351
1403638213345096960.000000 -20.585559845 0.979876876 30.616865158 -0.539652288 -0.629392385 -0.311637998 0.464243978
1403638213495097088.000000 -20.314424515 0.986500442 30.613752365 -0.579173028 -0.602257907 -0.316409618 0.449142456
1403638213695097088.000000 -19.929765701 1.020050526 30.602165222 -0.591361403 -0.575546801 -0.359837174 0.435378909
1403638213895097088.000000 -19.533357620 1.066290259 30.609550476 -0.585585773 -0.567482769 -0.392495513 0.425440967
1403638214095097088.000000 -19.139566422 1.111028552 30.636222839 -0.588399589 -0.573895156 -0.391453147 0.413756847
1403638214295097088.000000 -18.755043030 1.160581708 30.675348282 -0.592898905 -0.586526752 -0.377250642 0.402665257
1403638214495097088.000000 -18.379573822 1.229753494 30.695602417 -0.587903261 -0.593335986 -0.374006510 0.403040260
1403638215295097088.000000 -16.967094421 1.551709056 30.568445206 -0.559416473 -0.592912376 -0.392687678 0.425798774
1403638215745096960.000000 -16.277158737 1.683875084 30.478704453 -0.556514442 -0.592580318 -0.397690624 0.425420225
1403638216445096960.000000 -15.369808197 1.791095972 30.382057190 -0.567283928 -0.577576876 -0.410685450 0.419441819
1403638219145096960.000000 -14.008545876 1.362651229 30.290714264 -0.635165155 -0.516736925 -0.429021269 0.381430268
1403638219645096960.000000 -14.054911613 1.196763992 30.278383255 -0.618960440 -0.507572412 -0.458702266 0.385811538
1403638220145096960.000000 -14.095502853 0.938832521 30.244302750 -0.640549421 -0.505175471 -0.426717281 0.390392959
1403638220645096960.000000 -14.059465408 0.659970701 30.273212433 -0.628146768 -0.522217214 -0.448133349 0.363176793
1403638221095097088.000000 -14.063550949 0.418506503 30.252326965 -0.633483946 -0.518530250 -0.446083009 0.361710519
1403638221545096960.000000 -14.095724106 0.197974503 30.231082916 -0.641840219 -0.516022146 -0.436875910 0.361803532
1403638222045096960.000000 -14.116953850 -0.011606487 30.214620590 -0.635113776 -0.514328122 -0.446019739 0.364915729
1403638222345096960.000000 -14.128610611 -0.128522545 30.229827881 -0.642343104 -0.521642148 -0.436092496 0.353706419
1403638222645096960.000000 -14.141095161 -0.214852378 30.207180023 -0.640684724 -0.518752873 -0.438538074 0.357914656
1403638223045096960.000000 -14.159408569 -0.298701257 30.147853851 -0.629756391 -0.509619296 -0.453124493 0.371985614
1403638223495097088.000000 -14.190053940 -0.411572307 30.120964050 -0.649359405 -0.507280290 -0.425943524 0.373592287
1403638223895097088.000000 -14.170676231 -0.489802063 30.077726364 -0.636058569 -0.518657923 -0.445940971 0.357155591
1403638224345096960.000000 -14.165847778 -0.549692333 30.008609772 -0.640476942 -0.523963869 -0.439071268 0.349953622
1403638224795097088.000000 -14.186831474 -0.562501252 29.951772690 -0.645196855 -0.522732615 -0.432584733 0.351200998
1403638225195097088.000000 -14.203218460 -0.549459338 29.952470779 -0.638202906 -0.512578130 -0.439951956 0.369327873
1403638225595097088.000000 -14.201892853 -0.529237807 29.952621460 -0.623498142 -0.509757102 -0.459680259 0.374288470
1403638226045096960.000000 -14.226758003 -0.536595762 29.827508926 -0.644195855 -0.530462861 -0.426889330 0.348405629
1403638226395097088.000000 -14.247743607 -0.512461126 29.833240509 -0.641313195 -0.531709373 -0.428842783 0.349423110
1403638226695097088.000000 -14.242545128 -0.504644156 29.849107742 -0.642250776 -0.530529320 -0.428974807 0.349332422
1403638227195097088.000000 -14.236644745 -0.497548610 29.866796494 -0.642997384 -0.530028462 -0.428043097 0.349861860
1403638227695097088.000000 -14.233812332 -0.493785471 29.875635147 -0.643144548 -0.530267477 -0.427658379 0.349699706
1403638228195097088.000000 -14.232938766 -0.491195112 29.877075195 -0.643303216 -0.530347705 -0.427444041 0.349548310
1403638228695097088.000000 -14.231548309 -0.487396568 29.873264313 -0.643549740 -0.530273378 -0.427129626 0.349591404
