1403638538777829376.000000 -6.806732178 11.076308250 7.366386890 -0.560986698 -0.623426974 -0.362264901 0.406690091
1403638539027829504.000000 -6.809366703 11.086353302 7.367471695 -0.555890918 -0.617639363 -0.370085925 0.415383428
1403638539277829376.000000 -6.813529015 11.105254173 7.393745899 -0.548540056 -0.607570887 -0.380978048 0.429903746
1403638541977829376.000000 -7.447007179 11.965573311 7.766773701 -0.388677359 -0.726838112 -0.274016947 0.495531142
1403638542627829504.000000 -7.920698643 12.157455444 7.848513603 -0.261413127 -0.767820060 -0.230572820 0.537542343
1403638542977829376.000000 -8.196071625 12.176003456 7.917501926 -0.271491408 -0.775503218 -0.200406268 0.533595860
1403638543427829504.000000 -8.562649727 12.149847031 8.013624191 -0.280319393 -0.775632560 -0.192943484 0.531590164
1403638543827829504.000000 -8.908888817 12.117734909 8.040488243 -0.214749187 -0.797425330 -0.163095325 0.539810598
1403638544577829376.000000 -9.627815247 12.043552399 8.170152664 -0.157282218 -0.809032857 -0.105092488 0.556492448
1403638544927829504.000000 -9.967676163 12.023481369 8.222123146 -0.152840421 -0.808475554 -0.101950318 0.559118390
1403638545777829376.000000 -10.752495766 11.979199409 8.172116280 -0.111347258 -0.815111041 -0.072242253 0.563894510
1403638546177829376.000000 -11.109350204 11.948451042 8.227012634 -0.027081624 -0.824707329 -0.027982973 0.564217448
1403638546577829376.000000 -11.476707458 11.904424667 8.224670410 -0.010560936 -0.826395273 -0.007922032 0.562935770
1403638546777829376.000000 -11.665659904 11.876506805 8.234745979 0.004150655 -0.826183379 -0.000780920 0.563385546
1403638547427829504.000000 -12.315144539 11.732408524 8.287439346 0.020293223 -0.827686667 -0.003605596 0.560811996
1403638548627829504.000000 -13.644417763 11.183312416 8.227069855 0.078712866 -0.825265944 0.049051300 0.557076693
1403638548827829504.000000 -13.888843536 11.068258286 8.249467850 0.089354314 -0.824359775 0.057381071 0.556016326
1403638549027829504.000000 -14.137192726 10.950589180 8.293425560 0.093247846 -0.824408531 0.059469175 0.555084705
1403638549427829504.000000 -14.636326790 10.711378098 8.440259933 0.086674832 -0.822540343 0.066051729 0.558168590
1403638550427829504.000000 -15.959427834 10.164398193 8.900075912 0.082567975 -0.822587848 0.069291458 0.558328450
1403638550677829376.000000 -16.305408478 10.049500465 9.029007912 0.077755220 -0.818536341 0.076571055 0.563994050
1403638550877829376.000000 -16.578962326 9.972356796 9.112115860 0.075290911 -0.811252534 0.079224437 0.574390113
1403638551127829504.000000 -16.901893616 9.897970200 9.197874069 0.072226882 -0.801255763 0.081991948 0.588260055
1403638553877829376.000000 -18.403961182 11.572222710 9.840330124 -0.028190322 -0.792901695 -0.019290501 0.608391523
1403638554627829504.000000 -17.935922623 12.213129997 9.978140831 -0.029237637 -0.820086896 -0.017098948 0.571235776
1403638557027829504.000000 -16.660259247 14.285267830 10.271810532 -0.094080240 -0.817203999 -0.020448007 0.568250239
1403638559477829376.000000 -16.840185165 17.074052811 10.629696846 -0.073529430 -0.820893586 -0.052826520 0.563858569
1403638561877829376.000000 -17.396259308 19.079351425 10.236055374 -0.351191789 -0.732623994 -0.245781958 0.528694332
1403638563277829376.000000 -16.728397369 19.614660263 10.167559624 -0.542215824 -0.600046635 -0.357759655 0.466855466
1403638563727829504.000000 -16.347610474 19.658609390 10.087484360 -0.549274623 -0.584179282 -0.372615904 0.467107564
1403638564027829504.000000 -16.028236389 19.622108459 10.095528603 -0.547234476 -0.586457193 -0.363932282 0.473450810
1403638564477829376.000000 -15.444149971 19.491283417 10.104936600 -0.528355002 -0.596013784 -0.366625905 0.480826408
1403638564877829376.000000 -14.829032898 19.285261154 10.131976128 -0.536444306 -0.594113529 -0.352154136 0.485019684
1403638565277829376.000000 -14.121108055 19.027282715 9.962186813 -0.538682222 -0.594248295 -0.349435449 0.484340101
1403638565477829376.000000 -13.732363701 18.885841370 9.837064743 -0.536877334 -0.595934153 -0.354131192 0.480849594
1403638566677829376.000000 -11.376929283 17.771739960 9.229636192 -0.534239471 -0.621880472 -0.364666581 0.441442162
1403638566927829504.000000 -10.940874100 17.530166626 9.020518303 -0.543946922 -0.642513037 -0.343197167 0.416550636
1403638567277829376.000000 -10.376911163 17.265586853 8.713900566 -0.522002399 -0.624391615 -0.371722847 0.446621597
1403638567527829504.000000 -10.003038406 17.085929871 8.481609344 -0.522919238 -0.624023795 -0.375939250 0.442515075
1403638569577829376.000000 -8.241626740 16.183443069 7.759742260 -0.530949831 -0.636547327 -0.378308356 0.412046820
1403638572527829504.000000 -6.811299324 15.585316658 7.256988049 -0.758353949 -0.341614306 -0.493813097 0.253668517
1403638573327829504.000000 -5.778862953 15.323521614 7.310268402 -0.763737857 -0.346157670 -0.496050000 0.225418806
1403638573577829376.000000 -5.436442852 15.317063332 7.343845367 -0.764723480 -0.346245617 -0.497121006 0.219505623
1403638574277829376.000000 -4.479118824 15.461880684 7.486958027 -0.779933929 -0.218081340 -0.551956534 0.198714614
1403638574527829504.000000 -4.160294533 15.483052254 7.487832546 -0.796803772 -0.165752932 -0.559349775 0.157345206
1403638574827829504.000000 -3.791870117 15.468540192 7.524838448 -0.804076791 -0.146498948 -0.564314544 0.116394207
1403638575177829376.000000 -3.379554510 15.441852570 7.559299946 -0.815013587 -0.136933550 -0.549552560 0.122449808
1403638575477829376.000000 -3.015376091 15.402060509 7.543377876 -0.818992198 -0.143305495 -0.541347504 0.125133097
1403638575727829504.000000 -2.689638853 15.358720779 7.531720161 -0.820673525 -0.160835445 -0.536452293 0.113339379
1403638575977829376.000000 -2.340058804 15.329360008 7.571627140 -0.821970463 -0.169383883 -0.532901406 0.108119376
1403638576427829504.000000 -1.663801432 15.342589378 7.710991383 -0.816862702 -0.176339447 -0.540347517 0.098307587
1403638576627829504.000000 -1.352038145 15.381626129 7.746325493 -0.816163838 -0.185168251 -0.540824652 0.084248975
1403638576877829376.000000 -0.963626564 15.476340294 7.767663002 -0.806658983 -0.183603510 -0.554930568 0.087425388
1403638577277829376.000000 -0.377917588 15.698565483 7.785015583 -0.804565072 -0.169260457 -0.559132814 0.106753744
1403638577527829504.000000 -0.034930859 15.861853600 7.842853069 -0.803073883 -0.178978175 -0.560580909 0.093745209
1403638577777829376.000000 0.286387265 16.049955368 7.878426075 -0.805734098 -0.174921408 -0.556806445 0.100805253
1403638578027829504.000000 0.592639327 16.257539749 7.885016441 -0.804460287 -0.176729038 -0.557958066 0.101455890
1403638578277829376.000000 0.887941599 16.486110687 7.922401905 -0.805766165 -0.165004417 -0.555623114 0.121645316
1403638578527829504.000000 1.178798199 16.709497452 7.955480099 -0.805950582 -0.161171615 -0.555648744 0.125386402
1403638578777829376.000000 1.461294413 16.916517258 7.963146210 -0.803921223 -0.165667593 -0.559104502 0.116905935
1403638579027829504.000000 1.731731772 17.121341705 7.963459492 -0.801831245 -0.173605829 -0.561667979 0.107036293
1403638579527829504.000000 2.234148264 17.563396454 8.055040359 -0.802492797 -0.161676571 -0.559504688 0.129693955
1403638582177829376.000000 3.435858727 18.958593369 7.981128216 -0.673779905 -0.452283889 -0.487879068 0.321611583
1403638585127829504.000000 2.483692408 19.251897812 8.759566307 -0.679408729 -0.454903543 -0.481750250 0.315251261
1403638586527829504.000000 1.433680296 19.078670502 8.936691284 -0.670570612 -0.455574274 -0.497018963 0.309450150
1403638588127829504.000000 0.087932765 18.879625320 8.767333031 -0.679225385 -0.451099157 -0.485338569 0.315608948
1403638588527829504.000000 -0.264868438 18.823339462 8.697091103 -0.676540673 -0.454836160 -0.488212556 0.311553150
1403638591277829376.000000 -2.737290382 18.092456818 8.582242012 -0.698221922 -0.454569519 -0.461980104 0.304018468
1403638591927829504.000000 -3.120194674 18.108905792 8.511732101 -0.705104411 -0.454368711 -0.452330023 0.302942932
1403638592927829504.000000 -3.323122263 18.486429214 8.823410988 -0.659987152 -0.511271596 -0.424967200 0.349887460
1403638593377829376.000000 -3.289621592 18.718139648 8.996870041 -0.645547569 -0.514728487 -0.443136036 0.349218369
1403638594077829376.000000 -3.278712988 19.097848892 9.227313995 -0.624504924 -0.505990863 -0.461091757 0.375980556
1403638594427829504.000000 -3.317915440 19.203594208 9.352807999 -0.615168273 -0.522141278 -0.460241020 0.370289981
1403638595177829376.000000 -3.483641148 19.277709961 9.619069099 -0.625999451 -0.519596875 -0.445357084 0.373899579
1403638597177829376.000000 -4.742791176 19.120155334 9.788828850 -0.580353439 -0.558991134 -0.503396153 0.311947435
1403638597377829376.000000 -5.139829159 19.111484528 9.821648598 -0.583996594 -0.550597072 -0.502120554 0.321971923
1403638597577829376.000000 -5.591897011 19.095790863 9.832822800 -0.592153847 -0.534130752 -0.494041473 0.346382946
1403638597777829376.000000 -6.076217651 19.066362381 9.824410439 -0.591059387 -0.534448266 -0.494359434 0.347307920
1403638597977829376.000000 -6.590843678 19.021041870 9.799033165 -0.577542484 -0.550570309 -0.496516347 0.341743469
1403638598177829376.000000 -7.146564960 18.961450577 9.784961700 -0.583640158 -0.547889769 -0.476757616 0.363157302
1403638598377829376.000000 -7.722679138 18.883604050 9.781763077 -0.596717358 -0.542396247 -0.453414112 0.379671365
1403638598577829376.000000 -8.293497086 18.796405792 9.758111000 -0.599342942 -0.545922279 -0.443541199 0.382136345
1403638598777829376.000000 -8.854678154 18.703426361 9.715538979 -0.586952090 -0.561478376 -0.433571398 0.390186042
1403638598977829376.000000 -9.405859947 18.606349945 9.689974785 -0.565104961 -0.583307445 -0.420490474 0.404470742
1403638599177829376.000000 -9.949306488 18.503421783 9.686773300 -0.540095508 -0.606642127 -0.403352410 0.421413153
1403638599377829376.000000 -10.486405373 18.391193390 9.707650185 -0.515180111 -0.633162260 -0.382713199 0.432695717
1403638599777829376.000000 -11.531367302 18.161195755 9.758971214 -0.497629166 -0.655111492 -0.362143844 0.438230485
1403638600477829376.000000 -13.234524727 17.869434357 9.664441109 -0.544694781 -0.629776597 -0.314096272 0.456105828
1403638600727829504.000000 -13.722838402 17.839653015 9.665346146 -0.549398363 -0.631215870 -0.310569733 0.450859636
1403638600977829376.000000 -14.135136604 17.865741730 9.700340271 -0.536943555 -0.650942743 -0.325479209 0.426648021
1403638601177829376.000000 -14.440215111 17.926092148 9.712951660 -0.524862409 -0.659169257 -0.340141714 0.417515278
1403638601577829376.000000 -15.059371948 18.116481781 9.726024628 -0.488117427 -0.661656916 -0.345798343 0.452078670
1403638601777829376.000000 -15.375810623 18.217792511 9.763534546 -0.449173152 -0.685262442 -0.329169780 0.469367921
1403638601977829376.000000 -15.697014809 18.307027817 9.823456764 -0.403106898 -0.711250842 -0.306893229 0.487281948
1403638604277829376.000000 -17.164823532 17.667816162 10.198249817 -0.157867044 -0.774197221 -0.154981285 0.593024075
1403638605127829504.000000 -16.782793045 16.783468246 10.229626656 -0.186361283 -0.808540702 -0.116395891 0.545878470
1403638605627829504.000000 -16.613452911 16.321538925 10.292484283 -0.155529112 -0.801756740 -0.157946333 0.555022418
1403638605927829504.000000 -16.555551529 16.002128601 10.320904732 -0.149938732 -0.801991463 -0.165986508 0.553874016
1403638606377829376.000000 -16.541343689 15.392400742 10.364597321 -0.156124964 -0.808552384 -0.164190605 0.543055654
1403638606777829376.000000 -16.611906052 14.776758194 10.288206100 -0.169722423 -0.825858593 -0.117632642 0.524704278
1403638607277829376.000000 -16.882907867 14.093800545 10.215377808 -0.100963347 -0.825644433 -0.058247283 0.552018881
1403638607827829504.000000 -17.269201279 13.496695518 10.077580452 -0.089352258 -0.815509617 -0.045785900 0.569968343
1403638608077829376.000000 -17.434879303 13.272883415 9.968656540 -0.098241925 -0.814576864 -0.040922016 0.570209086
1403638608827829504.000000 -17.825962067 12.737068176 9.500288010 -0.093351640 -0.801508665 -0.056314368 0.587960839
1403638609077829376.000000 -17.891939163 12.581896782 9.380423546 -0.097222447 -0.809566200 -0.050017186 0.576756954
1403638609327829504.000000 -17.937557220 12.448311806 9.285801888 -0.103569530 -0.805377662 -0.041083876 0.582196116
1403638609577829376.000000 -17.960538864 12.342405319 9.153631210 -0.099458672 -0.808473170 -0.048604656 0.578028381
1403638609877829376.000000 -17.971206665 12.240399361 8.969270706 -0.097362883 -0.809086919 -0.051545326 0.577271163
1403638610377829376.000000 -17.938428879 12.123618126 8.753771782 -0.098192379 -0.798999310 -0.051564325 0.591015756
1403638610777829376.000000 -17.820755005 12.064903259 8.532934189 -0.096516095 -0.791863859 -0.052752547 0.600710809
1403638611227829504.000000 -17.573404312 12.032269478 8.338371277 -0.095739610 -0.795674860 -0.047221392 0.596242964
1403638611627829504.000000 -17.267564774 12.026119232 8.201430321 -0.076835327 -0.802562356 -0.076791011 0.586594462
1403638612077829376.000000 -16.879348755 11.972746849 8.065456390 -0.097259961 -0.809523046 -0.052632745 0.576578438
1403638612427829504.000000 -16.577995300 11.952341080 8.003209114 -0.099086776 -0.808845043 -0.053046755 0.577180684
1403638612777829376.000000 -16.275053024 11.950140953 7.913562775 -0.093556918 -0.805858493 -0.071015984 0.580341339
1403638613077829376.000000 -16.005575180 11.931448936 7.830135822 -0.099320449 -0.804312050 -0.069937780 0.581658244
1403638613427829504.000000 -15.685165405 11.888958931 7.809794426 -0.100433894 -0.806789339 -0.070214257 0.577991247
1403638613877829376.000000 -15.266510963 11.821504593 7.740582943 -0.124202594 -0.791763723 -0.076389767 0.593168139
1403638614127829504.000000 -14.999977112 11.786133766 7.657002926 -0.158438683 -0.789423883 -0.103683256 0.583915114
1403638614377829376.000000 -14.715007782 11.748318672 7.586088181 -0.194713488 -0.787822902 -0.127364293 0.570263207
1403638614627829504.000000 -14.424764633 11.708139420 7.563004017 -0.219993621 -0.782498717 -0.134979546 0.566638350
1403638614877829376.000000 -14.126978874 11.683588028 7.590766907 -0.266542107 -0.776447833 -0.139602423 0.553710401
1403638615127829504.000000 -13.817522049 11.694660187 7.657296658 -0.318433791 -0.760128677 -0.179603860 0.537165582
1403638615377829376.000000 -13.499783516 11.735919952 7.742945194 -0.368114382 -0.729219496 -0.241786942 0.523707807
1403638615627829504.000000 -13.187324524 11.779685020 7.798849583 -0.419511318 -0.698105633 -0.284653246 0.505599976
1403638615877829376.000000 -12.883343697 11.813989639 7.858875275 -0.447112054 -0.680924416 -0.300931066 0.495856166
1403638616127829504.000000 -12.578005791 11.839958191 7.915110588 -0.472810388 -0.663896620 -0.318462640 0.484017789
1403638616377829376.000000 -12.268723488 11.859601021 7.887881279 -0.509783804 -0.637721181 -0.340773404 0.466160655
1403638616627829504.000000 -11.958727837 11.874839783 7.803553581 -0.540195405 -0.618795693 -0.355088145 0.446310848
1403638616877829376.000000 -11.651426315 11.897694588 7.698372841 -0.567565441 -0.618881464 -0.334564358 0.427693695
1403638617327829504.000000 -11.086076736 12.040887833 7.614558697 -0.548957169 -0.628249943 -0.353893667 0.422737986
1403638617827829504.000000 -10.518244743 12.319211006 7.703855515 -0.538194954 -0.641513884 -0.353264093 0.417145938
1403638618177829376.000000 -10.184644699 12.588023186 7.831019878 -0.534714162 -0.642062902 -0.350953043 0.422691345
1403638618777829376.000000 -9.714975357 13.133009911 7.938978672 -0.534015536 -0.639254153 -0.359013736 0.421058923
1403638619077829376.000000 -9.528189659 13.440550804 8.008562088 -0.548105717 -0.615762413 -0.382499248 0.417266250
1403638619377829376.000000 -9.363745689 13.746171951 8.014107704 -0.593225062 -0.564723670 -0.418509543 0.392455012
1403638621977829376.000000 -7.826787472 15.282050133 7.731543064 -0.607443273 -0.523568392 -0.455307245 0.386761039
1403638624277829376.000000 -7.274004459 14.167309761 7.765082836 -0.628307819 -0.517085195 -0.441186875 0.378426164
1403638624777829376.000000 -7.212026596 13.686601639 7.718694210 -0.619748592 -0.514458656 -0.450462490 0.385133028
1403638625077829376.000000 -7.177505970 13.363179207 7.724928856 -0.617361248 -0.529327571 -0.434839338 0.386771649
1403638625377829376.000000 -7.141097069 13.037262917 7.716320515 -0.616681218 -0.532194078 -0.427296877 0.392289519
1403638625627829504.000000 -7.101243019 12.768838882 7.729403973 -0.616216898 -0.533875942 -0.426973611 0.391084224
1403638625877829376.000000 -7.054054737 12.507048607 7.762044430 -0.622430682 -0.538796246 -0.418821961 0.383232057
1403638626127829504.000000 -6.998441696 12.261068344 7.767234325 -0.625613332 -0.538500249 -0.416138530 0.381384641
1403638626427829504.000000 -6.922141075 11.989153862 7.737734795 -0.616204977 -0.540692449 -0.430429131 0.377721965
1403638626927829504.000000 -6.818700314 11.589488983 7.680284977 -0.624005675 -0.549537957 -0.417370200 0.366643041
1403638627277829376.000000 -6.762445927 11.385398865 7.675236702 -0.622711778 -0.550684333 -0.417172223 0.367347568
1403638627627829504.000000 -6.715788841 11.238697052 7.635205269 -0.618377030 -0.550854981 -0.423620760 0.367034197
1403638627927829504.000000 -6.691226006 11.148083687 7.590466499 -0.615873337 -0.548820674 -0.428496778 0.368627727
1403638628227829504.000000 -6.686813354 11.078009605 7.550338745 -0.618412435 -0.550216377 -0.427259207 0.363700002
1403638628527829504.000000 -6.703656197 11.038669586 7.532080650 -0.622342527 -0.539968371 -0.423271507 0.376782805
1403638628827829504.000000 -6.719847202 11.010937691 7.525024891 -0.622132182 -0.532655895 -0.424250007 0.386317372
1403638629127829504.000000 -6.719583511 10.981478691 7.496003628 -0.616881132 -0.539957762 -0.432100594 0.375755757
1403638629427829504.000000 -6.729126453 10.955965042 7.487483978 -0.619648397 -0.545428813 -0.428455174 0.367381901
1403638629927829504.000000 -6.756634235 10.964209557 7.487246037 -0.625479162 -0.526447952 -0.422989249 0.390779525
1403638630227829504.000000 -6.748089790 10.969475746 7.421427250 -0.613677382 -0.534139812 -0.439950317 0.380182236
1403638630527829504.000000 -6.756760597 10.984649658 7.397338867 -0.614648163 -0.537603438 -0.435056418 0.379362702
1403638630777829376.000000 -6.756934166 10.996681213 7.374660015 -0.624593735 -0.562010825 -0.412036389 0.352494895
1403638631227829504.000000 -6.755847454 10.968688965 7.376706123 -0.624968410 -0.560023606 -0.409727871 0.357646704
