1403636897251666432.000000 -6.687734127 10.238086700 2.692011356 -0.580015481 -0.549279571 -0.419873029 0.430790782
1403636898251666432.000000 -6.618627071 10.145860672 2.784235001 -0.595572889 -0.571078002 -0.415292025 0.383008361
1403636901001666560.000000 -6.187943459 10.488159180 3.126117945 -0.659508646 -0.497463346 -0.437671691 0.354995817
1403636903901666560.000000 -4.823359489 10.899320602 3.104958773 -0.653614402 -0.506205499 -0.441494673 0.348750114
1403636905051666432.000000 -4.236231327 11.098600388 3.285667896 -0.650242805 -0.500277579 -0.459388435 0.340395421
1403636907601666560.000000 -3.382648230 11.950751305 3.336039305 -0.648558795 -0.518772244 -0.427661479 0.356865078
1403636907801666560.000000 -3.310460806 12.054565430 3.376423120 -0.650140166 -0.515904129 -0.425192088 0.361071140
1403636908651666432.000000 -2.925895929 12.543987274 3.388488770 -0.628734946 -0.530714035 -0.438886821 0.361127883
1403636908851666432.000000 -2.841615200 12.656833649 3.397792101 -0.633550048 -0.533259988 -0.428987324 0.360857397
1403636909851666432.000000 -2.353355169 13.346395493 3.443285227 -0.625553131 -0.524292290 -0.447797298 0.365073353
1403636910001666560.000000 -2.271908522 13.449213028 3.408663034 -0.613053381 -0.530949593 -0.465444714 0.354428351
1403636911901666560.000000 -1.695471048 14.521341324 3.317158461 -0.633892477 -0.524625838 -0.431955248 0.369273454
1403636912301666560.000000 -1.573605657 14.718025208 3.278904676 -0.631591439 -0.525307298 -0.437781453 0.365365446
1403636912951666432.000000 -1.314805984 15.036702156 3.225671053 -0.636213541 -0.515057683 -0.435874134 0.374114394
1403636915101666560.000000 -0.231818706 15.680420876 3.198422670 -0.632737398 -0.523517430 -0.446797431 0.354887336
1403636915401666560.000000 -0.109867364 15.745411873 3.170390606 -0.641634285 -0.529867709 -0.435222268 0.343696415
1403636918301666560.000000 0.780957520 16.355941772 3.038481236 -0.704155147 -0.412312359 -0.509772360 0.272573203
1403636921251666432.000000 1.033622622 16.222974777 3.448144197 -0.720539927 -0.385504127 -0.513958573 0.260874242
1403636923651666432.000000 1.115029931 15.766710281 3.152604342 -0.780681252 -0.298356891 -0.515797317 0.188342974
1403636925351666432.000000 1.687576413 15.991004944 3.044583082 -0.776122928 -0.278041720 -0.536742866 0.179536015
1403636925801666560.000000 1.920405865 16.050298691 2.947114944 -0.796133459 -0.280491561 -0.512293100 0.158277169
1403636928751666432.000000 3.782458544 16.532140732 2.682582855 -0.804911375 -0.161856294 -0.560961246 0.106031187
1403636931701666560.000000 5.181692123 16.302825928 2.989305019 -0.789104462 -0.137524664 -0.594974935 0.066377103
1403636933801666560.000000 4.419436455 15.872089386 3.039098024 -0.815308213 -0.041281600 -0.576980233 0.025733888
1403636936551666432.000000 3.170845270 15.342517853 3.066147327 0.808090329 -0.127365753 0.568757534 0.085339129
1403636938201666560.000000 2.969336748 14.848305702 2.911470890 0.784152865 -0.137031600 0.593155444 0.120388485
1403636938901666560.000000 2.697667599 14.768719673 2.846518993 0.795267284 -0.180066988 0.570993125 0.095355809
1403636939751666432.000000 2.247889280 14.467981339 2.836217165 0.786074340 -0.157403916 0.588156104 0.106693827
1403636940201666560.000000 1.939692497 14.325180054 2.805613756 0.789016604 -0.181656614 0.576703012 0.108937182
1403636940401666560.000000 1.786169767 14.256776810 2.762373686 0.787355363 -0.191483006 0.574896872 0.113575280
1403636941301666560.000000 1.095449805 13.889838219 2.793061256 0.794002414 -0.191334963 0.562021136 0.130703792
1403636941851666432.000000 0.728275716 13.667915344 2.828585386 0.795571268 -0.178030565 0.565325379 0.125613645
1403636942501666560.000000 0.303214431 13.427534103 2.887942553 0.793132305 -0.192437872 0.567325771 0.109773941
1403636943201666560.000000 -0.143808290 13.088871002 2.867789507 0.790590763 -0.190961197 0.567270935 0.129243240
1403636943451666432.000000 -0.295997113 12.967456818 2.873136044 0.788368821 -0.193179265 0.568320274 0.134790480
1403636946201666560.000000 -1.356774688 12.460611343 2.669447422 0.806242883 -0.147161871 0.561608136 0.113631539
1403636947951666432.000000 -1.501595259 12.434745789 2.241263390 0.813072443 -0.151305571 0.546315789 0.132510483
1403636948401666560.000000 -1.361813664 12.361588478 2.167121410 0.816859484 -0.145598039 0.543158948 0.128530473
1403636948851666432.000000 -1.126826644 12.388507843 2.081087828 0.806295455 -0.131386861 0.561872363 0.130094945
1403636951701666560.000000 0.160057276 12.962818146 1.924329638 0.818680346 -0.141216964 0.547556341 0.100012399
1403636953151666432.000000 0.980669618 13.250212669 1.755812764 0.811461329 -0.152121186 0.557957470 0.084101975
1403636953551666432.000000 1.187290668 13.305516243 1.666994572 0.808988929 -0.140451625 0.562513351 0.096897058
1403636953901666560.000000 1.379155636 13.346620560 1.675177574 0.815116048 -0.125484571 0.554723799 0.110095635
1403636956201666560.000000 3.081366777 14.134942055 1.657011271 0.792265058 -0.192349240 0.569692910 0.103768699
1403636956451666432.000000 3.242990971 14.227102280 1.661708474 0.795011997 -0.180826977 0.565139711 0.125994951
1403636956801666560.000000 3.443185091 14.358868599 1.615819216 0.793146908 -0.154115915 0.583145082 0.084310226
1403636959551666432.000000 4.202892303 14.912628174 1.503968239 -0.793977678 -0.186082318 -0.567563057 0.113335975
1403636962051666432.000000 4.284508705 15.754305840 1.511882305 -0.711252511 -0.398239434 -0.510002375 0.274632424
1403636962301666560.000000 4.241250515 15.830362320 1.564447403 -0.684713960 -0.442109287 -0.493513405 0.303563446
1403636963051666432.000000 4.017149448 16.032449722 1.784862399 -0.608388424 -0.533097088 -0.461585015 0.364156902
1403636964351666432.000000 3.342754602 16.099805832 1.949886203 -0.625338614 -0.514838398 -0.465874761 0.356165409
1403636964751666432.000000 3.076486349 16.051942825 1.982360601 -0.602786720 -0.541137755 -0.465685427 0.356307685
1403636967151666432.000000 0.942173064 15.616045952 2.395331144 -0.560372531 -0.581171453 -0.412765473 0.421719193
1403636967451666432.000000 0.748584986 15.486552238 2.371516705 -0.558296859 -0.582331717 -0.418606997 0.417088270
1403636967801666560.000000 0.523400962 15.299489975 2.369119167 -0.558621168 -0.580870152 -0.421956033 0.415313601
1403636968001666560.000000 0.390393615 15.177425385 2.307360649 -0.557902813 -0.580117762 -0.423032254 0.416235000
1403636968451666432.000000 0.091252282 14.847988129 2.165934324 -0.561262906 -0.579654038 -0.417365164 0.418080837
1403636968901666560.000000 -0.204083115 14.456562042 2.145472765 -0.558074892 -0.583404243 -0.423216522 0.411193132
1403636969301666560.000000 -0.489697456 14.078093529 2.194202423 -0.572292447 -0.585996926 -0.404594630 0.406684399
1403636969501666560.000000 -0.629833519 13.891383171 2.248239994 -0.576965153 -0.591197073 -0.399915785 0.397069901
1403636969901666560.000000 -0.905560911 13.568716049 2.301395416 -0.579821050 -0.590502381 -0.399562746 0.394289523
1403636970101666560.000000 -1.041681528 13.433502197 2.297638178 -0.573230207 -0.584749877 -0.407911152 0.403835565
1403636972851666432.000000 -2.105354309 12.705438614 2.156223536 -0.570639312 -0.585179627 -0.401700974 0.413003474
1403636973601666560.000000 -2.093832016 12.639942169 2.062571049 -0.600815237 -0.557562709 -0.422842234 0.386457384
1403636973851666432.000000 -2.094856262 12.625971794 2.008603096 -0.596364021 -0.554722130 -0.431443661 0.387930065
1403636975851666432.000000 -2.034634829 12.553689003 1.860542178 -0.744435191 -0.355985075 -0.514035881 0.234218046
1403636977451666432.000000 -1.704656124 12.468989372 1.658347368 -0.794865668 -0.198646560 -0.552846730 0.151949212
1403636978051666432.000000 -1.482931972 12.357780457 1.531044006 -0.791710734 -0.189763591 -0.560650051 0.151179984
1403636978551666432.000000 -1.293627739 12.229398727 1.534295917 -0.805809617 -0.196196422 -0.543614209 0.129079655
1403636978901666560.000000 -1.131759644 12.174796104 1.532686353 -0.811369419 -0.195731953 -0.536394477 0.125099093
1403636979751666432.000000 -0.641093850 12.198286057 1.424925923 -0.810824156 -0.196437314 -0.537907958 0.120961003
1403636980651666432.000000 -0.039195262 12.457300186 1.379407644 -0.790015459 -0.174761698 -0.571458220 0.137001947
1403636981701666560.000000 0.511520028 12.750063896 1.279263258 -0.799490988 -0.182097316 -0.560316443 0.117048547
1403636981951666432.000000 0.631002426 12.812790871 1.290377736 -0.810589671 -0.182446793 -0.546421170 0.105268091
1403636982701666560.000000 1.140969753 13.115124702 1.326764464 -0.804160058 -0.166610911 -0.555280983 0.131264359
1403636982951666432.000000 1.348000526 13.207790375 1.350301147 -0.807773769 -0.175436273 -0.548876047 0.124333762
1403636983501666560.000000 1.821512341 13.408615112 1.286177516 -0.796477020 -0.179170087 -0.565586388 0.116767421
1403636984001666560.000000 2.220778465 13.621035576 1.292390347 -0.810718060 -0.177927092 -0.547924578 0.104195878
1403636986801666560.000000 3.758414984 15.550305367 1.237494111 -0.791990459 -0.194856361 -0.559645772 0.146897212
1403636989751666432.000000 2.905743837 15.893611908 1.663247585 -0.787029803 -0.205314666 -0.564391792 0.141038239
1403636990751666432.000000 2.183531284 15.183012009 1.797225595 -0.787090063 -0.214193821 -0.560521126 0.142920792
1403636991451666432.000000 1.660763979 14.769185066 1.741981864 -0.788046777 -0.214564890 -0.559916556 0.139418840
1403636991951666432.000000 1.312786698 14.529686928 1.843727946 -0.795801103 -0.191810444 -0.553879142 0.152077064
1403636993851666432.000000 0.253152162 13.807450294 2.062917471 -0.767341197 -0.271682590 -0.548978984 0.189731911
1403636994401666560.000000 -0.077833988 13.641432762 2.070217371 -0.742146432 -0.278827935 -0.574575901 0.203313559
1403636997001666560.000000 -2.077036858 12.189488411 2.396780014 -0.731903732 -0.374126494 -0.508157074 0.257143617
1403636999151666432.000000 -2.865061283 11.713671684 2.833120346 -0.698653162 -0.407083303 -0.522366226 0.270740658
1403636999651666432.000000 -3.055990219 11.678984642 2.867200851 -0.703284442 -0.398760855 -0.517670274 0.279997140
1403637000751666432.000000 -3.646681309 11.488877296 2.876714945 -0.703713238 -0.400519967 -0.518151224 0.275482863
1403637001101666560.000000 -3.878859043 11.409252167 2.911066532 -0.704849541 -0.396796197 -0.518581152 0.277152568
1403637001801666560.000000 -4.370596409 11.193058968 2.990463972 -0.713240385 -0.391898513 -0.510902405 0.276916027
1403637002501666560.000000 -4.826600552 10.963047028 2.947803259 -0.714221478 -0.396372616 -0.510568917 0.268506765
1403637002951666432.000000 -5.114568710 10.838173866 2.986642599 -0.715212226 -0.393103689 -0.512005925 0.267938137
1403637003601666560.000000 -5.528365612 10.679924965 2.953704834 -0.717201889 -0.383353323 -0.515210450 0.270591736
1403637003851666432.000000 -5.684381008 10.616418839 2.978189945 -0.719063461 -0.383803815 -0.512411773 0.270326942
1403637004101666560.000000 -5.835144520 10.551186562 2.968001366 -0.720488846 -0.392052650 -0.507195055 0.264468759
1403637004351666432.000000 -5.979138851 10.497275352 2.948561192 -0.720924020 -0.394206345 -0.504186392 0.265830934
1403637004701666560.000000 -6.166324139 10.438158035 3.013813257 -0.721312463 -0.377227157 -0.508708060 0.280400157
1403637005001666560.000000 -6.306348801 10.371084213 3.026988983 -0.733019114 -0.370489061 -0.497623414 0.278911889
1403637005251666432.000000 -6.390773773 10.311009407 2.981986761 -0.727721870 -0.378050089 -0.507701576 0.264080048
1403637005501666560.000000 -6.463169098 10.257686615 2.924295902 -0.723738253 -0.383341163 -0.510714173 0.261579216
1403637005801666560.000000 -6.547914028 10.209112167 2.905550241 -0.729172528 -0.384234428 -0.498865008 0.267964989
1403637006301666560.000000 -6.657561779 10.155542374 2.935659409 -0.726706684 -0.384789705 -0.501336575 0.269250810
1403637006551666432.000000 -6.698141098 10.137246132 2.930684566 -0.736018419 -0.383277535 -0.486258328 0.273729891
1403637006901666560.000000 -6.717196941 10.131116867 2.910402775 -0.704198003 -0.414494395 -0.491927028 0.300511986
1403637007301666560.000000 -6.721865654 10.121539116 2.874313593 -0.663360000 -0.468279094 -0.484316885 0.325738430
1403637007701666560.000000 -6.743996143 10.091792107 2.824740648 -0.667899191 -0.481768191 -0.468259960 0.320222884
1403637008101666560.000000 -6.784737110 10.079142570 2.785846710 -0.669598520 -0.467839450 -0.474339843 0.328277171
1403637008451666432.000000 -6.815962791 10.079190254 2.774143457 -0.680952072 -0.471767604 -0.466206580 0.310469121
1403637008801666560.000000 -6.841059685 10.109071732 2.777579784 -0.685518801 -0.448559284 -0.465546250 0.334851027
1403637009201666560.000000 -6.814978600 10.126993179 2.731245279 -0.682873011 -0.457170665 -0.473579317 0.316863000
1403637009551666432.000000 -6.772334576 10.139442444 2.691552162 -0.652769566 -0.466485888 -0.477978498 0.357518494
1403637009701666560.000000 -6.765996933 10.129834175 2.683822155 -0.656619191 -0.443871379 -0.482760817 0.372520447
1403637009851666432.000000 -6.765583992 10.132530212 2.681124210 -0.657968700 -0.440399259 -0.482664227 0.374380797
1403637010051666432.000000 -6.767230034 10.135166168 2.677374125 -0.657659471 -0.440398514 -0.482814640 0.374730736
1403637010551666432.000000 -6.770494938 10.125726700 2.667360544 0.657522321 0.440243930 0.483186096 -0.374674350
