1413394887055760384.000000 -0.032923844 -0.083778493 -0.438251346 -0.465670824 -0.662323952 -0.328611493 0.486304671
1413394888205760512.000000 -0.108308390 -0.074455813 -0.113888219 -0.474747777 -0.675071299 -0.333180279 0.455943316
1413394888455760384.000000 -0.185629100 -0.020549165 -0.038622025 -0.472539604 -0.677996933 -0.332207799 0.454603702
1413394888705760512.000000 -0.283176005 0.046503752 0.004291629 -0.477481306 -0.676115811 -0.323402226 0.458573908
1413394890755760384.000000 -0.627767265 0.387803704 0.117882632 -0.438292742 -0.593885064 -0.376181990 0.560077846
1413394892205760512.000000 -0.685770690 0.989515960 0.188404217 -0.412980139 -0.654003263 -0.365483314 0.517831087
1413394892555760384.000000 -0.827891827 1.055350184 0.233591780 -0.346161038 -0.696333289 -0.304249465 0.550204396
1413394892855760384.000000 -0.934277117 0.989971876 0.245484889 -0.271133691 -0.757354617 -0.211342543 0.555189133
1413394895105760512.000000 -1.580767512 -1.126499772 0.046693224 0.035235655 -0.813255250 0.054220874 0.578302979
1413394897855760384.000000 -1.824991345 -1.266601801 -0.080190830 0.026747469 -0.799465239 0.024310412 0.599623919
1413394899155760384.000000 -1.707317829 0.108801693 0.279607385 0.180097118 -0.820383132 -0.007230260 0.542664170
1413394901605760512.000000 -0.923644483 -2.523886681 0.382579744 0.541670442 -0.543222249 0.476950139 0.428977102
1413394902705760512.000000 0.280568570 -2.534705639 0.312379092 0.691578388 -0.346995264 0.593270898 0.222133443
1413394902755760384.000000 0.318829268 -2.503104925 0.309946269 0.691346884 -0.355123699 0.594672263 0.205649197
1413394903655760384.000000 0.430500746 -2.229044199 0.110826842 0.689889848 -0.431053102 0.508783102 0.281753331
1413394904205760512.000000 0.338414550 -2.253850937 0.166368604 0.671819806 -0.483642012 0.465424538 0.313255042
1413394904405760512.000000 0.309530050 -2.279736280 0.130887508 0.643431127 -0.547593057 0.423535317 0.326735526
1413394905355760384.000000 0.186935589 -2.574702978 0.030612160 0.356652051 -0.739820600 0.295690149 0.487885535
1413394905705760512.000000 0.081711829 -2.629192352 0.045799375 0.373815835 -0.792763948 0.216000482 0.430268466
1413394907605760512.000000 -0.150367126 -2.248669147 0.183936596 0.140492767 -0.868877172 0.207193494 0.427065790
1413394907805760512.000000 -0.171444893 -2.085105896 0.157103211 0.147844553 -0.849462211 0.140752867 0.486563981
1413394908405760512.000000 -0.297369719 -1.669092774 -0.061025593 0.188368261 -0.846137166 0.083246194 0.491568238
1413394908655760384.000000 -0.410699427 -1.607241631 -0.070507914 0.191402927 -0.835367203 0.101467051 0.505203962
1413394909055760384.000000 -0.615284920 -1.600775480 0.119085252 0.175086111 -0.706777215 0.165647075 0.665110528
1413394911505760512.000000 -0.560678422 -0.399842411 0.244734928 0.103181295 -0.869425476 0.044693589 0.481098145
1413394912405760512.000000 -0.507532537 -0.164666280 0.123534873 0.032901559 -0.862619579 -0.001392277 0.504780173
1413394912905760512.000000 -0.670303881 -0.161043182 0.228342250 -0.100339264 -0.809879661 -0.029212967 0.577211916
1413394913155760384.000000 -0.782754064 -0.144957840 0.284860015 -0.091160208 -0.809367895 -0.072355732 0.575654507
1413394913405760512.000000 -0.901423931 -0.158694416 0.347189069 -0.045811493 -0.803790987 -0.053324413 0.590743601
1413394915455760384.000000 -1.043644190 -1.813513517 0.087426677 0.544861138 -0.592753291 0.312703699 0.503970563
1413394915655760384.000000 -0.847806394 -2.025213957 0.065630361 0.571705818 -0.550956666 0.385656416 0.469966382
1413394915855760384.000000 -0.602351069 -2.199636936 0.053066418 0.592899382 -0.497723192 0.472888023 0.420855045
1413394916055760384.000000 -0.355785191 -2.310435772 0.052587084 0.623373449 -0.437164187 0.521799266 0.384731948
1413394916255760384.000000 -0.128979623 -2.350040913 0.055554047 0.664165139 -0.407607526 0.529648542 0.334982276
1413394916655760384.000000 0.262436301 -2.334613800 0.025525551 0.698717713 -0.388320714 0.579348028 0.159237415
1413394916855760384.000000 0.353034377 -2.324904680 -0.042720117 0.739494801 -0.317766696 0.584160864 0.104537025
1413394917055760384.000000 0.404240191 -2.383865595 -0.144483536 0.794164717 -0.214574337 0.560891926 0.093062267
1413394917255760384.000000 0.460964233 -2.489624023 -0.242251366 0.831970453 -0.110770367 0.537968814 0.078388967
1413394917455760384.000000 0.544159949 -2.594028234 -0.326236933 0.845156848 -0.048373621 0.529669106 0.053108796
1413394917755760384.000000 0.761561155 -2.722550869 -0.415515959 -0.830893338 -0.000387088 -0.552133858 -0.069024473
1413394918055760384.000000 1.057094455 -2.725379705 -0.430726111 -0.824266374 -0.043612603 -0.557692111 -0.087535419
1413394918355760384.000000 1.369789600 -2.558558941 -0.478783906 -0.832734644 -0.029595405 -0.551428795 0.040042564
1413394918755760384.000000 1.855324626 -2.372962952 -0.507905304 -0.819042027 -0.110566624 -0.553113163 0.104933612
1413394918955760384.000000 2.119721889 -2.320716858 -0.495036304 -0.788552999 -0.172025606 -0.582538426 0.096127078
1413394919155760384.000000 2.346038818 -2.247480154 -0.427805901 -0.761320889 -0.199771091 -0.600737572 0.139987439
1413394919255760384.000000 2.439449787 -2.215241671 -0.369542092 -0.747866213 -0.217484638 -0.605119467 0.165006354
1413394919455760384.000000 2.576589584 -2.163554668 -0.231037557 -0.712066531 -0.280211538 -0.617194533 0.183067754
1413394919555760384.000000 2.619166136 -2.144986391 -0.162928641 -0.708728135 -0.318127275 -0.603154778 0.180842072
1413394919655760384.000000 2.642344713 -2.126308441 -0.105256975 -0.718825340 -0.345885158 -0.571084797 0.193690270
1413394919755760384.000000 2.641040802 -2.089590549 -0.058555856 -0.730066180 -0.364961892 -0.533860862 0.220904574
1413394919955760384.000000 2.642155647 -2.016608000 0.008582961 -0.737217844 -0.403943419 -0.468838394 0.271164596
1413394920055760384.000000 2.650711060 -1.974620461 0.028672267 -0.726262987 -0.433775723 -0.446981341 0.290840983
1413394920155760384.000000 2.664801121 -1.926068187 0.037080206 -0.711051583 -0.465332955 -0.427057713 0.309018821
1413394920255760384.000000 2.681450605 -1.865338922 0.033467107 -0.690891445 -0.499730825 -0.411076128 0.322420061
1413394920455760384.000000 2.729510307 -1.721507430 0.008747119 -0.630532205 -0.558746994 -0.414853841 0.343696475
1413394920555760384.000000 2.750263453 -1.635208726 -0.000914551 -0.599808931 -0.581776202 -0.423375666 0.350026727
1413394920755760384.000000 2.762668133 -1.448123455 -0.014236085 -0.561033070 -0.612200379 -0.438104510 0.344263166
1413394920955760384.000000 2.716701984 -1.242754817 -0.030152313 -0.567651868 -0.612114727 -0.423743486 0.351465970
1413394922555760384.000000 2.472128153 0.593066752 -0.474417061 -0.490264356 -0.660032213 -0.373818189 0.429253310
1413394922755760384.000000 2.432850361 0.751920342 -0.363514245 -0.500489473 -0.659602106 -0.336842805 0.448299408
1413394922955760384.000000 2.389581919 0.922842562 -0.251905173 -0.507544160 -0.667246640 -0.320437223 0.441022575
1413394923155760384.000000 2.344972849 1.118443251 -0.162439972 -0.509029031 -0.672218680 -0.320246816 0.431802601
1413394923355760384.000000 2.287566423 1.343001246 -0.080769554 -0.486922085 -0.669044435 -0.354264140 0.435641319
1413394923755760384.000000 2.092067719 1.822879672 0.062071919 -0.442886591 -0.706567228 -0.312706083 0.454784870
1413394923955760384.000000 1.956244946 2.077415466 0.088849522 -0.385600507 -0.727934122 -0.298716217 0.481863946
1413394924155760384.000000 1.795002699 2.317783833 0.081479497 -0.337046832 -0.746089220 -0.261690646 0.511144102
1413394924355760384.000000 1.617968917 2.537364006 0.079423107 -0.301794618 -0.762506723 -0.193762392 0.538479149
1413394924555760384.000000 1.446104050 2.749731302 0.088716388 -0.245623574 -0.778198957 -0.154948011 0.556836367
1413394924755760384.000000 1.262771010 2.973306417 0.107592985 -0.169029519 -0.796891749 -0.130569860 0.565105319
1413394925005760512.000000 1.048451304 3.208532810 0.150113612 -0.071853675 -0.792708099 -0.130335510 0.591154516
1413394925305760512.000000 0.833521485 3.343405008 0.209543526 -0.010811722 -0.811471879 -0.125928044 0.570560038
1413394925455760384.000000 0.725493312 3.344410419 0.228571594 -0.000282177 -0.815073371 -0.114739038 0.567882359
1413394925805760512.000000 0.453762650 3.211370945 0.194892555 -0.032174166 -0.816942811 -0.048909776 0.573739469
1413394926605760512.000000 -0.230504736 2.662784576 0.129100978 -0.005480722 -0.831721365 0.000014841 0.555166364
1413394926755760384.000000 -0.385719687 2.540004015 0.125707835 0.011277925 -0.825919330 0.056365341 0.560850382
1413394926955760384.000000 -0.601830900 2.403322935 0.122976147 0.041129179 -0.818297505 0.141642764 0.555549324
1413394927205760512.000000 -0.891987681 2.322432995 0.086011626 0.119103484 -0.806325495 0.128729299 0.564873874
1413394928905760512.000000 -2.607269526 1.790023088 0.268974125 0.157760486 -0.788162589 0.110059395 0.584635139
1413394929305760512.000000 -2.790632248 1.614361763 0.214464784 0.145604298 -0.773805618 0.122710273 0.604124665
1413394930905760512.000000 -2.877012730 1.358203650 -0.109350257 0.149824172 -0.828852773 0.094584040 0.530669212
1413394931455760384.000000 -2.992799759 1.317841172 -0.088882498 0.138875768 -0.758590460 0.102546088 0.628282070
1413394933655760384.000000 -1.946548462 1.022922039 0.011385217 0.597129047 -0.540334642 0.440783352 0.396466076
1413394933855760384.000000 -1.836225986 1.043856382 -0.064433239 0.609207213 -0.507014930 0.469847172 0.388646543
1413394934155760384.000000 -1.679044127 1.108622670 -0.156731680 0.654213548 -0.470715016 0.480334789 0.345992208
1413394934305760512.000000 -1.600279689 1.145427346 -0.201026276 0.669312298 -0.435580879 0.503528476 0.329771906
1413394935055760384.000000 -1.293454289 1.362667680 -0.503481746 0.718275964 -0.366285652 0.531599343 0.259454429
1413394935455760384.000000 -1.211349368 1.478448272 -0.519978225 0.687975466 -0.384658903 0.541744173 0.291959852
1413394935805760512.000000 -1.191902637 1.630198836 -0.606619596 0.694706321 -0.401012152 0.514946520 0.302328527
1413394936005760512.000000 -1.185116291 1.731037378 -0.609573901 0.697426736 -0.408214033 0.506747186 0.300274163
1413394936205760512.000000 -1.173450232 1.840399027 -0.655357540 0.729856431 -0.399031401 0.485868096 0.268357724
1413394936405760512.000000 -1.142093301 1.941500902 -0.713686049 0.749794602 -0.326655835 0.523874283 0.238033324
1413394936605760512.000000 -1.098811030 2.046225071 -0.757648647 0.779407084 -0.225216165 0.550780177 0.196070179
1413394936805760512.000000 -1.050270915 2.165929794 -0.786805570 0.803566158 -0.155989379 0.557578087 0.138042063
1413394937005760512.000000 -0.991515696 2.299805880 -0.804627776 0.821284413 -0.095487848 0.554447174 0.094669737
1413394937205760512.000000 -0.912927747 2.447705030 -0.818018079 0.833978593 -0.031561535 0.548492253 0.051380780
1413394937305760512.000000 -0.864658177 2.524681330 -0.824847281 0.838692725 -0.013985790 0.543891370 0.024107054
1413394937455760384.000000 -0.778776765 2.637939453 -0.832748353 -0.838562310 -0.000378505 -0.544799268 0.002643174
1413394937555760384.000000 -0.712831676 2.709668636 -0.837277412 -0.836220622 -0.006049573 -0.548271298 0.009851876
1413394937755760384.000000 -0.563689828 2.845730543 -0.846371472 -0.829302371 -0.003979785 -0.558569193 0.015565925
1413394937955760384.000000 -0.398886204 2.966291666 -0.849377692 0.827622831 -0.022979626 0.560594499 -0.015692495
1413394938155760384.000000 -0.218715400 3.059354782 -0.829093397 0.832607985 -0.067152008 0.549448431 -0.019001499
1413394938355760384.000000 -0.012062680 3.100697041 -0.746374428 0.829367340 -0.092600189 0.550903320 0.008977693
1413394938555760384.000000 0.211487591 3.097131252 -0.617715180 0.815929890 -0.113132127 0.564227223 0.055741500
1413394938755760384.000000 0.436862320 3.069659710 -0.524354815 0.815816343 -0.155430287 0.547872961 0.100599654
1413394938955760384.000000 0.670359254 3.042034388 -0.476249129 0.797628701 -0.239889026 0.541049182 0.116221510
1413394939355760384.000000 1.088624597 2.881091118 -0.488950282 0.725387156 -0.385245681 0.537755430 0.190311089
1413394939555760384.000000 1.249716163 2.748554707 -0.488944501 0.725417197 -0.381098449 0.512059569 0.257544041
1413394939755760384.000000 1.403134465 2.609940290 -0.434265882 0.703619778 -0.412697792 0.520356655 0.252643615
1413394940155760384.000000 1.627797842 2.280303478 -0.341397017 0.693907797 -0.467753202 0.465888411 0.287483931
1413394940355760384.000000 1.717944384 2.081562042 -0.358148873 0.653082609 -0.505819201 0.462827444 0.321591228
1413394940555760384.000000 1.793486476 1.870973468 -0.401606590 0.608451426 -0.545909643 0.444602340 0.366194427
1413394940755760384.000000 1.860293508 1.658465862 -0.429125726 0.589863598 -0.564599812 0.395236760 0.420803785
1413394940955760384.000000 1.954000473 1.449003220 -0.408574104 0.565876186 -0.590130448 0.394234806 0.419653744
1413394941105760512.000000 2.028992891 1.291742563 -0.373838961 0.543378532 -0.625595629 0.402363002 0.389196545
1413394941705760512.000000 2.099113226 0.543516874 -0.156766266 0.553263545 -0.626114309 0.338299304 0.432936400
1413394941855760384.000000 2.100760460 0.316191643 -0.096317545 0.529260576 -0.633497298 0.352756590 0.440598637
1413394942205760512.000000 2.067313671 -0.216869101 0.046005130 0.432088286 -0.699454904 0.432814181 0.369776160
1413394942355760384.000000 1.960131049 -0.427184701 0.124926351 0.399157554 -0.722037315 0.432785124 0.363362640
1413394942955760384.000000 0.962400377 -1.064756036 0.262639225 0.298446387 -0.713692427 0.243557438 0.585023761
1413394943105760512.000000 0.699491978 -1.170641065 0.200631067 0.266248882 -0.697686732 0.185352221 0.638740480
1413394944855760384.000000 0.682078242 -2.061281204 -0.318481147 -0.079827964 -0.866432726 -0.014388349 0.492660910
1413394945105760512.000000 0.594252288 -2.089437962 -0.394883126 -0.170078024 -0.844895303 -0.086389095 0.499762297
1413394946155760384.000000 -0.031850293 -1.986164331 -0.624113083 -0.556943715 -0.589448452 -0.336308539 0.478811890
1413394946355760384.000000 0.000814900 -1.952355385 -0.640236259 -0.619435608 -0.522809327 -0.392655015 0.434501976
1413394946555760384.000000 0.074675083 -1.930449486 -0.653627396 -0.683069468 -0.444431424 -0.428240418 0.390521348
1413394946755760384.000000 0.190565005 -1.930903554 -0.658984542 -0.712868214 -0.375933617 -0.497620881 0.320727825
1413394946955760384.000000 0.318083227 -1.954331756 -0.661871970 -0.741054535 -0.297461450 -0.549349844 0.246108994
1413394947355760384.000000 0.514861107 -2.045675993 -0.576107025 -0.788268268 -0.137149289 -0.591539800 0.099518239
1413394947555760384.000000 0.571864069 -2.083619833 -0.453221083 -0.794958591 -0.090479888 -0.596339703 0.065063886
1413394947755760384.000000 0.608132184 -2.107473850 -0.356511116 -0.833142757 -0.085757136 -0.544130027 0.049411584
1413394947955760384.000000 0.668928802 -2.107400894 -0.280209929 -0.848846972 -0.120120704 -0.510535181 0.066210069
1413394948155760384.000000 0.786154509 -2.076432943 -0.176702231 -0.850428522 -0.169324264 -0.489125848 0.094108693
1413394948455760384.000000 1.055447459 -1.977357626 -0.056973748 -0.771967947 -0.206264466 -0.587121665 0.129648328
1413394948755760384.000000 1.248135209 -1.880261779 0.033814162 -0.695438743 -0.193129018 -0.674007773 0.157415926
1413394949155760384.000000 1.191833019 -1.836781144 0.134035230 -0.824849427 -0.210088983 -0.514523387 0.103690282
1413394949755760384.000000 1.281280994 -1.509878516 0.138792813 -0.757660389 -0.184494928 -0.613979518 0.122236021
1413394949955760384.000000 1.315999269 -1.351487875 0.150913522 -0.743185341 -0.170221686 -0.627824843 0.156639874
1413394950155760384.000000 1.288192272 -1.225614786 0.164154470 -0.751188815 -0.176587492 -0.600430548 0.209798411
1413394950255760384.000000 1.260961175 -1.183412910 0.166127697 -0.776483059 -0.190331474 -0.557028830 0.224871010
1413394950355760384.000000 1.237365603 -1.156404734 0.169802427 -0.802153766 -0.220778227 -0.516196191 0.203341335
1413394950455760384.000000 1.224591613 -1.135497332 0.178126991 -0.817591250 -0.250913858 -0.488965392 0.171754926
1413394950555760384.000000 1.225958824 -1.108712196 0.190772414 -0.825817049 -0.268591404 -0.472446471 0.150595978
1413394951055760384.000000 1.343351841 -0.803441823 0.333449304 -0.668076098 -0.282407731 -0.648993731 0.229624599
1413394951155760384.000000 1.323728919 -0.751145005 0.364210695 -0.648704112 -0.291290641 -0.653308749 0.259846985
1413394951555760384.000000 1.075087547 -0.709580064 0.471637368 -0.780551434 -0.384725779 -0.426616341 0.246422663
1413394951655760384.000000 1.024112701 -0.700935304 0.507573962 -0.802625239 -0.391911507 -0.386220157 0.230287090
1413394951755760384.000000 0.998700798 -0.668860674 0.550400436 -0.813805163 -0.393753469 -0.367692858 0.217902020
1413394951855760384.000000 1.005237699 -0.605252147 0.608301044 -0.795483112 -0.391676545 -0.406134665 0.221022308
1413394953055760384.000000 1.251370668 0.297743678 0.983151793 -0.638629317 -0.387822717 -0.574554145 0.334116459
1413394953255760384.000000 1.240028501 0.356638461 1.007898927 -0.614892304 -0.374819994 -0.599412620 0.349459469
1413394953355760384.000000 1.205042720 0.343871951 1.048163414 -0.604221523 -0.367079973 -0.611414373 0.355445057
1413394953455760384.000000 1.150848031 0.302423805 1.093885779 -0.615770161 -0.369866192 -0.601493359 0.349616885
1413394953555760384.000000 1.083397627 0.241304070 1.114093065 -0.663121760 -0.394083619 -0.552132010 0.316414237
1413394954055760384.000000 0.734573364 -0.011976454 0.770427823 -0.733132005 -0.431423575 -0.462179214 0.250562698
1413394954255760384.000000 0.622445226 -0.015467517 0.597425759 -0.667946815 -0.406495482 -0.546367586 0.300151557
1413394954655760384.000000 0.283204377 -0.126673788 0.339375138 -0.717760682 -0.410378605 -0.479952037 0.293351442
1413394954855760384.000000 0.103792891 -0.207571685 0.230594859 -0.779125452 -0.414130479 -0.396425426 0.253586978
1413394955055760384.000000 -0.011939880 -0.220638543 0.119466379 -0.732985675 -0.410805136 -0.473124623 0.264809966
1413394955255760384.000000 -0.120379195 -0.200526893 0.007644212 -0.659655631 -0.418786079 -0.539162397 0.314287573
1413394955455760384.000000 -0.261750340 -0.205696061 -0.080651008 -0.673126042 -0.444310635 -0.461748868 0.369157851
1413394957455760384.000000 -0.604065895 0.454087317 0.113716424 -0.505162120 -0.535170794 -0.443142653 0.511886716
1413394959605760512.000000 -0.449025631 0.470316947 0.353424668 -0.257541180 -0.808686435 -0.159842476 0.504132032
1413394959805760512.000000 -0.473970741 0.479591966 0.390168577 -0.225178599 -0.850902915 -0.133914530 0.455330312
1413394960755760384.000000 -0.888722360 0.481622249 0.318744898 0.045620855 -0.869720459 0.021277789 0.490970820
1413394962655760384.000000 -1.677898288 -0.207337737 0.295527846 0.069206432 -0.740449250 0.062277600 0.665632725
1413394964705760512.000000 -0.519025266 -1.210536480 -0.141918138 0.071481600 -0.813637197 0.098531030 0.568486273
1413394965105760512.000000 -0.420113921 -1.367682576 -0.116992339 0.060621005 -0.842856228 0.100543447 0.525175750
1413394967505760512.000000 0.217765510 -1.482365489 0.012913123 0.536264002 -0.544565678 0.456535667 0.455460608
1413394967755760384.000000 0.313411444 -1.446347952 0.047914304 0.618305147 -0.551386952 0.425190866 0.364532441
1413394968005760512.000000 0.406157106 -1.414739132 0.129124895 0.632624090 -0.477653146 0.488559276 0.364615083
1413394968255760384.000000 0.490391552 -1.360886216 0.166419357 0.694103658 -0.456639946 0.467961609 0.301184446
1413394968555760384.000000 0.597600102 -1.322698236 0.150910378 0.716384649 -0.419639766 0.485386789 0.274034888
1413394969005760512.000000 0.810989022 -1.361660480 0.138795659 0.724563122 -0.382990181 0.503586650 0.273363113
1413394969255760384.000000 0.959806561 -1.397736311 0.118860260 0.715844870 -0.358544677 0.541510344 0.256473005
1413394969555760384.000000 1.097265005 -1.416464686 0.000142025 0.716561079 -0.330940843 0.550496459 0.271977991
1413394969855760384.000000 1.216566920 -1.368072629 -0.112047188 0.754621208 -0.321839690 0.490676939 0.293602049
1413394970155760384.000000 1.421852827 -1.277593017 -0.144614086 0.754302144 -0.362826854 0.487316459 0.248812497
1413394970455760384.000000 1.678862333 -1.218756676 -0.107865378 0.696652591 -0.365446270 0.567348599 0.243392199
1413394970655760384.000000 1.808579683 -1.177419901 -0.131685928 0.674800873 -0.384549141 0.593954682 0.209722519
1413394970955760384.000000 1.860043168 -1.121301770 -0.179224104 0.718718708 -0.360826850 0.535469890 0.257913589
1413394971255760384.000000 1.863290548 -1.053576589 -0.138640046 0.756409347 -0.375099212 0.472291499 0.253152400
1413394971555760384.000000 1.948473215 -1.047064185 -0.121975705 0.774005592 -0.405696481 0.435529679 0.215961739
1413394971855760384.000000 2.116650820 -1.194918156 -0.072865352 0.704474866 -0.415560961 0.525400937 0.234474093
1413394972255760384.000000 2.204229593 -1.460031152 -0.052803397 0.605395734 -0.475072712 0.548491001 0.327046961
1413394972455760384.000000 2.151107311 -1.545295596 -0.089322142 0.554140925 -0.541036844 0.510554671 0.373551905
1413394972655760384.000000 2.040198088 -1.587657809 -0.141429871 0.518256545 -0.621167302 0.425904483 0.405174971
1413394973055760384.000000 1.757268310 -1.648869038 -0.179122135 0.404731154 -0.703892231 0.270554781 0.517231643
1413394973255760384.000000 1.643693089 -1.685662866 -0.194099009 0.319180369 -0.751354575 0.226984635 0.531101048
1413394973755760384.000000 1.363667488 -1.776015401 -0.202749312 0.105108045 -0.812080443 0.089519486 0.566977918
1413394974155760384.000000 1.133489132 -1.824754834 -0.184889168 -0.072332956 -0.810346425 -0.017269267 0.581212997
1413394975155760384.000000 0.789753735 -1.635989547 -0.138450712 -0.377231449 -0.711190164 -0.272904783 0.526714265
1413394975655760384.000000 0.716867745 -1.553889990 -0.309148490 -0.440255612 -0.685930848 -0.322717249 0.481173038
1413394975955760384.000000 0.647331595 -1.537133098 -0.361027390 -0.444405228 -0.682902992 -0.329419702 0.477106184
1413394976255760384.000000 0.549327731 -1.535195112 -0.380853653 -0.431451827 -0.672850311 -0.340118170 0.495420456
1413394976505760512.000000 0.461686492 -1.576955080 -0.393706352 -0.418996513 -0.659952939 -0.351595968 0.515057564
1413394976905760512.000000 0.356920302 -1.787144780 -0.406955451 -0.463774174 -0.665739655 -0.288589448 0.508350611
1413394977105760512.000000 0.347303391 -1.903650165 -0.403588176 -0.516278505 -0.696014166 -0.228246942 0.443761319
1413394977305760512.000000 0.358435065 -1.922444582 -0.369707793 -0.537714183 -0.712565958 -0.215100676 0.396036565
1413394977505760512.000000 0.365909070 -1.812212229 -0.292630702 -0.506792963 -0.731187642 -0.265489787 0.371538401
1413394977905760512.000000 0.224405333 -1.282434225 -0.077948868 -0.480709851 -0.711663067 -0.310776174 0.407273769
1413394979505760512.000000 -1.319187760 0.994162202 0.182708398 -0.445137322 -0.567231834 -0.345040828 0.600872517
1413394981155760384.000000 -1.172600865 -0.117508329 0.361062616 -0.492746860 -0.652173400 -0.315140307 0.482241631
1413394981605760512.000000 -1.095529556 -0.483372957 0.267141581 -0.492859453 -0.658154190 -0.330995381 0.462995350
1413394982005760512.000000 -1.014345765 -0.712584317 0.200453490 -0.542657971 -0.634497941 -0.327325523 0.442484677
1413394982405760512.000000 -0.859700441 -0.808931947 0.176580727 -0.620474517 -0.544014037 -0.354618728 0.439665556
1413394982805760512.000000 -0.488897413 -0.834631562 0.226159438 -0.687455535 -0.451764733 -0.413998842 0.389767200
1413394983005760512.000000 -0.221603438 -0.844743490 0.263510376 -0.707009196 -0.417659879 -0.449314594 0.351872981
1413394983205760512.000000 0.073570654 -0.854725897 0.306518316 -0.710428834 -0.405485749 -0.476768106 0.321814269
1413394983405760512.000000 0.376193881 -0.862387478 0.351601094 -0.705573201 -0.407665879 -0.491290092 0.307585984
1413394984205760512.000000 1.347633481 -0.809010565 0.271355599 -0.670280218 -0.459670812 -0.507352114 0.286393136
1413394984605760512.000000 1.586634398 -0.687532842 0.163450062 -0.664004564 -0.494910926 -0.476876765 0.294533223
1413394984805760512.000000 1.648756862 -0.592383206 0.127683461 -0.645938694 -0.523885310 -0.459701777 0.311418951
1413394985205760512.000000 1.682712078 -0.317388922 0.106302500 -0.593895853 -0.575763643 -0.430416107 0.361283809
1413394987305760512.000000 1.190571189 1.996604681 0.657056093 -0.594225526 -0.549413085 -0.415039867 0.415671945
1413394987405760512.000000 1.152879953 2.116005898 0.654146135 -0.578851461 -0.557320118 -0.437593102 0.403531432
1413394987705760512.000000 1.003281832 2.435831785 0.662419736 -0.550672233 -0.560676873 -0.475093573 0.395837873
1413394988005760512.000000 0.757380366 2.659088612 0.708752811 -0.540080309 -0.547293723 -0.490730941 0.409836471
1413394989205760512.000000 -0.262130618 2.321122169 0.752121747 -0.687614501 -0.405248642 -0.517786980 0.307987928
1413394989405760512.000000 -0.401350588 2.160061121 0.733762324 -0.695866346 -0.404811651 -0.505157828 0.310987294
1413394989505760512.000000 -0.473051906 2.077159882 0.724922657 -0.698449016 -0.404102445 -0.498665720 0.316548079
1413394989705760512.000000 -0.613013625 1.907222748 0.683695436 -0.702011585 -0.407832652 -0.481306463 0.330448896
1413394989805760512.000000 -0.678980231 1.822305202 0.648845077 -0.699332356 -0.419028759 -0.465088457 0.345024496
1413394990205760512.000000 -0.878833890 1.505009890 0.444980681 -0.613631904 -0.555052102 -0.402210563 0.391917914
1413394990605760512.000000 -1.044426441 1.262362719 0.207264781 -0.511029065 -0.659591615 -0.342044711 0.432196289
1413394991055760384.000000 -1.272929192 1.133513212 0.007642966 -0.504065335 -0.665458143 -0.332184166 0.439018667
1413394991205760512.000000 -1.359516025 1.126699209 -0.039140943 -0.512821257 -0.654965699 -0.332200825 0.444608778
1413394991655760384.000000 -1.597413898 1.195112467 -0.141204074 -0.578751862 -0.591953516 -0.373511881 0.418480873
1413394992055760384.000000 -1.765788794 1.316175818 -0.190458253 -0.606545925 -0.523437440 -0.425545543 0.420744956
1413394992455760384.000000 -1.842047811 1.381537318 -0.214538366 -0.657590508 -0.482487023 -0.440096438 0.375627667
1413394992805760512.000000 -1.855097294 1.429919004 -0.202928826 -0.666760445 -0.457743913 -0.475135684 0.346622467
1413394993305760512.000000 -1.859477401 1.471882820 -0.261413664 -0.682428896 -0.444195718 -0.481955081 0.323574185
1413394993705760512.000000 -1.872851729 1.506433249 -0.383718550 -0.677030146 -0.451990932 -0.489159077 0.313141793
1413394994155760384.000000 -1.905018806 1.542675376 -0.568789482 -0.736983359 -0.347703576 -0.500181198 0.292876422
1413394994505760512.000000 -1.882192612 1.522408009 -0.618280888 -0.762660682 -0.285400838 -0.544864237 0.200045317
1413394994905760512.000000 -1.891774058 1.536891580 -0.556923807 -0.762255073 -0.259128779 -0.567734003 0.171748593
1413394995305760512.000000 -1.977256775 1.588135839 -0.626054823 -0.782292426 -0.243548810 -0.534617543 0.207091048
1413394995705760512.000000 -2.006215096 1.626832485 -0.782550931 -0.785887659 -0.255914718 -0.528705895 0.193282917
1413394995905760512.000000 -1.990509033 1.656481862 -0.832726240 -0.772716999 -0.248143688 -0.547803521 0.203087077
1413394996305760512.000000 -1.987086058 1.672255874 -0.852812111 -0.760098398 -0.254401803 -0.564079583 0.198354617
1413394996705760512.000000 -1.966999650 1.682287097 -0.842564344 -0.762690663 -0.256524980 -0.560502350 0.195793211
1413394997205760512.000000 -1.944684505 1.699402094 -0.828348696 -0.762381017 -0.255835950 -0.561006963 0.196454763
1413394997705760512.000000 -1.922447085 1.720769763 -0.817943454 -0.762403548 -0.255723894 -0.561010301 0.196503267
1413394998205760512.000000 -1.901339054 1.747251630 -0.811306119 -0.762404025 -0.255391598 -0.561111748 0.196644142
