#Stereo rect[ms], MP culling[ms], MP creation[ms], LBA[ms], KF culling[ms], Total[ms]
9.311298,0.108514,1.181552,0.014752,0.014752,10.650613
10.494899,0.270148,3.355855,0.004768,0.004768,14.130758
9.090592,0.302276,3.983256,0.524519,0.524519,39.424840
11.804997,0.422150,14.888944,1.041103,1.041103,70.204343
12.558191,0.420902,18.924457,1.282578,1.282578,80.178594
13.353979,0.520455,23.235525,0.903340,0.903340,88.421365
13.652575,0.507879,29.526653,2.092125,2.092125,112.271395
13.919011,0.529575,33.232881,2.182399,2.182399,115.949207
13.519261,0.500871,35.965112,2.703110,2.703110,121.816553
10.548468,0.593736,31.088211,63.409527,63.409527,182.198134
11.570242,0.443718,27.432480,1.938427,1.938427,83.500049
12.665906,0.372229,33.830649,2.081533,2.081533,94.984498
12.336588,0.322437,30.730670,2.114653,2.114653,90.780886
15.903519,0.345125,47.545561,2.390209,2.390209,121.096607
16.787787,0.362373,45.490012,2.777863,2.777863,123.036410
15.845246,0.375845,45.068087,3.011658,3.011658,124.328268
15.145716,0.498631,46.892592,3.242829,3.242829,130.124893
14.431978,0.442214,45.271514,3.349263,3.349263,127.714491
13.364315,0.598569,40.195762,3.818261,3.818261,135.065602
14.450634,0.488839,41.021054,3.567378,3.567378,125.714303
17.867802,0.463623,54.510298,4.339516,4.339516,181.110598
15.953183,0.492327,38.031924,4.896612,4.896612,130.719301
13.948291,0.388198,48.692457,4.801859,4.801859,139.837221
10.619125,0.250308,34.575875,4.944005,4.944005,119.669195
13.273786,0.404773,40.479447,4.799939,4.799939,126.247366
11.688611,0.370790,37.567853,4.928389,4.928389,122.323951
11.962471,0.452327,39.654154,4.336541,4.336541,120.768058
9.966700,0.532327,32.420262,4.456543,4.456543,242.315262
8.302996,0.522887,28.389581,4.229659,4.229659,86.567387
9.465669,0.293092,29.764736,4.485375,4.485375,108.898548
13.937795,0.504647,41.805449,4.465918,4.465918,132.736513
14.062436,0.619945,40.249363,3.418320,3.418320,134.309047
13.040503,1.030286,44.557263,4.272731,4.272731,145.497299
13.809666,0.862380,47.543385,4.029496,4.029496,147.621137
10.849656,0.510247,37.167496,5.728176,5.728176,139.869317
11.352287,0.619401,33.082799,5.014726,5.014726,130.003323
10.711734,0.676809,30.653965,4.398814,4.398814,126.013123
12.357484,0.560584,33.975868,6.225112,6.225112,140.202409
9.446692,0.492135,26.766774,5.032967,5.032967,124.164873
8.436054,0.499559,22.332025,4.120921,4.120921,130.055995
10.487698,0.492871,29.263353,6.261559,6.261559,137.043324
7.786317,0.493991,21.304810,3.862742,3.862742,108.457741
9.370499,0.623465,29.285369,1.780889,1.780889,126.609899
10.172015,0.741578,29.924803,2.170142,2.170142,132.482685
9.583238,0.705578,27.436415,2.613605,2.613605,136.022830
12.283563,0.963694,37.532013,2.035869,2.035869,148.960611
9.614246,0.506055,26.396690,2.418338,2.418338,136.562742
11.742021,0.703017,32.853356,2.580612,2.580612,148.334459
10.328816,0.570056,24.311668,4.845988,4.845988,137.573220
8.524407,0.485223,20.144346,3.858390,3.858390,127.401718
9.834921,0.480743,23.109795,3.989847,3.989847,142.724363
10.328208,0.555432,24.576376,4.415294,4.415294,136.024206
15.365623,0.920013,40.762010,3.487697,3.487697,186.207468
9.874410,0.601640,26.525139,2.599717,2.599717,144.887818
14.816591,0.795020,41.010397,5.383435,5.383435,187.947588
14.525547,0.817036,41.394050,3.585650,3.585650,188.968210
13.919075,0.804523,35.238765,2.510595,2.510595,155.919236
10.382993,0.413734,26.609300,4.039065,4.039065,147.415501
9.305635,0.504455,24.249395,7.655051,7.655051,146.389759
8.269908,0.481351,22.438745,5.877842,5.877842,142.761516
7.702220,0.525287,23.279302,6.015444,6.015444,150.186740
6.261176,0.489671,20.023480,5.869458,5.869458,140.735312
6.778527,0.502887,23.280485,5.067879,5.067879,143.218290
7.882094,0.546568,27.527200,6.116886,6.116886,152.102606
5.581134,0.428454,18.628740,5.646095,5.646095,137.729413
7.501385,0.438886,29.530749,4.553983,4.553983,152.501459
8.256435,0.403398,31.277077,5.531373,5.531373,175.311058
9.422276,0.686089,39.120419,6.223799,6.223799,168.834552
9.512101,0.481446,33.240081,4.772259,4.772259,158.568776
6.835392,0.247203,23.212549,6.436794,6.436794,146.211868
9.002558,0.352869,30.133381,5.281034,5.281034,157.705500
8.297812,0.326500,25.569286,6.390810,6.390810,155.629439
9.050750,0.426534,27.715939,6.747454,6.747454,159.542069
18.560516,0.895500,55.557065,4.829764,4.829764,215.698055
17.172112,0.807563,48.160641,4.668289,4.668289,200.723765
14.657133,0.954317,47.268341,5.308586,5.308586,200.388496
8.642393,0.925709,24.288019,6.733887,6.733887,167.371203
7.185956,0.943310,20.984645,2.857608,2.857608,177.348366
5.950483,0.832076,16.340388,4.291420,4.291420,159.633782
8.399765,0.772427,21.129511,4.215451,4.215451,179.464235
8.349141,0.808331,20.116569,4.263099,4.263099,177.668787
8.014960,0.772555,20.048952,1.785176,1.785176,589.304329
9.323682,1.220401,22.544347,4.095673,4.095673,158.444229
6.655901,0.566216,18.557539,2.222815,2.222815,145.249933
6.745694,0.475239,16.919212,3.418352,3.418352,142.310468
11.707236,0.861740,32.376004,2.628677,2.628677,170.487086
12.042632,0.745066,34.907048,1.913786,1.913786,193.701681
12.067048,0.664842,35.170123,5.300874,5.300874,179.745454
10.222767,0.728138,38.340920,6.523195,6.523195,189.708890
12.604080,0.803691,40.399988,5.191144,5.191144,201.731361
11.301246,0.765995,33.841304,6.006227,6.006227,200.086763
13.965667,0.909677,51.524911,5.384075,5.384075,222.178111
13.340986,0.710250,34.763494,4.615488,4.615488,189.580279
12.678577,0.798059,40.046640,10.689077,10.689077,207.311919
7.652299,0.635209,21.046502,8.526583,8.526583,166.494453
7.887054,0.657130,20.428957,4.898052,4.898052,158.347011
8.014672,0.681705,22.633980,6.049109,6.049109,165.080321
9.628935,0.897132,29.991619,9.294050,9.294050,192.439328
10.773527,0.693545,34.496482,9.523269,9.523269,188.072642
9.265282,0.539015,24.959741,8.669369,8.669369,169.835203
11.653571,0.661385,39.499303,7.444488,7.444488,194.434779
8.843804,0.793675,27.757379,7.495209,7.495209,166.793689
9.357602,0.718954,33.083342,6.464026,6.464026,176.341277
10.280464,0.930381,31.787196,5.948915,5.948915,168.983351
14.484874,1.057359,40.526486,9.512516,9.512516,191.909655
10.958937,0.808459,33.945498,6.815679,6.815679,170.195239
16.188226,1.080591,40.255954,9.623558,9.623558,188.598728
11.414624,0.689577,30.040068,7.889070,7.889070,167.448258
15.661595,1.083375,49.365137,8.540760,8.540760,205.269650
12.103945,0.825260,36.742464,6.428922,6.428922,190.036445
9.953227,0.863212,29.892641,7.977455,7.977455,166.523348
17.153711,0.976142,41.670053,7.004098,7.004098,193.761808
13.411739,0.821132,37.526668,10.013388,10.013388,194.565468
11.229661,0.589224,32.285794,7.548905,7.548905,192.976613
9.812521,0.804555,30.487785,6.540156,6.540156,167.672196
17.436980,0.877196,54.573177,11.309374,11.309374,217.520316
9.688391,0.611657,27.694466,10.278192,10.278192,189.284338
9.529605,0.606248,30.804270,8.439990,8.439990,186.545259
9.740264,0.765579,28.457229,7.373126,7.373126,177.450476
15.540888,0.636713,43.938853,9.760552,9.760552,217.206134
16.296132,0.833739,47.604601,11.805700,11.805700,220.959723
10.549619,0.739434,41.734311,11.241661,11.241661,203.830780
10.753686,0.835147,32.047295,11.162620,11.162620,201.211223
10.412177,0.516487,28.768370,13.540797,13.540797,187.676474
10.494451,0.524679,35.617969,18.274111,18.274111,205.788055
11.480480,0.809292,42.249741,12.542191,12.542191,217.444570
16.192642,0.911885,46.086851,9.348770,9.348770,220.253760
11.618178,0.793227,46.371495,15.087827,15.087827,218.638090
8.891644,0.579624,32.584423,12.380973,12.380973,192.596255
10.832151,0.509223,35.465199,12.728018,12.728018,198.800981
22.244502,0.769195,76.872944,15.314262,15.314262,268.352191
12.601807,0.549320,36.959971,13.731647,13.731647,234.312228
17.178415,0.671754,42.913270,11.609602,11.609602,216.199175
10.695541,0.695626,29.178519,11.613154,11.613154,201.965856
10.829847,0.657385,33.136942,16.070016,16.070016,202.786763
8.477335,0.473574,27.877285,16.103168,16.103168,202.134979
8.134545,0.619945,27.452255,7.758093,7.758093,200.212488
9.360899,0.674057,29.574013,11.631394,11.631394,206.374462
8.669528,0.606249,26.101484,7.593385,7.593385,206.180570
7.516617,0.653545,21.669070,10.771062,10.771062,205.127308
7.219909,0.621481,22.183541,4.574112,4.574112,205.149037
7.834957,0.577128,23.634922,8.044976,8.044976,199.069944
6.113334,0.410821,20.940548,3.298926,3.298926,116.439160
11.247549,0.758826,44.934291,3.935959,3.935959,141.424724
11.602562,0.705738,44.831441,4.664289,4.664289,138.659469
11.745188,0.826443,43.116090,5.976883,5.976883,227.247136
11.816869,0.845996,42.659442,2.681509,2.681509,225.961646
10.933656,0.950894,46.524136,7.182852,7.182852,227.462243
13.172952,0.910893,44.402155,1.626327,1.626327,123.853247
10.216015,0.791435,42.302157,1.477461,1.477461,119.291199
10.370801,0.816139,42.404367,1.346387,1.346387,120.500784
10.228111,0.865644,44.179784,1.336467,1.336467,119.343808
9.553733,0.993198,42.056746,1.844825,1.844825,100.282326
7.591113,0.710090,34.843334,7.458728,7.458728,204.000891
6.363833,0.726922,21.564205,1.121647,1.121647,66.805892
6.619900,0.823371,24.314611,1.200496,1.200496,70.225810
8.567480,0.845867,38.397400,1.426516,1.426516,89.141243
7.825357,0.358885,40.263090,1.445684,1.445684,83.768720
7.596393,0.408998,34.945479,1.514646,1.514646,75.055414
9.067166,0.495623,32.671496,1.391347,1.391347,76.425033
9.828169,0.445319,35.557743,1.347571,1.347571,83.792752
10.217071,0.398213,37.360809,1.564598,1.564598,82.348604
11.382879,0.378085,36.520029,1.449908,1.449908,144.920452
11.830373,0.529255,41.932361,1.515478,1.515478,99.640941
10.721141,0.530952,33.287952,3.274541,3.274541,129.759120
11.958535,0.613737,44.323369,2.922984,2.922984,140.725001
12.354156,0.638089,44.831729,2.878088,2.878088,139.313269
11.843557,0.769675,44.159656,3.031851,3.031851,144.618752
11.384735,0.830315,46.264069,2.901416,2.901416,146.410072
11.990280,0.623752,47.046224,3.164204,3.164204,149.652966
11.747332,0.650345,44.097478,3.257005,3.257005,143.988854
10.030412,0.774058,43.229915,2.843528,2.843528,117.608231
9.434051,0.591337,40.775096,1.622199,1.622199,119.844134
11.199580,0.572072,46.333637,3.021290,3.021290,150.789652
12.522894,0.688938,44.366314,2.694470,2.694470,127.614418
12.935989,0.757194,43.978629,1.930811,1.930811,146.300759
13.519068,0.792523,43.623776,4.339772,4.339772,148.399795
12.943540,0.823820,44.270376,1.694712,1.694712,148.380435
10.873975,0.965006,41.526530,2.830855,2.830855,150.573265
10.363024,0.792459,38.358167,1.725048,1.725048,143.958645
11.079834,0.791499,41.793287,2.966441,2.966441,148.398387
10.085804,0.741003,36.927426,2.177470,2.177470,143.840659
10.352496,0.707402,37.568363,2.273952,2.273952,144.918403
9.903466,0.580616,35.563023,4.576736,4.576736,146.093107
9.168928,0.507431,33.964249,2.065117,2.065117,106.302409
9.569893,0.637257,36.166008,1.770264,1.770264,114.595676
8.412758,0.605384,32.830217,1.478453,1.478453,102.713111
5.570797,0.501223,19.385038,3.130507,3.130507,119.588001
7.171780,0.703082,22.250870,2.919017,2.919017,125.853561
7.489032,0.665865,24.315731,1.750040,1.750040,132.433428
8.169778,0.608104,22.287159,3.565298,3.565298,133.707046
8.424117,0.601065,22.658427,4.436606,4.436606,137.488091
12.127625,0.724554,35.684081,2.735974,2.735974,180.344336
10.189710,0.715146,26.257646,3.785173,3.785173,142.595586
10.552115,0.765258,37.032324,2.600612,2.600612,178.883963
11.525601,0.749514,29.913633,4.590816,4.590816,149.127933
8.593112,0.540231,23.263716,2.697958,2.697958,134.424144
9.400451,0.673097,24.122160,3.972055,3.972055,144.025109
8.063280,0.809003,25.689510,2.660133,2.660133,146.591193
12.229258,0.950221,37.315112,4.023896,4.023896,167.123575
13.876673,0.894061,40.666870,3.348110,3.348110,172.305311
14.488938,1.035022,42.507664,3.816245,3.816245,183.604316
10.994425,0.854092,29.675805,6.225975,6.225975,152.732239
11.578561,0.874188,37.744910,3.840373,3.840373,166.322251
5.459916,0.444838,14.477514,3.980887,3.980887,132.047982
8.118993,0.550727,22.154869,5.456300,5.456300,137.104276
7.012354,0.483719,20.125976,3.441328,3.441328,135.353948
10.381457,0.596744,32.858345,6.356217,6.356217,162.818331
10.363984,0.517031,33.216911,5.305162,5.305162,161.352070
9.224673,0.532135,31.228979,5.494157,5.494157,165.463200
4.312540,0.314085,11.902629,4.697634,4.697634,114.475578
4.106265,0.251172,10.428113,4.984390,4.984390,113.356170
3.570417,0.230915,9.100735,4.201434,4.201434,108.975180
9.027774,0.337701,25.699493,5.883442,5.883442,147.593031
9.418243,0.390949,32.484036,5.722320,5.722320,173.955541
8.378580,0.522088,28.789968,5.379275,5.379275,159.332809
5.746928,0.321412,13.503420,6.117334,6.117334,127.236747
5.663279,0.447110,17.403955,5.024710,5.024710,142.283901
6.130837,0.227139,19.413838,6.035828,6.035828,137.917311
7.230245,0.310852,23.092481,6.965985,6.965985,144.981986
10.445553,0.678922,36.995235,6.459354,6.459354,184.428423
7.134819,0.801483,20.916452,7.891118,7.891118,144.878464
6.068756,0.377989,18.709701,5.638670,5.638670,135.342011
7.800013,0.345700,25.808904,6.685373,6.685373,154.727593
10.629396,0.319845,40.711030,6.771006,6.771006,183.102836
8.090641,0.516999,30.738700,7.120163,7.120163,151.203896
6.717022,0.440838,25.924681,4.621632,4.621632,84.095890
6.541179,0.493735,20.435581,6.431098,6.431098,102.383153
8.135282,0.519335,30.713995,7.342086,7.342086,164.705780
12.539950,0.947341,36.126455,4.966757,4.966757,188.795106
8.755514,0.942701,24.603670,2.615909,2.615909,160.282518
12.510894,1.133872,30.695595,2.060604,2.060604,189.742159
11.914950,1.140143,18.830182,3.291341,3.291341,149.492639
8.106641,0.626985,16.603175,3.428815,3.428815,139.246834
7.593194,0.602632,16.870059,3.727348,3.727348,140.287456
7.755404,0.643017,18.846022,4.308284,4.308284,144.391609
7.336838,0.562728,17.886009,3.043914,3.043914,141.520784
7.353287,0.534791,18.770693,5.545101,5.545101,143.978771
7.828941,0.614600,20.863778,3.289166,3.289166,144.927520
8.075472,0.637449,21.212711,4.190682,4.190682,142.945924
8.664825,0.609544,22.524890,4.877987,4.877987,146.530230
13.829280,0.757003,39.780905,5.227785,5.227785,193.704134
11.858693,0.612905,29.501434,3.917431,3.917431,160.871646
8.163410,0.308356,21.138854,5.452172,5.452172,144.739421
14.281478,0.738635,39.690344,5.098150,5.098150,191.882541
10.373137,0.466790,27.383421,3.930358,3.930358,152.593482
13.797888,0.522375,41.248606,6.260567,6.260567,179.726179
11.269981,0.662185,37.526058,3.294062,3.294062,117.347584
11.307902,0.666057,44.640045,2.974858,2.974858,131.542534
10.211374,0.472198,46.717546,2.716006,2.716006,125.303598
7.886061,0.667946,40.711926,2.047964,2.047964,115.385668
6.121429,0.690762,29.418201,0.908845,0.908845,104.875411
7.487912,0.582920,25.847079,0.600936,0.600936,82.590812
9.186432,0.550311,38.570841,1.726104,1.726104,109.378801
7.008386,0.517927,21.684173,1.196656,1.196656,136.526698
11.529152,0.799052,41.753060,1.374739,1.374739,168.421894
12.088040,0.849356,38.001425,2.622565,2.622565,164.666130
12.372108,0.746858,40.224175,2.349857,2.349857,158.623997
11.516800,0.865388,42.959382,0.927341,0.927341,116.360402
11.298429,0.937069,47.257937,0.985870,0.985870,120.481163
11.651266,0.756458,44.962225,2.831112,2.831112,114.869917
12.049063,0.838188,45.677531,3.542001,3.542001,165.266297
12.123305,0.802187,48.468674,3.444720,3.444720,161.558310
12.290219,0.803563,49.351150,5.234697,5.234697,160.454551
12.556558,0.740555,49.053002,3.866550,3.866550,156.751651
12.893204,0.733322,51.553548,4.083929,4.083929,159.310983
12.900403,0.674793,52.003635,4.198906,4.198906,156.876004
13.134935,0.725258,52.206038,5.485836,5.485836,158.609629
13.054006,0.700938,52.783101,4.098745,4.098745,158.165111
12.928884,0.673257,52.763550,4.363293,4.363293,157.102440
13.025909,0.634281,52.876383,6.117781,6.117781,159.212037
13.431931,0.613064,57.034873,4.245243,4.245243,167.287413
7.231044,0.368678,26.118091,4.308699,4.308699,128.039379
11.803876,0.688393,50.999045,4.319804,4.319804,153.661559
12.526478,0.754795,55.086525,4.052568,4.052568,157.915090
13.354458,0.707338,52.331511,5.062503,5.062503,159.422600
8.338644,0.531368,36.639901,6.338488,6.338488,136.204453
14.845390,1.108240,53.699562,7.691755,7.691755,166.861295
7.670346,0.611273,28.947986,7.053410,7.053410,130.939483
9.518692,0.684394,33.074315,6.830207,6.830207,138.432003
10.940248,0.792971,36.703902,7.396071,7.396071,153.272274
8.441590,0.659913,30.512744,9.348482,9.348482,147.771174
8.379764,0.830060,31.135441,10.518994,10.518994,153.067279
7.948847,0.758410,29.222262,10.615988,10.615988,153.892731
8.308467,0.735018,29.242743,16.185697,16.185697,164.091432
7.310278,0.638985,17.670005,0.000000,0.000000,25.620900
13.376058,0.564360,59.910241,37.259973,37.259973,252.980219
10.356528,0.572776,41.736484,19.728690,19.728690,202.612575
9.900073,0.431878,38.028401,23.146433,23.146433,208.989047
10.281135,0.544647,39.136128,14.945423,14.945423,200.288158
10.367248,0.539464,38.166546,16.274114,16.274114,207.517187
11.216187,0.478855,39.740776,18.667139,18.667139,204.410679
8.859419,0.518663,30.355142,19.983574,19.983574,186.781955
8.558103,0.691369,30.576585,13.201975,13.201975,184.467010
14.411656,1.011470,53.180003,16.840202,16.840202,221.456772
8.068560,0.735594,27.149753,16.092768,16.092768,184.923497
10.087372,0.724042,40.743126,11.692578,11.692578,202.544893
7.687211,0.590408,29.546907,10.840887,10.840887,205.156706
9.154719,0.690601,33.447377,10.405873,10.405873,196.347271
12.390252,0.841068,38.713562,14.564778,14.564778,209.073336
7.401607,0.415878,30.539464,10.970649,10.970649,186.151802
8.333300,0.447846,36.324248,5.742543,5.742543,124.819941
11.397086,0.513287,55.194847,6.384921,6.384921,144.804155
10.925143,0.635049,56.604498,4.203771,4.203771,140.702402
10.647060,0.682090,53.186786,4.328348,4.328348,133.015576
10.419793,0.662953,49.235980,4.185754,4.185754,128.403287
10.340752,0.657353,48.133212,4.075993,4.075993,131.544483
11.378430,0.669258,52.595290,4.223739,4.223739,126.295994
11.655425,0.768331,57.131289,3.796212,3.796212,117.149274
12.114409,0.648649,61.468117,6.005780,6.005780,212.241444
5.827857,0.497831,28.346665,3.791957,3.791957,70.659349
6.445497,0.550696,35.995156,3.949623,3.949623,76.397477
6.282935,0.410566,33.776149,3.621971,3.621971,83.011361
6.432889,0.523015,26.045642,3.488529,3.488529,65.162025
9.002909,0.601256,41.473760,7.071938,7.071938,166.719466
9.528324,0.527399,39.029662,5.712271,5.712271,165.967392
11.952422,0.694794,46.576614,6.883648,6.883648,177.230973
12.393356,0.706154,45.334261,3.633714,3.633714,121.163666
12.564494,0.690506,64.069369,4.556671,4.556671,126.916097
10.735285,0.933581,62.840489,4.067672,4.067672,126.543677
8.590519,0.847404,55.526147,3.472113,3.472113,121.540952
7.796556,0.832780,56.171372,4.154106,4.154106,111.491436
6.796862,0.562632,41.165115,5.729360,5.729360,97.250342
7.868365,0.577960,34.945157,4.304636,4.304636,81.520012
9.807400,0.525159,38.964893,3.978967,3.978967,92.583333
8.823643,0.535239,31.194385,4.934341,4.934341,125.738674
11.798628,0.607849,66.555547,3.325006,3.325006,123.515795
4.508479,0.795499,34.158106,4.538111,4.538111,89.209334
2.896360,0.860908,21.252839,2.522499,2.522499,64.140122
4.640801,0.385317,30.051937,3.182252,3.182252,74.849679
5.860529,0.251620,33.296078,3.110412,3.110412,89.526363
4.410461,0.361093,23.729225,3.843574,3.843574,69.874282
9.902057,0.478151,53.249763,4.685217,4.685217,104.276839
7.232069,0.229667,37.952463,4.644960,4.644960,81.126214
10.721685,0.442630,42.696720,5.332618,5.332618,93.524658
7.080035,0.302980,28.522380,6.191638,6.191638,93.966361
6.466714,0.322116,27.015543,5.171432,5.171432,66.203895
7.282181,0.485254,36.323225,5.936946,5.936946,91.826522
4.211451,0.438022,20.949218,3.358991,3.358991,58.181896
8.604887,0.699274,37.195844,4.455454,4.455454,88.906130
6.914944,0.517543,30.451367,3.765108,3.765108,78.835622
7.844269,0.510567,35.920691,3.944823,3.944823,86.390927
7.869518,0.422469,30.676874,3.513649,3.513649,75.556697
11.149403,0.339845,38.709561,3.594418,3.594418,97.593259
10.844535,0.373989,38.027280,4.462814,4.462814,115.420994
8.370644,0.613480,41.696707,5.423275,5.423275,98.108273
6.025043,0.492039,27.764738,3.327726,3.327726,78.570562
7.689995,0.519143,28.404810,3.717811,3.717811,75.900733
8.391317,0.454278,29.106100,2.098142,2.098142,107.388883
4.951748,0.267556,14.176581,3.899702,3.899702,79.470254
6.703517,0.304005,19.878707,4.214619,4.214619,86.856662
5.670991,0.252804,20.908482,3.113867,3.113867,60.750475
7.438440,0.391333,26.470287,4.914180,4.914180,74.152933
7.188612,0.595304,32.831528,4.505567,4.505567,81.106662
11.156571,0.420454,44.345543,5.204360,5.204360,95.293930
11.928774,0.372005,42.820658,5.230377,5.230377,99.508645
10.187469,0.441030,36.365369,5.404458,5.404458,92.289345
9.538629,0.441254,33.585810,8.298163,8.298163,127.749517
13.358041,0.711306,49.455374,4.028280,4.028280,125.516077
12.798962,0.768106,53.654121,5.220648,5.220648,120.381702
13.600156,0.536520,60.632937,7.430503,7.430503,137.242768
12.316619,0.611881,53.211586,6.151733,6.151733,118.125991
12.074823,0.572840,52.502584,6.080052,6.080052,128.830203
11.984294,0.536616,54.677846,4.719618,4.719618,117.629696
11.022776,0.676266,59.618715,6.749342,6.749342,127.539145
11.144698,0.565512,59.244214,5.327050,5.327050,119.058515
11.739555,0.463975,62.798887,5.855281,5.855281,149.485498
9.996299,0.420454,46.481733,4.324028,4.324028,121.130577
11.908005,0.574792,55.484834,5.591918,5.591918,116.825237
10.109580,0.651017,52.644538,6.452602,6.452602,123.481713
10.310319,0.617609,53.587719,7.936814,7.936814,153.107788
7.874253,0.439686,32.919561,7.871694,7.871694,110.135672
7.073442,0.339557,23.015103,10.061899,10.061899,100.889143
9.271329,0.429478,38.087440,10.837815,10.837815,125.252842
9.136255,0.406214,37.995951,13.617661,13.617661,127.990160
10.164525,0.437030,39.762311,8.621912,8.621912,135.427574
9.456067,0.508391,40.002219,10.582739,10.582739,136.982668
10.497234,0.572232,42.570222,12.247626,12.247626,135.819292
10.929944,0.662889,43.895553,9.966666,9.966666,135.742651
11.530080,0.487974,36.203414,9.674182,9.674182,137.250031
8.562391,0.499399,31.358578,9.326305,9.326305,135.208467
8.926460,0.507239,30.545287,12.096967,12.096967,117.848962
11.561377,0.536615,40.158733,12.204586,12.204586,134.436553
11.183547,0.504999,43.660318,10.016939,10.016939,130.552147
14.595275,0.562312,47.879544,10.949656,10.949656,142.400695
13.304184,0.658857,45.685690,10.928888,10.928888,147.260346
16.491876,0.712842,54.983899,17.131085,17.131085,166.413955
16.145088,0.727274,62.458530,13.963778,13.963778,170.803137
16.728424,0.720938,59.820925,13.762526,13.762526,193.823872
13.851200,0.740714,54.490132,11.475455,11.475455,166.188160
17.779479,0.995405,57.816514,14.939344,14.939344,195.847036
10.856055,0.876780,46.920714,10.758581,10.758581,160.181549
7.606409,0.599624,33.569458,15.623001,15.623001,145.919271
6.965473,0.513031,23.826731,13.331865,13.331865,139.801939
9.701094,0.538024,42.601742,16.822441,16.822441,160.231821
18.222397,0.757098,77.404785,17.455250,17.455250,211.270449
11.119002,0.687754,54.470163,17.487955,17.487955,197.318096
9.334657,0.758027,43.299864,15.593656,15.593656,162.891954
8.615383,0.402502,35.652590,17.771382,17.771382,159.821063
9.358018,0.544647,40.353872,14.087299,14.087299,163.017364
9.562021,0.565896,39.139486,16.401507,16.401507,169.109641
7.775948,0.665929,33.488017,16.973356,16.973356,154.043928
11.981862,0.611048,47.284496,12.025447,12.025447,174.019180
13.833599,0.540456,62.963433,16.642118,16.642118,193.766397
10.271854,0.618377,42.018950,14.228454,14.228454,163.817407
5.285417,0.316773,20.706847,14.475209,14.475209,133.953121
10.479217,0.382502,36.777565,17.912920,17.912920,164.994063
10.538290,0.513191,54.254800,16.602374,16.602374,187.864460
9.123422,0.491943,39.481636,15.109906,15.109906,172.914237
11.847301,0.598568,49.685905,15.208434,15.208434,195.753402
11.156250,0.620297,40.715092,17.725814,17.725814,184.341275
12.752465,0.618120,54.425043,15.430198,15.430198,200.444410
12.390475,0.701354,45.272723,19.628912,19.628912,206.966132
9.823016,0.507079,44.422216,20.719327,20.719327,209.775451
11.062650,0.686825,42.233161,18.669507,18.669507,205.419103
11.772483,0.583176,41.964261,19.613103,19.613103,204.805173
9.940938,0.589096,40.568434,20.337082,20.337082,208.962256
9.933001,0.671402,39.457570,17.132750,17.132750,195.358739
14.139268,0.771243,47.620755,16.452388,16.452388,211.400369
23.669480,0.856459,66.887775,18.693219,18.693219,267.078548
10.095724,0.621417,39.547460,24.237840,24.237840,219.967848
14.902991,0.734122,61.759479,25.149181,25.149181,263.213535
9.670886,0.483942,39.667046,18.186108,18.186108,226.843590
11.816644,0.669641,49.435725,21.104836,21.104836,245.433864
12.038599,0.659177,48.578689,21.246246,21.246246,247.544869
10.639060,0.545863,42.719376,20.374362,20.374362,238.512616
10.334159,0.643177,44.255749,19.990997,19.990997,242.416222
9.927210,0.617512,37.899981,18.623201,18.623201,233.711590
9.798888,0.629033,37.875436,17.843351,17.843351,229.924785
11.780739,0.661833,41.627329,17.271152,17.271152,243.571758
17.002124,0.899660,60.024223,17.522802,17.522802,272.346076
9.256352,0.693834,30.577127,16.384899,16.384899,218.299024
8.505653,0.571880,29.950303,16.761513,16.761513,213.862834
11.932773,0.506343,38.871162,17.012235,17.012235,226.787844
14.982863,0.773547,52.743291,12.789137,12.789137,252.893678
14.836526,0.815403,51.977136,14.529257,14.529257,257.589359
16.032254,0.765515,49.843090,15.302996,15.302996,247.159199
14.207621,0.841004,50.472954,11.798595,11.798595,147.314776
14.775373,0.842668,55.071514,14.082435,14.082435,256.646882
15.559703,0.706858,47.553650,14.916847,14.916847,259.658539
15.911069,0.841803,46.134335,14.823341,14.823341,259.769293
15.705178,0.777482,48.037658,16.294337,16.294337,255.542834
14.629514,0.769739,44.352262,8.995549,8.995549,126.700474
14.017762,0.942765,52.136882,9.883369,9.883369,129.632291
13.695742,0.586280,56.856083,12.401355,12.401355,131.998499
13.937441,0.532424,58.482569,16.753991,16.753991,139.841744
15.912764,0.530663,63.409262,20.748064,20.748064,156.875484
18.179676,0.462214,69.454209,28.857295,28.857295,194.422019
11.771107,0.382789,45.095216,32.037723,32.037723,223.666136
10.137837,0.422309,41.962085,32.551202,32.551202,226.818468
13.742366,0.563496,57.791455,28.969233,28.969233,243.468906
12.872722,0.658441,57.112023,28.246919,28.246919,245.126177
13.327993,0.607976,54.170830,24.119085,24.119085,232.147885
12.884114,0.542663,52.293524,19.868819,19.868819,229.052450
14.629451,0.658505,52.660441,17.702069,17.702069,235.201719
16.097951,0.703498,53.035326,16.518629,16.518629,236.822190
16.238400,0.817324,56.259786,16.325282,16.325282,238.362754
16.128512,0.724234,51.427655,14.536681,14.536681,234.776753
16.992587,0.544488,61.819672,14.954638,14.954638,253.431572
16.515876,0.423014,52.959677,17.317648,17.317648,257.059781
9.942634,0.369541,34.297082,19.801138,19.801138,213.558955
9.840616,0.398469,31.556021,18.536513,18.536513,216.957370
9.145406,0.506247,31.486004,17.033996,17.033996,209.432562
8.963485,0.387813,31.440435,19.375084,19.375084,212.712544
8.464725,0.458086,27.323419,11.063258,11.063258,199.017762
9.057437,0.469287,27.025493,15.626232,15.626232,203.363389
8.876443,0.392677,29.119027,14.548105,14.548105,208.702503
7.906893,0.370789,27.710847,13.642652,13.642652,135.434417
15.530999,0.612328,64.177048,18.826725,18.826725,261.504098
8.457397,0.429542,37.375781,18.952294,18.952294,237.691864
9.012797,0.433990,40.773716,14.785005,14.785005,225.999447
9.790056,0.531047,45.063536,16.584389,16.584389,233.397597
7.778155,0.518183,37.746443,16.048766,16.048766,217.662787
5.102791,0.561096,25.042074,9.659430,9.659430,124.668605
4.113177,0.481735,17.006123,9.613285,9.613285,91.697909
5.427339,0.376678,22.194003,7.249636,7.249636,94.305913
6.987681,0.333125,29.514200,12.585486,12.585486,206.553962
8.405525,0.422214,38.031054,10.373104,10.373104,133.268628
14.636426,0.422726,56.003750,18.642338,18.642338,232.743571
16.139039,0.729066,66.038065,18.321662,18.321662,256.875041
9.879816,0.595720,40.603858,17.534579,17.534579,208.910665
18.228924,0.693290,66.808732,17.803223,17.803223,256.023925
11.596224,0.571528,42.060998,15.750202,15.750202,210.236315
9.836424,0.439943,35.625804,15.948700,15.948700,200.443508
9.221823,0.411654,33.497327,21.547018,21.547018,208.283072
9.989674,0.432102,32.082588,15.997437,15.997437,199.809355
9.975914,0.384005,30.684648,18.703171,18.703171,184.373270
11.819620,0.446566,37.649801,16.541765,16.541765,205.030132
10.204813,0.328132,32.478626,18.673666,18.673666,175.462842
12.005190,0.534632,37.237795,11.812132,11.812132,133.615896
16.109567,0.527047,48.679489,12.346763,12.346763,149.259888
15.887292,0.719306,67.161920,13.754846,13.754846,167.342762
15.033968,0.673450,70.546959,9.841416,9.841416,163.105712
15.703129,0.695146,63.784402,10.929303,10.929303,163.583606
16.429347,0.749674,61.311760,11.573920,11.573920,207.137680
11.265371,0.493319,47.005962,13.263991,13.263991,183.967087
12.338891,0.510791,45.522869,13.043412,13.043412,182.757631
11.369437,0.402054,42.084677,10.582771,10.582771,175.692797
14.149252,0.537543,47.200109,14.115747,14.115747,187.130523
11.534655,0.432582,42.700430,14.204933,14.204933,175.480986
15.277715,0.568840,47.959959,13.094997,13.094997,188.171754
13.298360,0.415782,43.407288,10.724180,10.724180,176.149091
15.120081,0.413349,48.363197,14.507144,14.507144,187.420734
13.753310,0.525191,49.230153,11.470143,11.470143,183.199300
12.024646,0.450374,43.286838,16.649382,16.649382,178.656933
12.128904,0.587272,41.822786,6.924447,6.924447,170.970427
12.687664,0.597032,45.791673,7.330726,7.330726,174.017894
11.379613,0.676937,43.187253,11.796739,11.796739,169.429477
8.351124,0.594504,37.357700,9.244480,9.244480,108.740223
5.108839,0.314180,19.731441,7.916302,7.916302,127.944969
9.160095,0.475686,38.500341,12.763792,12.763792,114.984981
8.450196,0.525608,39.406176,7.234084,7.234084,122.575454
5.186088,0.562856,25.469056,7.314757,7.314757,103.515831
2.615172,0.270884,10.795381,5.629646,5.629646,51.851501
4.200090,0.208034,18.054234,6.327831,6.327831,72.101252
3.343950,0.201251,14.879886,4.564543,4.564543,68.761430
2.486659,0.150210,11.441086,5.019845,5.019845,64.147351
2.783815,0.090497,11.513151,6.518714,6.518714,63.161289
2.275008,0.097505,8.487797,5.617421,5.617421,60.646790
2.171198,0.107777,6.844543,4.648640,4.648640,58.800812
3.604497,0.099138,13.979873,7.713611,7.713611,70.289547
5.459563,0.069057,23.105376,6.628828,6.628828,71.568093
7.767595,0.119394,37.901675,6.735453,6.735453,87.207508
9.053565,0.286084,37.332260,6.479546,6.479546,135.151564
10.207437,0.472422,41.503038,7.070178,7.070178,96.640151
9.658022,0.444774,38.302289,9.921129,9.921129,90.027228
10.196685,0.500359,36.631386,10.455376,10.455376,90.537635
9.073566,0.389957,29.260692,9.500643,9.500643,84.509392
8.251538,0.357925,25.413823,8.492757,8.492757,79.421769
9.843976,0.344709,38.249201,11.441470,11.441470,105.962936
11.708162,0.333220,54.205261,12.898482,12.898482,153.786605
10.380112,0.372581,46.387041,13.320568,13.320568,114.852563
7.185987,0.357413,33.082633,9.748807,9.748807,122.172824
12.012678,0.515911,48.077528,9.418723,9.418723,146.486408
10.402383,0.493959,41.016823,13.566332,13.566332,141.089597
10.381904,0.485799,40.433518,10.809493,10.809493,136.220026
10.250541,0.304197,39.327135,17.983000,17.983000,147.990684
8.826234,0.310532,29.828540,11.002808,11.002808,137.630157
10.880310,0.325316,41.288379,11.687074,11.687074,137.407658
12.519949,0.372709,43.336438,12.940338,12.940338,145.486521
10.397104,0.402213,39.274463,13.818015,13.818015,140.856506
16.988843,0.594760,64.774142,11.016952,11.016952,188.410058
13.282392,0.470886,45.399827,15.642552,15.642552,155.435043
16.616454,0.553192,57.836990,12.060679,12.060679,170.627573
18.978374,0.455399,61.066091,13.755614,13.755614,194.204986
13.024468,0.348261,47.330638,10.935607,10.935607,157.054297
12.308042,0.331653,45.438355,11.097882,11.097882,151.887410
12.554061,0.327013,44.152769,12.753168,12.753168,149.555345
10.512689,0.224483,26.943604,12.679855,12.679855,132.775241
9.795559,0.273828,29.595737,13.472250,13.472250,135.111306
9.919849,0.219523,29.135730,13.900096,13.900096,127.814501
10.218253,0.244067,27.211800,14.315750,14.315750,126.961369
15.293747,0.289220,48.594239,16.468900,16.468900,157.227867
15.835995,0.219235,47.708307,13.067221,13.067221,153.557321
18.437311,0.296388,48.784962,9.637701,9.637701,157.362269
19.611343,0.331013,46.548322,13.424377,13.424377,162.967754
15.838235,0.420869,44.244803,12.697679,12.697679,156.801397
14.254757,0.308900,44.046945,9.578372,9.578372,134.629571
12.756688,0.270307,47.645554,10.131467,10.131467,126.883319
12.105927,0.210083,46.562115,12.669359,12.669359,132.625063
11.821635,0.142082,41.476189,10.291342,10.291342,117.672345
11.058873,0.126177,44.330116,9.109342,9.109342,123.774157
11.494335,0.118593,37.222594,11.713442,11.713442,114.268074
11.256796,0.088321,43.113843,9.737382,9.737382,127.104603
11.203963,0.079201,47.605329,9.406370,9.406370,125.261569
10.986104,0.075937,44.028800,9.211423,9.211423,107.298121
