1403638147795097088.000000 2.369329929 -0.633797944 -2.996351242 -0.560344577 -0.623946309 -0.359934330 0.408842683
1403638148095097088.000000 2.366771698 -0.603892922 -2.961633444 -0.552508771 -0.606332362 -0.379736423 0.427662611
1403638150845096960.000000 1.910273075 -0.108643308 -2.615511417 -0.499957114 -0.664865196 -0.337570876 0.440503150
1403638151945096960.000000 1.229481936 0.181397319 -2.537045717 -0.370423883 -0.737110674 -0.261316299 0.501166463
1403638152445096960.000000 0.853491783 0.284400880 -2.451711416 -0.366695136 -0.740205944 -0.267861187 0.495863229
1403638152895097088.000000 0.444835752 0.355279893 -2.449546099 -0.359642595 -0.741606891 -0.250770301 0.507731080
1403638153295097088.000000 0.050173394 0.420774102 -2.368426085 -0.325200856 -0.763326287 -0.221242040 0.512473762
1403638154195097088.000000 -0.966709852 0.569744408 -2.258306503 -0.226758897 -0.786659658 -0.172399268 0.547745824
1403638154595097088.000000 -1.435221910 0.580249071 -2.296900511 -0.223429337 -0.774698734 -0.176173776 0.564698219
1403638155645096960.000000 -2.510994196 0.241252363 -2.186504364 -0.133755639 -0.792257607 -0.117120221 0.583712339
1403638155995097088.000000 -2.795836926 0.007997662 -2.224142313 -0.076499350 -0.807431102 -0.056686245 0.582228065
1403638156195097088.000000 -2.931293964 -0.135131299 -2.222347498 -0.038493246 -0.820732892 -0.020446777 0.569646955
1403638156595097088.000000 -3.205770016 -0.396072000 -2.196665287 0.003039660 -0.831309617 0.017224105 0.555534363
1403638156795097088.000000 -3.358396769 -0.509908080 -2.216070652 0.005751147 -0.831967175 0.018589593 0.554483652
1403638157795097088.000000 -4.356054783 -0.968919694 -2.211009264 0.050935481 -0.820387125 0.023158552 0.569064438
1403638157995097088.000000 -4.579751492 -1.070575356 -2.178773642 0.084520958 -0.815887272 0.051253371 0.569699228
1403638158445096960.000000 -5.064218521 -1.289818406 -2.147005081 0.113456674 -0.814243019 0.080415003 0.563621759
1403638158895097088.000000 -5.523460388 -1.496490002 -2.173005342 0.107494138 -0.817886591 0.082169645 0.559244692
1403638159145096960.000000 -5.775684357 -1.610741019 -2.145515919 0.102334954 -0.832970917 0.082755499 0.537437022
1403638159545096960.000000 -6.235454082 -1.779445767 -2.106074095 0.087457739 -0.803485334 0.097379819 0.580757856
1403638159945096960.000000 -6.657237053 -1.846542954 -1.991183281 0.086967625 -0.789461136 0.100262538 0.599278986
1403638160345096960.000000 -6.956659317 -1.801917911 -1.748721361 0.105688177 -0.815983295 0.081396721 0.562472880
1403638160745096960.000000 -7.243853092 -1.750593424 -1.475023031 0.104615532 -0.821154594 0.082764365 0.554897010
1403638160945096960.000000 -7.398896217 -1.723161221 -1.359206796 0.081640333 -0.807268918 0.088396840 0.577787042
1403638161145096960.000000 -7.541843414 -1.675487161 -1.258865476 0.051254865 -0.804557025 0.067437835 0.587803483
1403638161545096960.000000 -7.781730652 -1.535068989 -1.094630837 -0.017112942 -0.824392259 0.006953732 0.565717399
1403638162245096960.000000 -8.196802139 -1.216994405 -0.928707421 -0.070465244 -0.821159303 -0.014739171 0.566140234
1403638163445096960.000000 -8.855648041 -0.262552828 -0.613878131 -0.121294349 -0.805194557 -0.064701185 0.576856315
1403638165995097088.000000 -8.776556969 2.517695189 -0.296987236 -0.185836256 -0.786865592 -0.122738890 0.575536907
1403638166445096960.000000 -8.502584457 2.969446898 -0.215889692 -0.173775136 -0.802441120 -0.126039878 0.556780517
1403638166695097088.000000 -8.363314629 3.193602324 -0.108690456 -0.172871396 -0.802192092 -0.120577022 0.558627307
1403638167145096960.000000 -8.154490471 3.598430157 -0.026011784 -0.188711807 -0.822370827 -0.092970707 0.528630733
1403638167345096960.000000 -8.101720810 3.811813593 0.032034654 -0.181299597 -0.821628034 -0.103541590 0.530412138
1403638168745096960.000000 -7.978907585 5.712182045 0.320334554 -0.286798030 -0.785180330 -0.196418121 0.512502193
1403638168945096960.000000 -7.980145454 6.015396595 0.330607474 -0.287885368 -0.788026392 -0.199712634 0.506212711
1403638169545096960.000000 -8.092819214 6.905774117 0.245998919 -0.326041967 -0.738694489 -0.181227908 0.561412215
1403638169745096960.000000 -8.086962700 7.211233616 0.225157306 -0.349738002 -0.728766680 -0.214339301 0.548307598
1403638169945096960.000000 -8.049519539 7.508572102 0.236361578 -0.367941886 -0.718821645 -0.268229067 0.525326073
1403638170345096960.000000 -7.952509403 8.013956070 0.269974113 -0.443978876 -0.664255857 -0.315864354 0.511738896
1403638170745096960.000000 -7.791089058 8.414443016 0.264990091 -0.518520832 -0.608255804 -0.344157726 0.492662668
1403638170945096960.000000 -7.665998936 8.580945969 0.290398270 -0.544894397 -0.585811198 -0.365956694 0.475385159
1403638171845096960.000000 -6.777681351 8.960783005 0.254615217 -0.601792395 -0.509847403 -0.408884078 0.459037393
1403638172245096960.000000 -6.176011086 8.867261887 0.267511487 -0.606803834 -0.498361081 -0.428410172 0.447090566
1403638172445096960.000000 -5.841209888 8.751491547 0.239733309 -0.605523348 -0.498702407 -0.430803567 0.446145326
1403638172845096960.000000 -5.116002560 8.415199280 0.079045534 -0.602269769 -0.496582478 -0.423639894 0.459571868
1403638174545096960.000000 -1.389563680 5.864953995 -1.337621093 -0.608645082 -0.551033080 -0.406576574 0.400760651
1403638174745096960.000000 -0.976995766 5.557372093 -1.498133540 -0.610751212 -0.560864449 -0.402650386 0.387668341
1403638175045096960.000000 -0.387084007 5.143992424 -1.684577942 -0.611644566 -0.565208972 -0.402113706 0.380439818
1403638176945096960.000000 2.153486013 4.647830009 -2.007059336 -0.597023666 -0.567512214 -0.425955057 0.374239177
1403638177445096960.000000 2.385710001 4.813407898 -2.023619652 -0.595549583 -0.571851790 -0.429719329 0.365578562
1403638177845096960.000000 2.472371101 4.975979328 -2.125114202 -0.614960611 -0.541863024 -0.411221236 0.398879796
1403638178245096960.000000 2.591901779 5.118380547 -2.188377619 -0.618802428 -0.514255285 -0.439498574 0.399331957
1403638179945096960.000000 3.616455078 5.126131535 -2.451061249 -0.771621287 -0.284441203 -0.525790930 0.217342108
1403638180145096960.000000 3.773543596 5.123493195 -2.468279839 -0.787090361 -0.263062179 -0.520686567 0.200431362
1403638180445096960.000000 4.030669689 5.124078274 -2.499716043 -0.792205155 -0.256264120 -0.520546913 0.189131230
1403638181145096960.000000 4.740095139 5.198444843 -2.575670719 -0.791201413 -0.270021141 -0.512735128 0.195426777
1403638182295097088.000000 6.101723194 5.136089325 -2.676581860 -0.823449969 -0.124333881 -0.542141438 0.112044699
1403638182495097088.000000 6.343219280 5.080644131 -2.658760309 -0.828537405 -0.123835966 -0.535461843 0.107103631
1403638182695097088.000000 6.603871822 5.024270058 -2.612316370 -0.828783929 -0.137706041 -0.534129679 0.094126321
1403638183295097088.000000 7.458897591 4.908232212 -2.506291628 -0.813541055 -0.150131509 -0.553137064 0.098238945
1403638183595097088.000000 7.894947052 4.882574081 -2.517809629 -0.825628519 -0.155694664 -0.534532607 0.091496967
1403638183995097088.000000 8.493471146 4.911513805 -2.493665695 -0.806099176 -0.154334784 -0.563649356 0.093189135
1403638184595097088.000000 9.330922127 5.060934544 -2.408015490 -0.811931252 -0.150910571 -0.556426048 0.091562890
1403638184795097088.000000 9.601211548 5.136569500 -2.394050360 -0.810938001 -0.149059236 -0.558039784 0.093555674
1403638185195097088.000000 10.119244576 5.317726135 -2.351073980 -0.810582221 -0.150576457 -0.558751345 0.089889385
1403638185395097088.000000 10.366152763 5.424281120 -2.324772835 -0.807416379 -0.157842547 -0.562364340 0.083132125
1403638185895097088.000000 10.909113884 5.777118683 -2.252682686 -0.797866821 -0.184465498 -0.557272375 0.137216821
1403638186145096960.000000 11.151926041 5.958455563 -2.237713099 -0.802698970 -0.189624473 -0.546685398 0.144401997
1403638186395097088.000000 11.396750450 6.127082825 -2.220081091 -0.801954865 -0.197758898 -0.547526777 0.134068474
1403638186645096960.000000 11.634351730 6.295550823 -2.178910494 -0.800959885 -0.200187817 -0.549772978 0.127034143
1403638189545096960.000000 12.152912140 8.034687042 -1.737900734 -0.711440563 -0.408293962 -0.495498896 0.285708398
1403638190145096960.000000 11.775249481 8.033732414 -1.621387959 -0.713831663 -0.422751486 -0.477597564 0.289181679
1403638190545096960.000000 11.562136650 8.099256516 -1.636496782 -0.673615336 -0.443230331 -0.516559482 0.288020194
1403638191795097088.000000 10.498792648 8.152805328 -1.567113280 -0.688282192 -0.456860900 -0.480391204 0.294567525
1403638191995097088.000000 10.318216324 8.176906586 -1.576887965 -0.688142478 -0.457174689 -0.481182069 0.293112963
1403638192795097088.000000 9.545284271 8.385255814 -1.349068880 -0.668200850 -0.433667630 -0.508118987 0.327498466
1403638192995097088.000000 9.335333824 8.406947136 -1.292506099 -0.659431517 -0.413871020 -0.516966820 0.355817795
1403638193195097088.000000 9.123775482 8.378363609 -1.237373590 -0.658531308 -0.424337596 -0.504732966 0.362655103
1403638193395097088.000000 8.915734291 8.296751976 -1.148860812 -0.654537261 -0.446860909 -0.497802854 0.352262080
1403638193795097088.000000 8.499105453 8.039797783 -0.977321625 -0.661097109 -0.465060711 -0.479229093 0.342065454
1403638194195097088.000000 8.088180542 7.730112076 -0.899795413 -0.661043584 -0.463953733 -0.481155783 0.340965450
1403638196995097088.000000 6.189238071 6.767743111 -0.903325796 -0.684641004 -0.471285671 -0.452878118 0.322580308
1403638197845096960.000000 5.941250801 7.073148727 -0.737158418 -0.663095176 -0.469937146 -0.482979238 0.325875849
1403638198045096960.000000 5.858136654 7.144878387 -0.699000776 -0.655055761 -0.458010137 -0.492822051 0.343882352
1403638198445096960.000000 5.670720577 7.228135586 -0.808215976 -0.663000822 -0.467938483 -0.481778443 0.330685675
1403638199245096960.000000 4.997375488 7.299304962 -1.006922722 -0.640584409 -0.485693961 -0.510497272 0.305197775
1403638199445096960.000000 4.708662033 7.305803776 -0.966423392 -0.637351692 -0.485384524 -0.515438437 0.304151207
1403638199845096960.000000 3.996296644 7.306244373 -0.823318601 -0.641650915 -0.497287869 -0.486542225 0.322901845
1403638200045096960.000000 3.600921869 7.302657604 -0.764269769 -0.641649485 -0.501478195 -0.471898288 0.337812901
1403638200245096960.000000 3.197940111 7.297111034 -0.714588940 -0.617552340 -0.520921886 -0.474505633 0.349448144
1403638200445096960.000000 2.777645111 7.284336090 -0.645405471 -0.590446651 -0.541983485 -0.472538292 0.366516352
1403638200845096960.000000 1.864504576 7.221944809 -0.441226840 -0.554594338 -0.588552356 -0.458951771 0.367960036
1403638201045096960.000000 1.363023281 7.174531460 -0.357701570 -0.561887980 -0.585341990 -0.437857121 0.387217969
1403638201245096960.000000 0.848805428 7.121034622 -0.304960966 -0.567136288 -0.578732491 -0.430464715 0.397649825
1403638201445096960.000000 0.333724499 7.062364101 -0.280378997 -0.568795681 -0.577917218 -0.432352960 0.394403398
1403638201645096960.000000 -0.181416720 6.999765396 -0.284510940 -0.568346262 -0.574073076 -0.437489808 0.395000517
1403638201845096960.000000 -0.696779013 6.928855896 -0.321532667 -0.570310116 -0.570602596 -0.438019663 0.396607786
1403638202295097088.000000 -1.856236339 6.705065250 -0.404675275 -0.571522593 -0.585283816 -0.404792309 0.408592731
1403638202545096960.000000 -2.474545956 6.578378677 -0.425243646 -0.571807802 -0.588536203 -0.396216452 0.411914587
1403638202745096960.000000 -2.946622610 6.489169598 -0.470419258 -0.573644817 -0.588737786 -0.393288046 0.411878705
1403638202945096960.000000 -3.396484137 6.408969402 -0.530102432 -0.572486162 -0.587191999 -0.396688014 0.412436545
1403638203145096960.000000 -3.826516628 6.331703663 -0.576354802 -0.571267128 -0.585066140 -0.399394423 0.414530545
1403638203545096960.000000 -4.629137039 6.166983604 -0.618824422 -0.567796826 -0.579879105 -0.403790534 0.422256112
1403638203945096960.000000 -5.351195335 5.981607437 -0.642666519 -0.567864537 -0.581308484 -0.401997834 0.421909988
1403638204145096960.000000 -5.681147575 5.879040241 -0.616827011 -0.570690930 -0.583753645 -0.394925833 0.421399087
1403638204345096960.000000 -5.989670277 5.777554512 -0.565871596 -0.584808111 -0.580679297 -0.374155492 0.425227970
1403638204595097088.000000 -6.327018261 5.669886589 -0.501834393 -0.592631340 -0.576617360 -0.363728255 0.428954899
1403638204845096960.000000 -6.608821392 5.586402893 -0.475633502 -0.564434290 -0.601079226 -0.369424671 0.428536057
1403638205095097088.000000 -6.867678165 5.515980244 -0.488633364 -0.502303541 -0.649507761 -0.357449055 0.445040554
1403638205345096960.000000 -7.134019852 5.443982124 -0.494026572 -0.419935673 -0.701624930 -0.305587918 0.487844795
1403638205845096960.000000 -7.668234348 5.243007660 -0.368518293 -0.281633347 -0.751385808 -0.272719443 0.530778885
1403638206095097088.000000 -7.954392433 5.050611019 -0.254990637 -0.242697269 -0.768914938 -0.231083721 0.544489026
1403638206595097088.000000 -8.511903763 4.514912128 -0.045868605 -0.194582984 -0.775623322 -0.161581591 0.578305542
1403638206845096960.000000 -8.744412422 4.211197853 -0.005370662 -0.180416375 -0.778544188 -0.145946085 0.583111286
1403638207095097088.000000 -8.937720299 3.896711349 -0.003474418 -0.171198383 -0.774689734 -0.137842134 0.592913508
1403638207595097088.000000 -9.170983315 3.224139452 -0.101913385 -0.120629601 -0.781438529 -0.099309079 0.604102731
1403638207845096960.000000 -9.196422577 2.876294851 -0.117399134 -0.105263524 -0.799824357 -0.067551687 0.587058365
1403638208095097088.000000 -9.192914009 2.552504539 -0.091986209 -0.101458542 -0.806344688 -0.061028291 0.579473913
1403638208345096960.000000 -9.169005394 2.252801180 -0.092949763 -0.103660971 -0.801311612 -0.063150577 0.585803986
1403638208595097088.000000 -9.124406815 1.969141364 -0.120607488 -0.095178738 -0.808743477 -0.056863531 0.577617228
1403638208845096960.000000 -9.065351486 1.703467250 -0.111792713 -0.074737489 -0.809304535 -0.038338371 0.581352353
1403638209145096960.000000 -8.976091385 1.413893104 -0.117886484 -0.060481157 -0.809302270 -0.031329926 0.583429873
1403638209445096960.000000 -8.865354538 1.151634455 -0.182682499 -0.060552232 -0.810111403 -0.025650671 0.582576215
1403638209795097088.000000 -8.721844673 0.884476423 -0.381761461 -0.061206944 -0.807389557 -0.028742390 0.586131275
1403638210095097088.000000 -8.578322411 0.681573510 -0.674063981 -0.057678852 -0.797176361 -0.035841312 0.599915266
1403638210345096960.000000 -8.418867111 0.522155762 -0.895048261 -0.057696823 -0.792762935 -0.036143381 0.605715811
1403638210595097088.000000 -8.212108612 0.370124310 -1.116655350 -0.059595272 -0.792253196 -0.035074890 0.606261611
1403638210945096960.000000 -7.849617958 0.171536297 -1.434249878 -0.063437872 -0.795786977 -0.031125424 0.601439953
1403638211245096960.000000 -7.483897686 0.023669407 -1.636380315 -0.065995783 -0.804072678 -0.025696171 0.590297639
1403638211545096960.000000 -7.103936672 -0.089717776 -1.800846219 -0.089083478 -0.803682625 -0.040288784 0.586971343
1403638211845096960.000000 -6.699889660 -0.168331206 -2.006264925 -0.157120526 -0.793904185 -0.069405116 0.583277047
1403638212095097088.000000 -6.347914219 -0.196440428 -2.155347347 -0.215847701 -0.781508327 -0.107136175 0.575479269
1403638212345096960.000000 -5.979507923 -0.193404213 -2.251766205 -0.264739633 -0.767196894 -0.151291430 0.564298511
1403638212645096960.000000 -5.513747692 -0.168919712 -2.301414728 -0.325790286 -0.743852198 -0.195664108 0.549781919
1403638212945096960.000000 -5.019841671 -0.133785710 -2.288995743 -0.389220774 -0.715293884 -0.241280004 0.527869105
1403638213245096960.000000 -4.505626202 -0.084906511 -2.243971109 -0.465685725 -0.678603530 -0.275768787 0.496573895
1403638213545096960.000000 -3.969027758 -0.002031736 -2.242824316 -0.547012687 -0.633320034 -0.289920032 0.464359075
1403638213795097088.000000 -3.489907265 0.112435423 -2.247548580 -0.547115862 -0.609644771 -0.350897670 0.453727186
1403638214045096960.000000 -3.006995916 0.234918743 -2.217833042 -0.546653926 -0.610234201 -0.363965154 0.443072319
1403638214295097088.000000 -2.537279606 0.357101351 -2.165307522 -0.551671922 -0.626588523 -0.347991407 0.426552385
1403638217095097088.000000 1.406398892 1.497782350 -2.548746347 -0.546162605 -0.598126411 -0.395885944 0.432695717
1403638219845096960.000000 2.119870186 0.929426074 -2.550488949 -0.594480455 -0.548086405 -0.412853539 0.419221103
1403638221095097088.000000 2.228979349 0.246097073 -2.576693535 -0.596607029 -0.561675012 -0.419161081 0.391005367
1403638221545096960.000000 2.227618217 0.022548283 -2.596328974 -0.605137289 -0.559688747 -0.409983397 0.390475452
1403638222045096960.000000 2.235844135 -0.187609434 -2.611294746 -0.598573327 -0.557545602 -0.418839872 0.394241184
1403638222495097088.000000 2.240831852 -0.352789879 -2.603532314 -0.607994437 -0.567672610 -0.405848861 0.378651917
1403638222845096960.000000 2.239356518 -0.433202654 -2.646127224 -0.599156201 -0.558147252 -0.418501616 0.392861307
1403638223345096960.000000 2.223217964 -0.556988358 -2.694491386 -0.610653698 -0.561778307 -0.402010292 0.387162626
1403638223595097088.000000 2.223725557 -0.610353410 -2.712109089 -0.612435400 -0.548994958 -0.399489194 0.404890031
1403638223895097088.000000 2.250808954 -0.664578915 -2.746304512 -0.599319816 -0.561883926 -0.419133127 0.386561513
1403638224195097088.000000 2.265105247 -0.710991859 -2.794636726 -0.605558455 -0.570634782 -0.409569651 0.374069065
1403638224495097088.000000 2.258453608 -0.727254987 -2.833173037 -0.601022363 -0.555738866 -0.416672111 0.395361573
1403638224795097088.000000 2.245232105 -0.739370942 -2.870904446 -0.608266652 -0.566506386 -0.406131983 0.379656494
1403638225095097088.000000 2.228154421 -0.732360482 -2.872657299 -0.603552461 -0.550190449 -0.410863787 0.405223399
1403638225395097088.000000 2.226979017 -0.724148512 -2.860519886 -0.602153420 -0.564371347 -0.410707295 0.387576878
1403638225645096960.000000 2.223780632 -0.710504532 -2.874532938 -0.583951950 -0.548738658 -0.436203510 0.409405231
1403638225945096960.000000 2.210687876 -0.724620402 -2.965462685 -0.600242555 -0.566347659 -0.413260967 0.384934694
1403638226195097088.000000 2.185871124 -0.713997602 -2.984883785 -0.615680754 -0.570055485 -0.384402037 0.384979486
1403638226345096960.000000 2.176806450 -0.710784853 -2.988204718 -0.605593622 -0.574181318 -0.401775807 0.377025694
1403638226845096960.000000 2.182715178 -0.699766457 -2.960900307 -0.605592370 -0.573774278 -0.401523530 0.377915204
1403638227095097088.000000 2.184988976 -0.695229471 -2.949556828 -0.606060386 -0.573845446 -0.401004791 0.377607375
1403638227595097088.000000 2.186310291 -0.683688164 -2.932375908 -0.606049895 -0.574341595 -0.400808007 0.377078384
1403638228095097088.000000 2.184130669 -0.665675402 -2.921844482 -0.606397986 -0.574482858 -0.400394946 0.376742572
1403638228595097088.000000 2.181222439 -0.636882246 -2.918171406 -0.606755435 -0.574479282 -0.399911523 0.376685917
