1413393889605760512.000000 -0.058506735 -0.849806905 0.205877185 -0.628391862 -0.526612222 -0.429775208 0.378281116
1413393892155760384.000000 -0.686891377 -1.260988712 0.597716987 -0.618403256 -0.519814432 -0.451558173 0.378768563
1413393893905760512.000000 -1.468610525 -1.881447315 0.660641074 -0.665170074 -0.521653831 -0.390435964 0.364672393
1413393895105760512.000000 -1.075719357 -0.375060201 0.647678912 -0.623567820 -0.510843813 -0.444728315 0.390408218
1413393895305760512.000000 -0.972182870 -0.138325140 0.631433308 -0.624118328 -0.514984369 -0.441937536 0.387245059
1413393897805760512.000000 0.105780810 0.796523511 0.624653697 -0.813451290 -0.104529507 -0.570709586 0.040759061
1413393899605760512.000000 0.506040514 1.607331991 0.962689519 -0.674026549 0.026834140 -0.738182664 0.007383451
1413393900905760512.000000 0.010398597 1.117373943 0.885187328 0.727501512 -0.020119263 0.685731947 0.010416511
1413393903855760384.000000 1.527557135 1.361165643 0.963391006 0.779450476 -0.184553087 0.595219553 0.064116329
1413393904655760384.000000 1.923804998 1.180818796 1.025763869 0.792856395 -0.220154434 0.551575661 0.136657104
1413393907405760512.000000 2.544485569 0.050645795 0.503293633 0.566071630 -0.568495631 0.366836786 0.470963359
1413393908755760384.000000 2.748449564 0.227865338 0.153677255 0.518847287 -0.621644676 0.417639345 0.412229210
1413393910105760512.000000 2.799600124 0.838263810 0.044522580 0.544485807 -0.660275161 0.311748832 0.412776738
1413393910605760512.000000 2.895142078 0.623856664 0.030707883 0.528818786 -0.697652876 0.315488964 0.366193891
1413393912005760512.000000 2.634069204 -1.056089997 -0.110487014 0.536556482 -0.633378804 0.382000327 0.406219333
1413393912205760512.000000 2.612639189 -1.234987020 0.001692479 0.540087938 -0.671446860 0.358948708 0.358636409
1413393912405760512.000000 2.551638126 -1.473828912 0.129973114 0.534701288 -0.675532043 0.355874062 0.362083733
1413393913405760512.000000 1.905401587 -2.842294693 0.352380306 0.383455098 -0.697660804 0.370536745 0.478470534
1413393913655760384.000000 1.662448049 -3.039660692 0.322531730 0.297757924 -0.727290332 0.331509292 0.522006452
1413393914505760512.000000 0.850023031 -2.932522535 0.461315662 0.077465229 -0.804598331 0.070322827 0.584529996
1413393914755760384.000000 0.690746069 -2.813038349 0.531868696 -0.005816217 -0.811541677 0.043662682 0.582631886
1413393917705760512.000000 -1.144276619 -2.508684635 1.061447144 -0.505272448 -0.666080892 -0.290727377 0.465310156
1413393917955760384.000000 -1.150359273 -2.465191841 1.043317437 -0.574108243 -0.587752342 -0.372435689 0.431553721
1413393918555760384.000000 -1.004602075 -2.328766346 1.049034595 -0.736393869 -0.388386369 -0.453487813 0.318164885
1413393919355760384.000000 -0.353171706 -2.372052431 1.134101987 0.771375418 -0.019672723 0.631780028 -0.073803030
1413393922155760384.000000 -1.077369571 -3.782602310 -0.106575653 0.800352871 -0.095190331 0.584971309 0.090457857
1413393922405760512.000000 -1.070375681 -3.758027792 -0.250657320 0.842178702 -0.108487017 0.521522880 0.083543427
1413393922705760512.000000 -0.962026656 -3.739134312 -0.381279677 0.823526084 -0.141710669 0.547337651 0.046305969
1413393922955760384.000000 -0.814185560 -3.780825853 -0.462285310 0.831291020 -0.131106764 0.537035406 0.057958350
1413393924455760384.000000 1.000679135 -4.452532291 -0.266149163 -0.783739746 -0.272387624 -0.555863917 0.050717540
1413393924655760384.000000 1.234477639 -4.427943707 -0.210376158 -0.754208088 -0.312128991 -0.576733649 0.033525951
1413393925905760512.000000 1.732522964 -2.672412872 0.747283816 -0.765632093 -0.297737628 -0.523242354 0.226665735
1413393927905760512.000000 2.774344206 -0.784479558 1.140895963 -0.628906190 -0.503561795 -0.522463262 0.279167861
1413393928105760512.000000 2.805981874 -0.585958183 1.248458624 -0.615887821 -0.506513119 -0.532584965 0.283689916
1413393928505760512.000000 2.661416531 -0.195871115 1.359422445 -0.649246752 -0.463731319 -0.496706784 0.341634870
1413393928955760384.000000 2.388658285 0.123314708 1.397969246 -0.641399086 -0.445531994 -0.526522934 0.335979372
1413393930105760512.000000 1.245860100 0.346997231 1.653105021 -0.805406690 -0.126125872 -0.556369066 0.160828650
1413393932705760512.000000 -0.120192811 -0.884327292 0.689742386 -0.805065751 -0.157690465 -0.564922988 0.088684104
1413393935505760512.000000 -0.722458839 -2.664864063 0.082051441 -0.758680582 -0.372645646 -0.485864788 0.222428381
1413393936155760384.000000 -0.657646179 -2.658178568 0.165994242 -0.650862873 -0.519181609 -0.444280207 0.330821931
1413393936355760384.000000 -0.704646707 -2.555035353 0.203535795 -0.620851517 -0.549421906 -0.384183258 0.406303018
1413393936555760384.000000 -0.728660107 -2.435585737 0.249190122 -0.560457528 -0.599318624 -0.351841360 0.450457960
1413393939405760512.000000 -0.327601880 -3.081571579 0.675795913 -0.072664201 -0.820391297 -0.043907911 0.565464616
1413393940055760384.000000 -0.398018271 -3.376564026 0.559295893 -0.087421924 -0.766854286 -0.044065900 0.634310842
1413393940455760384.000000 -0.391045809 -3.459708691 0.527962685 -0.098208465 -0.774997771 -0.032813396 0.623423517
1413393940655760384.000000 -0.274851352 -3.480304956 0.513221383 -0.125879005 -0.860964894 -0.006288092 0.492802590
1413393941805760512.000000 -0.163192838 -2.790392876 0.743249655 -0.103698820 -0.876789033 -0.035184942 0.468240976
1413393943255760384.000000 -0.299555391 -1.858374238 0.789593160 -0.091500804 -0.788073480 -0.080917485 0.603340924
1413393945855760384.000000 -0.338271320 -1.414815664 0.880683661 -0.400496870 -0.738528073 -0.262212574 0.474787623
1413393948505760512.000000 -0.309499264 -1.946498156 0.499987841 -0.742928565 -0.177004874 -0.630941868 0.136523932
1413393950555760384.000000 -1.150272608 -2.680239201 0.689107835 0.846218824 -0.068124689 0.526800811 0.041875407
1413393952255760384.000000 -0.727126837 -3.780256271 0.288561910 0.806844473 -0.104233876 0.575686872 0.081986889
1413393953955760384.000000 0.074697584 -4.021063805 0.401341707 -0.792191207 -0.003676717 -0.610154569 -0.011442198
1413393954255760384.000000 0.121258900 -4.080828667 0.382942885 -0.831984162 -0.040626828 -0.553026438 0.017708603
1413393955405760512.000000 0.982430696 -3.877468824 0.504564226 -0.797150671 -0.202652022 -0.548957586 0.148756236
1413393956855760384.000000 1.865434170 -3.029183388 0.479602277 -0.640838921 -0.511907458 -0.439498812 0.366220027
1413393957155760384.000000 1.947145820 -2.852563143 0.490749538 -0.585141420 -0.579661012 -0.385586292 0.415843666
1413393960055760384.000000 2.201173782 -1.835052729 0.057943884 -0.329462141 -0.745303512 -0.236968219 0.528983474
1413393961055760384.000000 2.091937542 -1.832186103 -0.225101188 -0.227944985 -0.808135271 -0.137834564 0.525318980
1413393961755760384.000000 1.992013097 -1.771216512 -0.113841288 -0.202831581 -0.770668149 -0.157223001 0.583276033
1413393962005760512.000000 2.066478968 -1.801378012 0.102548704 -0.207211941 -0.789513290 -0.153685868 0.556877613
1413393962255760384.000000 2.120064259 -1.843056083 0.401172459 -0.211618945 -0.805038929 -0.144269809 0.535084963
1413393962505760512.000000 2.129259109 -1.875501752 0.705597878 -0.221253932 -0.829633772 -0.138506949 0.493528455
1413393962755760384.000000 2.072682142 -1.873175383 0.895102561 -0.252685547 -0.824262500 -0.182331264 0.472754300
1413393963005760512.000000 1.924565673 -1.848161936 1.026692629 -0.297497690 -0.771027148 -0.280308038 0.488302976
1413393963255760384.000000 1.706017256 -1.862526298 1.088375807 -0.378547341 -0.704781413 -0.341917187 0.493029118
1413393963505760512.000000 1.444477797 -1.930694699 1.080199480 -0.461924732 -0.646005034 -0.377101928 0.476547122
1413393963755760384.000000 1.166187525 -2.037111759 1.013455391 -0.518140674 -0.597436249 -0.414220393 0.450579256
1413393965005760512.000000 -0.273155391 -2.974592209 0.355181068 -0.756162226 -0.353152305 -0.453033030 0.313469708
1413393965305760512.000000 -0.381268501 -3.251247168 0.283651739 -0.820393145 -0.298780918 -0.404016882 0.272865325
1413393965555760384.000000 -0.268792659 -3.428987980 0.287257642 -0.798310518 -0.360634416 -0.453115195 0.165317699
1413393968105760512.000000 -0.706330657 -1.941345453 0.459218174 -0.824996531 -0.127663240 -0.539319754 0.110531062
1413393970755760384.000000 -1.024816513 -1.647153258 0.617082715 0.801184714 -0.084452786 0.580123305 0.120115079
1413393973555760384.000000 -2.033294201 -0.632564723 0.485505879 0.750213087 -0.090189531 0.642844975 0.125684336
1413393973805760512.000000 -2.168764353 -0.427602708 0.452927411 0.764389455 -0.127309501 0.629475892 0.057107069
1413393974055760384.000000 -2.381387472 -0.251316071 0.431248188 0.820321679 -0.187312350 0.538835227 -0.040533401
1413393974305760512.000000 -2.562527657 -0.257437557 0.455463976 0.895291567 -0.149706572 0.419504523 0.007538245
1413393974605760512.000000 -2.463932037 -0.429505587 0.571088672 0.897233188 -0.054652590 0.422077298 0.117628202
1413393974905760512.000000 -2.049817562 -0.514800012 0.697757185 0.822879672 -0.029202832 0.552613854 0.128973261
1413393975155760384.000000 -1.657402396 -0.479351193 0.709383428 0.787443101 -0.068136595 0.607373595 0.079926237
1413393978005760512.000000 -0.404866278 0.316512406 0.731998205 0.813254178 -0.072248131 0.572976112 0.071387686
1413393980505760512.000000 -0.819712460 -0.051558670 0.818746209 0.614367664 -0.572404563 0.376330078 0.391511470
1413393981405760512.000000 -1.064690471 -0.930811226 0.909492910 0.587040603 -0.590562344 0.418127298 0.363027692
1413393981905760512.000000 -1.204826474 -1.580609083 0.960310578 0.618545532 -0.552224159 0.399413973 0.391047806
1413393982155760384.000000 -1.217895746 -1.937138319 0.930900514 0.643912971 -0.506127119 0.427282602 0.382937461
1413393983605760512.000000 -0.359144539 -3.221577644 0.896220803 -0.801669300 -0.157117158 -0.576735675 -0.004059470
1413393983905760512.000000 -0.148130253 -3.087626934 0.925907254 -0.766105354 -0.268999398 -0.576296449 0.092760392
1413393984205760512.000000 -0.044872779 -2.815299034 0.976462722 -0.716692865 -0.370964944 -0.566604435 0.166420564
1413393984505760512.000000 -0.089166977 -2.447702169 1.046510100 -0.667547703 -0.444955438 -0.546995699 0.239145294
1413393984805760512.000000 -0.269859105 -2.051984072 1.094254971 -0.661191463 -0.461421043 -0.504491985 0.308876008
1413393987505760512.000000 -0.637591600 0.046591431 0.842675328 0.808411598 -0.123251110 0.566865861 0.099714622
1413393990355760384.000000 0.482289523 1.590801835 0.774169743 0.688230395 -0.411201298 0.541662216 0.252694428
1413393993255760384.000000 0.219084933 1.436541796 0.889489174 0.665849328 -0.524874806 0.412044436 0.333722234
1413393993655760384.000000 0.229669541 1.392815471 0.954747319 0.658435583 -0.505717814 0.424856842 0.360844702
1413393994455760384.000000 0.371167332 1.616958380 0.985543549 0.622667015 -0.520062327 0.479751527 0.334154963
1413393994755760384.000000 0.336638749 1.889258981 0.925684094 0.690887988 -0.581876874 0.348703355 0.249998137
1413393995255760384.000000 0.363157421 1.819495797 0.816839278 0.621561229 -0.530205607 0.470467061 0.333473355
1413393995555760384.000000 0.363127828 1.707336783 0.723153353 0.652120709 -0.480254918 0.514775932 0.281246662
1413393995855760384.000000 0.287196934 1.582143426 0.666566253 0.708507359 -0.354718000 0.554628313 0.254125953
1413393996355760384.000000 0.027069982 1.469489574 0.580493867 0.761738181 -0.243303508 0.579202414 0.158375844
1413393996655760384.000000 -0.193473607 1.425815463 0.470503956 0.792314410 -0.234909952 0.542601943 0.150460720
1413393996955760384.000000 -0.372882217 1.371677518 0.365099996 0.802830398 -0.203735217 0.541527927 0.143884778
1413393997355760384.000000 -0.516436994 1.299280643 0.288338751 0.802937627 -0.165725231 0.557852745 0.128944844
1413393997705760512.000000 -0.589550674 1.258825779 0.157425761 0.796914339 -0.157688171 0.569488168 0.125480667
1413393998005760512.000000 -0.635961235 1.258803368 0.078956723 0.801136374 -0.160116941 0.562147856 0.128580585
1413393998305760512.000000 -0.655901670 1.289616346 0.032108974 0.799476564 -0.168654159 0.560284078 0.135922417
1413393998605760512.000000 -0.643811762 1.348131061 0.021017736 0.799654484 -0.193134412 0.556135178 0.118176535
1413393998905760512.000000 -0.616757810 1.393037796 0.005265031 0.788510084 -0.206830278 0.570517957 0.099912271
1413393999205760512.000000 -0.606393754 1.403629303 -0.027292645 0.796715021 -0.178303942 0.560266316 0.139837712
1413393999455760384.000000 -0.586742640 1.422400713 -0.068165988 0.801853836 -0.197660848 0.552184224 0.114251159
1413393999705760512.000000 -0.550313592 1.424544573 -0.100963742 0.793067038 -0.210507259 0.562933624 0.099182181
1413394000105760512.000000 -0.508283317 1.376937151 -0.170344606 0.788183153 -0.194279581 0.571118176 0.121847868
1413394000555760384.000000 -0.519112587 1.378190160 -0.176072821 0.780054927 -0.197913066 0.577040672 0.139172077
1413394001055760384.000000 -0.518014789 1.378378868 -0.177470431 0.779453993 -0.198617309 0.577815711 0.138316855
1413394001555760384.000000 -0.517928541 1.378331184 -0.177704796 0.779422045 -0.198992655 0.577846706 0.137827873
1413394002055760384.000000 -0.518843412 1.378898859 -0.177959472 0.779300511 -0.199301779 0.577997923 0.137433514
1413394002555760384.000000 -0.518544257 1.378668070 -0.177777961 0.779257596 -0.199460313 0.578054428 0.137208968
1413394003055760384.000000 -0.518599272 1.378733277 -0.177701071 0.779300570 -0.199796721 0.577955961 0.136889473
