#LBA time[ms],KF opt[#],KF fixed[#],MP[#],Edges[#]
0.014400,3,1,0,795
0.004896,4,1,0,1118
0.428006,5,1,0,1311
0.693642,6,1,0,1644
0.774794,7,1,0,1851
1.305681,8,1,0,1876
1.444371,9,1,0,2168
1.403027,10,1,0,2581
1.497332,0,0,0,0
50.543169,0,0,0,0
1.899097,0,0,0,0
1.934074,0,0,0,0
2.033915,0,0,0,0
2.196029,0,0,0,0
2.410944,0,0,0,0
2.429376,0,0,0,0
2.897639,0,0,0,0
3.072297,0,0,0,0
3.599312,0,0,0,0
3.597040,0,0,0,0
3.861300,0,0,0,0
5.033955,0,0,0,0
4.713599,0,0,0,0
5.066052,0,0,0,0
4.885153,0,0,0,0
5.143813,0,0,0,0
4.755936,0,0,0,0
4.657758,0,0,0,0
5.102372,0,0,0,0
5.413544,0,0,0,0
4.761919,0,0,0,0
4.775008,0,0,0,0
6.359093,0,0,0,0
5.858766,0,0,0,0
6.155441,0,0,0,0
6.019920,0,0,0,0
6.667416,0,0,0,0
4.087383,0,0,0,0
6.271187,0,0,0,0
6.093393,0,0,0,0
8.277806,0,0,0,0
5.089923,0,0,0,0
7.168192,0,0,0,0
5.486345,0,0,0,0
5.513898,0,0,0,0
5.455880,0,0,0,0
6.673880,0,0,0,0
4.260856,0,0,0,0
5.311943,0,0,0,0
6.847804,0,0,0,0
5.593834,0,0,0,0
6.715833,0,0,0,0
6.195250,0,0,0,0
3.841267,0,0,0,0
4.311449,0,0,0,0
7.288353,0,0,0,0
8.048075,0,0,0,0
4.539516,0,0,0,0
5.549705,0,0,0,0
5.158692,0,0,0,0
5.660043,0,0,0,0
4.890273,0,0,0,0
6.453398,0,0,0,0
5.288902,0,0,0,0
7.981386,0,0,0,0
4.949794,0,0,0,0
7.779816,0,0,0,0
6.639544,0,0,0,0
4.929282,0,0,0,0
7.343490,0,0,0,0
4.896610,0,0,0,0
7.558629,0,0,0,0
5.933615,0,0,0,0
6.322964,0,0,0,0
5.898542,0,0,0,0
6.497398,0,0,0,0
7.722759,0,0,0,0
8.229902,0,0,0,0
7.819080,0,0,0,0
6.263987,0,0,0,0
6.645208,0,0,0,0
6.420502,0,0,0,0
8.476529,0,0,0,0
5.787757,0,0,0,0
7.152159,0,0,0,0
5.625195,0,0,0,0
5.605579,0,0,0,0
5.896495,0,0,0,0
8.452081,0,0,0,0
5.898735,0,0,0,0
6.167346,0,0,0,0
6.522423,0,0,0,0
6.000496,0,0,0,0
6.614744,0,0,0,0
9.247963,0,0,0,0
6.478134,0,0,0,0
5.659468,0,0,0,0
4.934978,0,0,0,0
5.878126,0,0,0,0
5.116516,0,0,0,0
6.545399,0,0,0,0
9.611104,0,0,0,0
7.755591,0,0,0,0
5.477417,0,0,0,0
6.750330,0,0,0,0
8.927351,0,0,0,0
8.850357,0,0,0,0
7.880553,0,0,0,0
5.984239,0,0,0,0
5.160837,0,0,0,0
7.083294,0,0,0,0
6.177170,0,0,0,0
5.135108,0,0,0,0
8.179981,0,0,0,0
7.003549,0,0,0,0
8.312207,0,0,0,0
8.817173,0,0,0,0
6.753786,0,0,0,0
5.601323,0,0,0,0
7.811816,0,0,0,0
8.260942,0,0,0,0
9.377309,0,0,0,0
9.675073,0,0,0,0
7.523044,0,0,0,0
8.104332,0,0,0,0
8.873110,0,0,0,0
6.653945,0,0,0,0
10.492588,0,0,0,0
9.719234,0,0,0,0
10.624397,0,0,0,0
10.942258,0,0,0,0
11.179253,0,0,0,0
11.809245,0,0,0,0
11.008851,0,0,0,0
11.327031,0,0,0,0
11.378743,0,0,0,0
10.454699,0,0,0,0
11.372600,0,0,0,0
11.547994,0,0,0,0
12.325540,0,0,0,0
12.110721,0,0,0,0
8.545394,0,0,0,0
11.990784,0,0,0,0
10.481900,0,0,0,0
11.072979,0,0,0,0
12.348996,0,0,0,0
11.399287,0,0,0,0
10.520620,0,0,0,0
11.462041,0,0,0,0
12.031360,0,0,0,0
10.900849,0,0,0,0
10.902833,0,0,0,0
8.584530,0,0,0,0
10.867344,0,0,0,0
11.108820,0,0,0,0
10.167687,0,0,0,0
11.326390,0,0,0,0
9.378205,0,0,0,0
10.068710,0,0,0,0
11.295414,0,0,0,0
12.303939,0,0,0,0
11.512089,0,0,0,0
13.364594,0,0,0,0
14.802693,0,0,0,0
9.924484,0,0,0,0
11.685563,0,0,0,0
10.897681,0,0,0,0
12.035616,0,0,0,0
10.887921,0,0,0,0
12.080384,0,0,0,0
12.168737,0,0,0,0
10.555213,0,0,0,0
10.766607,0,0,0,0
10.283496,0,0,0,0
12.082209,0,0,0,0
11.871038,0,0,0,0
12.011392,0,0,0,0
10.629261,0,0,0,0
8.848405,0,0,0,0
13.886809,0,0,0,0
9.547935,0,0,0,0
11.389784,0,0,0,0
10.865105,0,0,0,0
11.241173,0,0,0,0
11.382232,0,0,0,0
13.576853,0,0,0,0
15.070825,0,0,0,0
14.333598,0,0,0,0
13.968537,0,0,0,0
12.767978,0,0,0,0
12.532486,0,0,0,0
15.985141,0,0,0,0
14.943495,0,0,0,0
14.871302,0,0,0,0
15.544175,0,0,0,0
15.821330,0,0,0,0
15.193866,0,0,0,0
16.818527,0,0,0,0
12.905355,0,0,0,0
15.706673,0,0,0,0
16.117238,0,0,0,0
17.109667,0,0,0,0
14.166909,0,0,0,0
15.781074,0,0,0,0
17.713739,0,0,0,0
20.251277,0,0,0,0
15.004232,0,0,0,0
16.818784,0,0,0,0
16.185335,0,0,0,0
15.781714,0,0,0,0
16.577468,0,0,0,0
18.684729,0,0,0,0
17.247686,0,0,0,0
14.907494,0,0,0,0
20.341903,0,0,0,0
15.971605,0,0,0,0
20.952631,0,0,0,0
20.475248,0,0,0,0
19.493763,0,0,0,0
13.807671,0,0,0,0
20.380207,0,0,0,0
19.555044,0,0,0,0
17.976975,0,0,0,0
12.940044,0,0,0,0
16.522044,0,0,0,0
13.641237,0,0,0,0
16.386457,0,0,0,0
16.254456,0,0,0,0
13.184271,0,0,0,0
16.611421,0,0,0,0
14.977159,0,0,0,0
17.400935,0,0,0,0
10.254536,0,0,0,0
18.465525,0,0,0,0
15.101352,0,0,0,0
17.515529,0,0,0,0
17.266853,0,0,0,0
13.597525,0,0,0,0
13.044718,0,0,0,0
14.333118,0,0,0,0
16.475995,0,0,0,0
10.933265,0,0,0,0
15.640880,0,0,0,0
15.602703,0,0,0,0
14.869029,0,0,0,0
14.826309,0,0,0,0
8.358415,0,0,0,0
14.520673,0,0,0,0
14.450528,0,0,0,0
14.230749,0,0,0,0
15.346220,0,0,0,0
11.390264,0,0,0,0
13.541460,0,0,0,0
7.624773,0,0,0,0
13.147887,0,0,0,0
13.059021,0,0,0,0
12.691337,0,0,0,0
11.789116,0,0,0,0
12.409029,0,0,0,0
12.621672,0,0,0,0
10.459179,0,0,0,0
12.173762,0,0,0,0
12.693737,0,0,0,0
11.791677,0,0,0,0
11.810045,0,0,0,0
12.994221,0,0,0,0
13.016269,0,0,0,0
10.719151,0,0,0,0
11.174037,0,0,0,0
10.150567,0,0,0,0
10.555084,0,0,0,0
14.323199,0,0,0,0
15.161609,0,0,0,0
10.651469,0,0,0,0
16.762302,0,0,0,0
14.225149,0,0,0,0
14.677955,0,0,0,0
11.720923,0,0,0,0
18.410773,0,0,0,0
10.133222,0,0,0,0
16.984674,0,0,0,0
12.578535,0,0,0,0
13.120559,0,0,0,0
13.715927,0,0,0,0
13.325073,0,0,0,0
17.387207,0,0,0,0
13.418834,0,0,0,0
14.376191,0,0,0,0
13.036557,0,0,0,0
15.881459,0,0,0,0
13.844664,0,0,0,0
16.139030,0,0,0,0
14.399679,0,0,0,0
13.503667,0,0,0,0
17.765292,0,0,0,0
13.248336,0,0,0,0
16.672574,0,0,0,0
14.426367,0,0,0,0
19.226111,0,0,0,0
15.287851,0,0,0,0
14.848294,0,0,0,0
12.101409,0,0,0,0
16.544124,0,0,0,0
20.505072,0,0,0,0
20.542001,0,0,0,0
20.913494,0,0,0,0
22.197383,0,0,0,0
15.362028,0,0,0,0
16.884384,0,0,0,0
16.564124,0,0,0,0
20.976214,0,0,0,0
15.984436,0,0,0,0
19.523683,0,0,0,0
22.287656,0,0,0,0
17.244165,0,0,0,0
18.801370,0,0,0,0
20.178636,0,0,0,0
20.193004,0,0,0,0
16.359353,0,0,0,0
16.493243,0,0,0,0
20.835221,0,0,0,0
14.834693,0,0,0,0
22.451178,0,0,0,0
21.552190,0,0,0,0
18.574327,0,0,0,0
17.511720,0,0,0,0
15.000455,0,0,0,0
14.103195,0,0,0,0
19.990282,0,0,0,0
20.906902,0,0,0,0
20.893046,0,0,0,0
20.103787,0,0,0,0
18.708760,0,0,0,0
14.684163,0,0,0,0
15.165193,0,0,0,0
23.324918,0,0,0,0
19.738023,0,0,0,0
23.308726,0,0,0,0
23.147027,0,0,0,0
23.070962,0,0,0,0
19.565444,0,0,0,0
20.809013,0,0,0,0
20.298125,0,0,0,0
17.428391,0,0,0,0
22.721934,0,0,0,0
25.315889,0,0,0,0
24.824106,0,0,0,0
28.308377,0,0,0,0
25.329296,0,0,0,0
37.291759,0,0,0,0
28.585820,0,0,0,0
31.792519,0,0,0,0
26.721891,0,0,0,0
25.287888,0,0,0,0
31.798599,0,0,0,0
27.645007,0,0,0,0
30.518422,0,0,0,0
30.044015,0,0,0,0
35.788380,0,0,0,0
33.997571,0,0,0,0
29.568105,0,0,0,0
32.253997,0,0,0,0
30.789337,0,0,0,0
24.551334,0,0,0,0
30.279283,0,0,0,0
27.273579,0,0,0,0
27.175753,0,0,0,0
22.521259,0,0,0,0
23.887357,0,0,0,0
34.781294,0,0,0,0
30.525334,0,0,0,0
28.535035,0,0,0,0
37.090860,0,0,0,0
29.929614,0,0,0,0
27.554638,0,0,0,0
25.686069,0,0,0,0
27.916883,0,0,0,0
32.133899,0,0,0,0
31.196030,0,0,0,0
23.675387,0,0,0,0
28.773599,0,0,0,0
29.927757,0,0,0,0
30.464725,0,0,0,0
29.817900,0,0,0,0
34.652268,0,0,0,0
32.919765,0,0,0,0
40.014355,0,0,0,0
33.230521,0,0,0,0
34.713037,0,0,0,0
31.184926,0,0,0,0
36.769320,0,0,0,0
32.906229,0,0,0,0
46.339816,0,0,0,0
40.392472,0,0,0,0
42.136719,0,0,0,0
42.410259,0,0,0,0
40.923455,0,0,0,0
36.040926,0,0,0,0
47.523639,0,0,0,0
40.612092,0,0,0,0
42.393523,0,0,0,0
42.428499,0,0,0,0
44.718514,0,0,0,0
38.477119,0,0,0,0
42.004462,0,0,0,0
39.159400,0,0,0,0
42.191824,0,0,0,0
33.311994,0,0,0,0
41.329605,0,0,0,0
41.488615,0,0,0,0
37.613907,0,0,0,0
45.294553,0,0,0,0
46.010275,0,0,0,0
38.036377,0,0,0,0
39.520557,0,0,0,0
36.572102,0,0,0,0
42.105967,0,0,0,0
42.477972,0,0,0,0
40.040916,0,0,0,0
41.398534,0,0,0,0
39.656526,0,0,0,0
41.871276,0,0,0,0
43.936168,0,0,0,0
29.327366,0,0,0,0
40.276823,0,0,0,0
39.348011,0,0,0,0
27.714096,0,0,0,0
34.029923,0,0,0,0
39.232009,0,0,0,0
32.375406,0,0,0,0
38.604897,0,0,0,0
26.816004,0,-1075853212,0,1080611989
38.564288,708687888,1679315052,608,1430464628
