1403638147795097088.000000 -2.823038578 -0.441549242 4.947404861 -0.593855798 -0.592065930 -0.381958187 0.388460070
1403638148095097088.000000 -2.822132349 -0.411590904 4.982048035 -0.585057497 -0.574917793 -0.402749658 0.406165123
1403638148845096960.000000 -2.829366207 -0.323964477 5.153710842 -0.578723848 -0.595394373 -0.388127267 0.399926990
1403638151645096960.000000 -3.665345907 0.403102428 5.343008041 -0.428736627 -0.703104198 -0.300295532 0.481302440
1403638152445096960.000000 -4.221268177 0.635904312 5.493752003 -0.406833559 -0.718907177 -0.294575065 0.480504543
1403638152845096960.000000 -4.570813179 0.737797439 5.489848137 -0.403963685 -0.720710099 -0.281399488 0.488062114
1403638153245096960.000000 -4.954442501 0.844931543 5.569787025 -0.370600879 -0.741788924 -0.250621676 0.499592811
1403638153945096960.000000 -5.699109554 1.055274248 5.687561989 -0.281024605 -0.777175725 -0.206137374 0.523956478
1403638154995097088.000000 -6.885705948 1.163029671 5.681767464 -0.239839613 -0.781781077 -0.192229748 0.542533875
1403638155745096960.000000 -7.658709049 0.914009392 5.757546902 -0.163460180 -0.783919513 -0.132779211 0.584055424
1403638155895097088.000000 -7.791743279 0.827958345 5.738901138 -0.139128655 -0.791416228 -0.107493788 0.585447490
1403638156045096960.000000 -7.911242962 0.734264970 5.724298954 -0.110181876 -0.807560205 -0.078673154 0.574035704
1403638156495097088.000000 -8.248450279 0.463031769 5.755680561 -0.046756759 -0.829637825 -0.017113619 0.556077480
1403638156695097088.000000 -8.407186508 0.361326277 5.746864319 -0.040299039 -0.830867231 -0.011019686 0.554900110
1403638156845096960.000000 -8.536218643 0.292097628 5.727556705 -0.039907843 -0.831223845 -0.011730420 0.554379523
1403638157995097088.000000 -9.774970055 -0.112464778 5.768696308 0.040003307 -0.819073200 0.020531517 0.571924269
1403638158395097088.000000 -10.228687286 -0.261032939 5.803799629 0.065765068 -0.819645286 0.052481402 0.566658974
1403638158645096960.000000 -10.502412796 -0.343193352 5.791475296 0.073806241 -0.816423297 0.043349247 0.571074843
1403638159095097088.000000 -10.975557327 -0.503402770 5.797641277 0.057966847 -0.832760930 0.053435169 0.547990620
1403638159245096960.000000 -11.139808655 -0.552591264 5.816442490 0.056831155 -0.842709184 0.051359531 0.532891750
1403638160345096960.000000 -12.230814934 -0.581358135 6.210857391 0.061278127 -0.820663810 0.050976973 0.565824509
1403638160495097088.000000 -12.331277847 -0.548931718 6.322007179 0.062175710 -0.826309502 0.050346196 0.557505190
1403638160845096960.000000 -12.587469101 -0.478020757 6.543325424 0.051498160 -0.818839371 0.057663351 0.568792462
1403638160995097088.000000 -12.698662758 -0.440219969 6.626169682 0.030856539 -0.808033705 0.053523678 0.585887909
1403638161145096960.000000 -12.799433708 -0.391277522 6.700540543 0.007489608 -0.806214869 0.035794582 0.590491652
1403638162445096960.000000 -13.504603386 0.272230476 7.081101418 -0.122114457 -0.814866245 -0.041333556 0.565130711
1403638162645096960.000000 -13.608328819 0.422894537 7.126124859 -0.116176248 -0.814669192 -0.049379040 0.566020370
1403638165595097088.000000 -13.825476646 3.488317966 7.750071049 -0.235834375 -0.769991755 -0.139623284 0.576194584
1403638166345096960.000000 -13.323595047 4.245537758 7.695979595 -0.219995856 -0.790352881 -0.155972064 0.550106108
1403638166795097088.000000 -13.029607773 4.620505810 7.881048203 -0.222610041 -0.792530775 -0.140366331 0.550124526
1403638167245096960.000000 -12.794793129 5.021188736 7.961461067 -0.228863791 -0.811759591 -0.128461719 0.521694720
1403638167695097088.000000 -12.692183495 5.520890236 8.092359543 -0.237325594 -0.794378281 -0.128629595 0.544145226
1403638167845096960.000000 -12.668712616 5.703976154 8.110108376 -0.256832570 -0.785420537 -0.128334343 0.548344731
1403638169345096960.000000 -12.419612885 7.913352013 8.244945526 -0.340274662 -0.745099545 -0.209327117 0.534061909
1403638169645096960.000000 -12.406555176 8.370624542 8.188217163 -0.378202766 -0.712198198 -0.226471707 0.546303093
1403638169795097088.000000 -12.366422653 8.597173691 8.179676056 -0.394213438 -0.706396818 -0.257485777 0.528488755
1403638170095097088.000000 -12.257715225 9.016454697 8.215156555 -0.426534384 -0.674590528 -0.326988250 0.506038427
1403638170645096960.000000 -12.015905380 9.602254868 8.211159706 -0.537822306 -0.593062341 -0.361426055 0.477907479
1403638171095097088.000000 -11.686645508 9.935617447 8.251583099 -0.592549443 -0.535551727 -0.407103032 0.443099052
1403638171295097088.000000 -11.504568100 10.035602570 8.249423981 -0.605417252 -0.517904401 -0.417708039 0.436766446
1403638172095097088.000000 -10.526703835 10.048134804 8.218551636 -0.632040620 -0.463884383 -0.449888349 0.427710861
1403638172245096960.000000 -10.293892860 9.962119102 8.224352837 -0.633607745 -0.463723272 -0.452796608 0.422465652
1403638172695097088.000000 -9.551715851 9.570868492 8.107334137 -0.629716933 -0.461574018 -0.452767909 0.430589467
1403638173295097088.000000 -8.411290169 8.712930679 7.752540112 -0.634598494 -0.480267704 -0.428478122 0.427824825
1403638174195097088.000000 -6.531576157 7.098027706 6.930722713 -0.629034579 -0.505653799 -0.443668455 0.389599919
1403638174645096960.000000 -5.662440300 6.260701656 6.533256531 -0.639101863 -0.521728456 -0.426456243 0.370787352
1403638174795097088.000000 -5.381553173 6.002021790 6.420693874 -0.641675532 -0.527725816 -0.422044933 0.362816870
1403638174995097088.000000 -5.019886971 5.683125973 6.295352459 -0.643282950 -0.530726194 -0.420488656 0.357359916
1403638176395097088.000000 -2.927555561 4.738263607 5.924452782 -0.622431874 -0.535080016 -0.450612634 0.351021886
1403638176745096960.000000 -2.596835375 4.792133808 5.915603161 -0.623483777 -0.536412001 -0.451174349 0.346369535
1403638177045096960.000000 -2.391230822 4.857422829 5.953002453 -0.627339780 -0.535341024 -0.446239203 0.347455591
1403638177445096960.000000 -2.203945160 4.974146843 5.926741600 -0.626174569 -0.538022161 -0.449380964 0.341312706
1403638179845096960.000000 -1.020187974 5.156307697 5.513497353 -0.777977824 -0.258604944 -0.536066353 0.201263249
1403638180195097088.000000 -0.747456431 5.121519089 5.481417656 -0.801039219 -0.216757417 -0.532025814 0.168229267
1403638180495097088.000000 -0.487480789 5.094161510 5.443250656 -0.804284692 -0.213319048 -0.531507969 0.158494413
1403638181095097088.000000 0.122186422 5.089325428 5.383909225 -0.805188656 -0.227141231 -0.522664905 0.164010510
1403638181895097088.000000 1.081955314 5.025102615 5.242765427 -0.805907667 -0.119182281 -0.568841338 0.112818435
1403638182295097088.000000 1.526799679 4.878363609 5.277189255 -0.829093575 -0.078870617 -0.547338843 0.082483485
1403638182495097088.000000 1.760987282 4.797208309 5.295234680 -0.834136605 -0.078107260 -0.540429890 0.077787466
1403638182795097088.000000 2.146812201 4.674056053 5.371278763 -0.834300816 -0.093651138 -0.539140582 0.067074239
1403638183695097088.000000 3.430244207 4.418197155 5.429980755 -0.828308344 -0.110805795 -0.545757174 0.061454389
1403638184145096960.000000 4.088872910 4.398444653 5.490881920 -0.820345104 -0.109409705 -0.557976902 0.061034992
1403638184545096960.000000 4.653265953 4.442959785 5.539351940 -0.819948971 -0.106536649 -0.559143543 0.060764123
1403638184695097088.000000 4.862564564 4.473705769 5.549764156 -0.818353474 -0.105850279 -0.561605752 0.060765140
1403638184995097088.000000 5.271168709 4.555308819 5.576076031 -0.816883206 -0.104198843 -0.564023614 0.061006855
1403638185395097088.000000 5.792382240 4.702179432 5.628130436 -0.814899325 -0.113428377 -0.566025674 0.051846877
1403638185795097088.000000 6.264975548 4.926901817 5.689652443 -0.801460266 -0.146862879 -0.573677003 0.083590753
1403638186195097088.000000 6.684854984 5.175154209 5.715833664 -0.811860025 -0.148679778 -0.553755641 0.110147297
1403638186395097088.000000 6.894722939 5.287049294 5.732667446 -0.811709225 -0.153637588 -0.553912044 0.103464916
1403638186595097088.000000 7.099244118 5.399493217 5.767540932 -0.810615003 -0.155183464 -0.555968463 0.098592810
1403638186745096960.000000 7.251104355 5.488253117 5.783648491 -0.809114933 -0.161109254 -0.557916939 0.090030745
1403638189595097088.000000 7.821318626 7.080487728 6.237523556 -0.733245552 -0.373010635 -0.505445898 0.260266125
1403638190595097088.000000 7.245243549 7.219260216 6.304170132 -0.696598291 -0.408328146 -0.528613150 0.261891544
1403638190795097088.000000 7.097786903 7.266684055 6.281149387 -0.697034061 -0.410386473 -0.519777000 0.274878889
1403638193045096960.000000 5.071508408 7.786809921 6.680473804 -0.680084229 -0.374258906 -0.534287572 0.334593296
1403638193195097088.000000 4.910063267 7.776473999 6.722620010 -0.681128442 -0.387649328 -0.523111582 0.334882617
1403638193345096960.000000 4.747024536 7.735681057 6.784402370 -0.680529833 -0.405704260 -0.515199840 0.326882899
1403638193795097088.000000 4.247652531 7.506519794 6.979156494 -0.686000645 -0.427896470 -0.496591240 0.315760940
1403638194245096960.000000 3.745741606 7.210094929 7.059305668 -0.684133053 -0.424790412 -0.501414657 0.316383421
1403638194545096960.000000 3.415967226 6.990908623 7.079383373 -0.694210708 -0.427555680 -0.489006251 0.310065478
1403638197345096960.000000 1.720300794 6.634362698 7.068908215 -0.695130408 -0.434526324 -0.491100609 0.294619769
1403638197945096960.000000 1.543638945 6.879611969 7.239369869 -0.684715748 -0.426935524 -0.504079819 0.307886422
1403638198195097088.000000 1.444003701 6.966969013 7.230952740 -0.683648229 -0.421873689 -0.504968941 0.315680385
1403638198845096960.000000 1.094633698 7.093136787 6.982831001 -0.661448002 -0.455436081 -0.531981230 0.268440872
1403638199195097088.000000 0.730125070 7.155765057 6.940756798 -0.666773379 -0.451553553 -0.526035368 0.273495108
1403638199495097088.000000 0.300701410 7.212791920 7.000418663 -0.663844943 -0.451015323 -0.531058192 0.271794617
1403638199795097088.000000 -0.233524561 7.271855354 7.112619877 -0.666543603 -0.460947633 -0.509353220 0.289493084
1403638199945096960.000000 -0.526454329 7.301379204 7.163378716 -0.670686066 -0.461539358 -0.494602650 0.304187298
1403638200245096960.000000 -1.127090693 7.360680103 7.241669655 -0.645669460 -0.486003816 -0.492926210 0.322389781
1403638200695097088.000000 -2.105350733 7.425007820 7.439405441 -0.593418896 -0.542411983 -0.487804562 0.340132505
1403638200845096960.000000 -2.464100599 7.433456898 7.518208504 -0.586571395 -0.557005644 -0.478380144 0.341805756
1403638200995097088.000000 -2.840773106 7.439362049 7.583096981 -0.591290951 -0.555781662 -0.463326365 0.356104732
1403638201295097088.000000 -3.617487907 7.443504333 7.662290573 -0.599397838 -0.546377063 -0.451394856 0.372071385
1403638201595097088.000000 -4.397012711 7.436879158 7.676617146 -0.599389374 -0.543192625 -0.457781971 0.368930817
1403638201745096960.000000 -4.787292480 7.429529667 7.657910824 -0.600486994 -0.539986849 -0.458992839 0.370344698
1403638201945096960.000000 -5.309371948 7.409849644 7.608938217 -0.600643218 -0.540304303 -0.457740992 0.371176898
1403638202495097088.000000 -6.732893944 7.281784058 7.536725044 -0.602680981 -0.556156278 -0.420711875 0.387901396
1403638202695097088.000000 -7.218671322 7.242767334 7.497353077 -0.605633616 -0.555916846 -0.415250540 0.389527053
1403638202995097088.000000 -7.904047966 7.195487022 7.410253048 -0.604000211 -0.553660572 -0.419461370 0.390763193
1403638203295097088.000000 -8.544168472 7.148222446 7.362206459 -0.598002195 -0.550275505 -0.428663492 0.394763082
1403638203595097088.000000 -9.143674850 7.087129593 7.324996948 -0.600126207 -0.546705663 -0.425244629 0.400160491
1403638203895097088.000000 -9.697991371 7.009068012 7.307015896 -0.598814428 -0.548441768 -0.426027507 0.398915470
1403638204345096960.000000 -10.445458412 6.861483574 7.388621330 -0.615991890 -0.547394216 -0.397284567 0.403829932
1403638204495097088.000000 -10.661339760 6.816366673 7.430166721 -0.624343038 -0.544614792 -0.386585534 0.405144423
1403638204745096960.000000 -10.972528458 6.757124901 7.473266125 -0.612810552 -0.553761721 -0.388665736 0.408350557
1403638204945096960.000000 -11.188408852 6.718861580 7.477989674 -0.574997485 -0.587806940 -0.394070685 0.410571873
1403638205095097088.000000 -11.347196579 6.693447590 7.466556549 -0.537311614 -0.620800614 -0.381621689 0.424579471
1403638205295097088.000000 -11.564325333 6.658514023 7.458495617 -0.475097060 -0.667013288 -0.343075424 0.460081995
1403638205645096960.000000 -11.945014000 6.583808899 7.518201828 -0.359414458 -0.722684920 -0.308577776 0.503316581
1403638205845096960.000000 -12.169363976 6.504827023 7.588624477 -0.322542399 -0.734813333 -0.301666737 0.514794171
1403638206045096960.000000 -12.412894249 6.381186008 7.676162243 -0.293044806 -0.751166999 -0.268950194 0.526819289
1403638207045096960.000000 -13.538270950 5.361754417 7.957475662 -0.215160802 -0.765186131 -0.169866458 0.582530260
1403638207245096960.000000 -13.693708420 5.120134354 7.932903290 -0.209208980 -0.763940513 -0.165601879 0.587539494
1403638207395097088.000000 -13.790532112 4.929479122 7.896246910 -0.194460049 -0.764079809 -0.155843511 0.595046282
1403638207595097088.000000 -13.886959076 4.660700798 7.855091572 -0.163229197 -0.773608565 -0.132281944 0.597819090
1403638207745096960.000000 -13.930626869 4.452993870 7.839482307 -0.152801424 -0.786329031 -0.109464966 0.588519931
1403638207945096960.000000 -13.966153145 4.184743881 7.848519325 -0.147613809 -0.799115002 -0.093192600 0.575274408
1403638208395097088.000000 -13.989430428 3.633934498 7.861084938 -0.148350552 -0.795903563 -0.095359989 0.579168558
1403638208595097088.000000 -13.977000237 3.404787302 7.839465141 -0.139522851 -0.802294195 -0.088406712 0.573621631
1403638208995097088.000000 -13.922386169 2.982277870 7.851713657 -0.108840115 -0.804189861 -0.066950075 0.580474198
1403638209295097088.000000 -13.852375031 2.696901560 7.814807415 -0.104095079 -0.805037498 -0.059937283 0.580935836
1403638209745096960.000000 -13.714502335 2.321235895 7.616621494 -0.107045405 -0.802762330 -0.057752594 0.583762467
1403638209995097088.000000 -13.620763779 2.136840582 7.380397320 -0.101996578 -0.797683656 -0.067075521 0.590591431
1403638210245096960.000000 -13.500105858 1.959376574 7.143916130 -0.101852506 -0.787985384 -0.067584701 0.603438079
1403638210545096960.000000 -13.288828850 1.749034524 6.882925987 -0.102709197 -0.788124144 -0.067732729 0.603094995
1403638210945096960.000000 -12.908482552 1.476945043 6.517699242 -0.106759034 -0.791013956 -0.063929401 0.599009573
1403638211345096960.000000 -12.439620018 1.234832406 6.263690948 -0.112188913 -0.799818695 -0.059449971 0.586659610
1403638211545096960.000000 -12.191606522 1.135113239 6.150537491 -0.132819936 -0.797557592 -0.072284013 0.583982646
1403638211745096960.000000 -11.931256294 1.048859954 6.015388012 -0.173335120 -0.789262056 -0.091069169 0.582002401
1403638211945096960.000000 -11.659807205 0.980784953 5.878447056 -0.225127473 -0.777862251 -0.115001135 0.575345755
1403638212395097088.000000 -10.999848366 0.902540147 5.686334610 -0.314664900 -0.747422814 -0.191831902 0.552761972
1403638212595097088.000000 -10.687807083 0.885006905 5.653826237 -0.354731023 -0.729956388 -0.220080793 0.541197002
1403638212995097088.000000 -10.025376320 0.858819067 5.666239262 -0.439039081 -0.687181950 -0.276952863 0.508254588
1403638213195097088.000000 -9.679388046 0.853570819 5.699879169 -0.487739295 -0.658753872 -0.300494879 0.487705529
1403638213395097088.000000 -9.324944496 0.858372211 5.711280823 -0.545334458 -0.629041314 -0.305950999 0.461856365
1403638213595097088.000000 -8.951699257 0.887817860 5.703042507 -0.584710956 -0.595163882 -0.325880826 0.444628954
1403638213795097088.000000 -8.557363510 0.939704657 5.700663567 -0.579564452 -0.578758836 -0.375084460 0.434114039
1403638213995097088.000000 -8.160731316 0.996607900 5.720929146 -0.578184307 -0.576933980 -0.388740540 0.426299065
1403638214195097088.000000 -7.771121502 1.049415708 5.759945393 -0.583676636 -0.589422166 -0.377617031 0.411471039
1403638214495097088.000000 -7.207441807 1.155732989 5.803987980 -0.580275118 -0.601892292 -0.367607266 0.407273114
1403638217345096960.000000 -3.332463503 1.753542662 5.328906059 -0.601010501 -0.551195443 -0.425278872 0.392565846
1403638219795097088.000000 -2.895544767 1.165304065 5.397615433 -0.620538473 -0.515059054 -0.440421879 0.394556373
1403638220045096960.000000 -2.913093567 1.032245994 5.374879360 -0.633774579 -0.511733174 -0.420752168 0.399282604
1403638220495097088.000000 -2.876714468 0.780350149 5.369901180 -0.621098518 -0.532726407 -0.440758228 0.369014144
1403638220745096960.000000 -2.864021778 0.640744507 5.397710323 -0.622398496 -0.530383170 -0.442201525 0.368472159
1403638220995097088.000000 -2.862809420 0.504823148 5.385543823 -0.625773609 -0.528213859 -0.440448493 0.367971033
1403638221495097088.000000 -2.888271809 0.252607673 5.353809834 -0.634454846 -0.526273489 -0.431607515 0.366358072
1403638221995097088.000000 -2.906049728 0.038962930 5.330572128 -0.629014850 -0.522553861 -0.439088553 0.372127742
1403638222395097088.000000 -2.916349411 -0.115466714 5.349897861 -0.636805594 -0.531592846 -0.428693503 0.357923955
1403638222795097088.000000 -2.928728819 -0.216465682 5.307969093 -0.630519986 -0.525096357 -0.437471837 0.367881507
1403638223245096960.000000 -2.953557730 -0.322158396 5.254572868 -0.637417614 -0.527242303 -0.427335352 0.364827096
1403638223495097088.000000 -2.966408253 -0.380394131 5.241759777 -0.642785072 -0.516829312 -0.419705778 0.378895670
1403638223945096960.000000 -2.940837145 -0.465855718 5.191684246 -0.627712011 -0.529324412 -0.442128599 0.360992491
1403638224345096960.000000 -2.936648846 -0.516562343 5.129074097 -0.633661926 -0.533359110 -0.433154285 0.355496824
1403638224745096960.000000 -2.954324245 -0.528822541 5.077616215 -0.636027634 -0.529911160 -0.430037111 0.360182136
1403638225145096960.000000 -2.974201441 -0.519681036 5.072364807 -0.631422400 -0.518407047 -0.434394866 0.379290134
1403638225545096960.000000 -2.974437952 -0.502715886 5.079316139 -0.621500850 -0.522176743 -0.447115153 0.375707656
1403638225945096960.000000 -2.991441965 -0.510078669 4.978634357 -0.630435467 -0.532429993 -0.434074074 0.361454219
1403638226345096960.000000 -3.024974585 -0.492445886 4.956357479 -0.636205494 -0.539922595 -0.422188550 0.354235709
1403638226845096960.000000 -3.019748449 -0.484203070 4.983419418 -0.636168361 -0.539419532 -0.422053874 0.355228007
1403638227345096960.000000 -3.016791105 -0.481437743 5.001925945 -0.636599064 -0.539736509 -0.421431571 0.354713380
1403638227845096960.000000 -3.016318083 -0.480119348 5.011201382 -0.636730671 -0.540028095 -0.421081871 0.354448646
1403638228345096960.000000 -3.016273022 -0.476904184 5.010554314 -0.637006998 -0.539996982 -0.420674771 0.354482889
1403638228845096960.000000 -3.015849590 -0.472075582 5.008678913 0.637255728 0.539994836 0.420397341 -0.354368418
