#Stereo rect[ms], MP culling[ms], MP creation[ms], LBA[ms], KF culling[ms], Total[ms]
9.211546,0.051969,0.601352,0.014400,0.014400,9.890307
9.834147,0.188322,1.970491,0.004896,0.004896,12.003264
10.452491,0.297060,6.981341,0.428006,0.428006,38.407295
10.674798,0.435974,14.068763,0.693642,0.693642,68.626194
11.235350,0.529447,15.001160,0.774794,0.774794,59.633626
11.781629,0.453062,17.606570,1.305681,1.305681,69.139544
11.253590,0.559368,19.780103,1.444371,1.444371,72.939979
11.292150,0.443142,16.117719,1.403027,1.403027,71.330838
11.233430,0.309060,19.999562,1.497332,1.497332,79.235519
12.728169,0.442086,31.373666,50.543169,50.543169,146.521918
13.231792,0.377861,36.420485,1.899097,1.899097,95.002289
14.189181,0.571720,28.947841,1.934074,1.934074,96.227489
14.007035,0.399013,29.543370,2.033915,2.033915,93.315899
12.270787,0.386117,27.548975,2.196029,2.196029,88.053172
13.639061,0.352869,28.035349,2.410944,2.410944,98.404478
11.732157,0.243299,21.850371,2.429376,2.429376,87.283690
15.479534,0.307620,39.879315,2.897639,2.897639,127.760453
16.193944,0.281540,41.692107,3.072297,3.072297,129.686207
16.571933,0.424166,47.280405,3.599312,3.599312,131.999006
17.979471,0.635112,42.816954,3.597040,3.597040,139.434592
18.779674,0.406149,42.629464,3.861300,3.861300,142.324295
13.364114,0.255908,37.258448,5.033955,5.033955,134.995782
11.797245,0.258340,28.750526,4.713599,4.713599,124.306167
13.662070,0.310436,38.943430,5.066052,5.066052,279.925454
13.685974,0.318021,37.843511,4.885153,4.885153,138.938394
18.428469,0.359365,46.233832,5.143813,5.143813,148.706012
18.387605,0.300964,37.532467,4.755936,4.755936,135.708559
13.016973,0.279396,34.501579,4.657758,4.657758,129.874113
19.226944,0.317445,49.088877,5.102372,5.102372,153.338682
13.857400,0.256676,38.201436,5.413544,5.413544,135.772335
19.676549,0.638409,47.665467,4.761919,4.761919,157.552305
18.888315,0.594216,56.126891,4.775008,4.775008,186.125038
18.253715,0.474790,43.342817,6.359093,6.359093,164.684240
16.350617,0.326629,44.173100,5.858766,5.858766,163.176444
7.167711,0.213347,17.953583,6.155441,6.155441,110.239964
6.989342,0.300996,14.964903,6.019920,6.019920,105.762752
12.906764,0.731754,36.187938,6.667416,6.667416,148.135604
11.177268,0.345285,38.566689,4.087383,4.087383,142.820525
14.889063,0.435877,45.569727,6.271187,6.271187,187.399871
15.438446,0.415589,42.801466,6.093393,6.093393,159.722382
11.695836,0.321956,30.284244,8.277806,8.277806,136.719996
11.529881,0.433542,34.046021,5.089923,5.089923,131.349716
11.230934,0.517223,35.972959,7.168192,7.168192,142.843374
10.754703,0.624840,37.048397,5.486345,5.486345,144.241600
13.481556,0.698921,44.722451,5.513898,5.513898,155.835771
13.655926,0.627721,46.530795,5.455880,5.455880,175.542497
14.787909,0.531687,47.185844,6.673880,6.673880,185.165440
14.108668,0.635240,38.431616,4.260856,4.260856,139.466272
15.658737,0.539463,52.494427,5.311943,5.311943,164.205578
8.152332,0.266724,19.689254,6.847804,6.847804,115.067772
13.934265,0.418758,30.158897,5.593834,5.593834,130.627530
14.846885,0.400390,34.013861,6.715833,6.715833,142.304134
14.524737,0.385349,42.142225,6.195250,6.195250,143.960476
16.058805,0.461351,41.730667,3.841267,3.841267,152.720720
16.197464,0.447910,51.234890,4.311449,4.311449,168.609572
8.007531,0.203139,21.813218,7.288353,7.288353,138.350418
10.966898,0.388933,29.713452,8.048075,8.048075,135.452971
10.737903,0.405317,25.812376,4.539516,4.539516,124.203413
11.243894,0.419238,27.405836,5.549705,5.549705,133.218061
15.960341,0.590792,42.180625,5.158692,5.158692,162.421490
15.840723,0.539111,46.635149,5.660043,5.660043,159.138214
12.698697,0.298884,36.814634,4.890273,4.890273,293.898248
12.133538,0.563943,32.976631,6.453398,6.453398,142.242758
12.977229,0.419878,28.060053,5.288902,5.288902,139.211805
13.936186,0.503366,35.147924,7.981386,7.981386,151.710083
8.011530,0.263844,20.695443,4.949794,4.949794,120.660710
8.012747,0.265604,19.234592,7.779816,7.779816,132.487332
9.311740,0.297828,21.918563,6.639544,6.639544,136.716699
11.223733,0.383109,30.038416,4.929282,4.929282,138.656597
12.169442,0.456038,31.837544,7.343490,7.343490,145.987607
11.564570,0.576104,33.874947,4.896610,4.896610,145.323471
9.912612,0.646505,31.425474,7.558629,7.558629,146.211194
14.288479,0.882731,48.956076,5.933615,5.933615,169.923158
14.022075,0.886796,44.318285,6.322964,6.322964,164.458445
13.901209,0.968333,41.248645,5.898542,5.898542,163.976806
7.237120,0.430342,20.487601,6.497398,6.497398,122.327900
12.284803,0.661065,38.110043,7.722759,7.722759,149.293187
10.161128,0.571015,36.941836,8.229902,8.229902,145.705908
9.558751,0.540360,35.553817,7.819080,7.819080,144.915721
9.826691,0.619400,33.675264,6.263987,6.263987,140.202666
10.459947,0.582824,34.024293,6.645208,6.645208,139.607682
12.032544,0.528327,31.514563,6.420502,6.420502,135.013701
12.475910,0.446726,34.362953,8.476529,8.476529,137.271043
12.920332,0.453734,35.367767,5.787757,5.787757,143.897627
12.692713,0.512935,33.600511,7.152159,7.152159,143.819354
13.050477,0.591240,38.427680,5.625195,5.625195,148.557433
11.523162,0.568359,38.065979,5.605579,5.605579,144.362530
12.249475,0.638568,37.109838,5.896495,5.896495,140.658480
11.934783,0.635561,33.998628,8.452081,8.452081,139.948903
10.037862,0.544167,27.134345,5.898735,5.898735,130.765261
11.343479,0.558119,31.173407,6.167346,6.167346,137.177185
11.637819,0.527815,32.641971,6.522423,6.522423,139.018203
14.527041,0.751210,53.868269,6.000496,6.000496,171.116869
14.654595,0.657705,61.938424,6.614744,6.614744,195.668364
12.720330,0.628232,42.699896,9.247963,9.247963,148.149972
16.116151,0.654473,59.174579,6.478134,6.478134,175.212988
15.098089,0.646313,57.956003,5.659468,5.659468,173.164673
14.924039,0.621000,55.098845,4.934978,4.934978,169.793108
14.872326,0.703913,55.172958,5.878126,5.878126,174.601043
12.255683,0.602856,48.613671,5.116516,5.116516,165.556571
15.869076,0.626792,55.912008,6.545399,6.545399,170.283483
13.165487,0.489031,50.890341,9.611104,9.611104,167.128752
12.141441,0.489959,51.798577,7.755591,7.755591,163.712194
15.507439,0.532583,50.872037,5.477417,5.477417,167.599351
8.033482,0.292964,22.403626,6.750330,6.750330,134.145881
10.942545,0.392197,30.295988,8.927351,8.927351,142.044738
10.080166,0.261892,30.119408,8.850357,8.850357,142.810317
9.345117,0.212610,27.780658,7.880553,7.880553,146.223866
9.967652,0.208067,29.673707,5.984239,5.984239,142.900813
10.149095,0.217827,31.772487,5.160837,5.160837,141.256920
11.813021,0.196099,33.714753,7.083294,7.083294,147.563980
11.067891,0.176259,32.243405,6.177170,6.177170,145.762932
10.794512,0.137634,30.344467,5.135108,5.135108,141.890688
12.924460,0.228131,39.217610,8.179981,8.179981,164.809233
13.026861,0.157570,40.489659,7.003549,7.003549,165.485626
13.544085,0.151810,38.167356,8.312207,8.312207,166.469192
14.201341,0.129218,35.212148,8.817173,8.817173,166.444551
14.470689,0.106529,33.007415,6.753786,6.753786,172.921373
15.203338,0.080417,31.214623,5.601323,5.601323,164.145864
15.748210,0.079009,25.211503,7.811816,7.811816,170.182905
16.282840,0.058945,22.857168,8.260942,8.260942,165.043604
17.018498,0.075297,24.164514,9.377309,9.377309,167.652215
17.463304,0.073313,26.152124,9.675073,9.675073,169.390094
15.792178,0.080161,23.501177,7.523044,7.523044,162.845495
18.538775,0.077921,26.569569,8.104332,8.104332,168.343776
18.769498,0.098177,24.411813,8.873110,8.873110,168.063932
19.629094,0.084673,25.703734,6.653945,6.653945,169.137803
20.451760,0.088833,27.015048,10.492588,10.492588,225.975103
21.646560,0.088609,28.027125,9.719234,9.719234,228.148188
21.320828,0.078433,27.327083,10.624397,10.624397,177.244694
23.306262,0.082401,27.632432,10.942258,10.942258,173.087999
24.190370,0.055969,28.046581,11.179253,11.179253,171.860399
24.300259,0.085345,28.273304,11.809245,11.809245,173.791560
25.237168,0.092513,28.758719,11.008851,11.008851,175.413790
25.239632,0.072993,29.208452,11.327031,11.327031,176.552205
25.782007,0.086017,28.849952,11.378743,11.378743,177.873982
26.168476,0.067329,28.364313,10.454699,10.454699,176.451083
26.400095,0.070369,27.782898,11.372600,11.372600,176.368459
34.467050,0.092513,24.303684,11.547994,11.547994,182.282969
23.200116,0.084194,29.203972,12.325540,12.325540,232.542518
10.602957,0.108449,13.691127,12.110721,12.110721,138.038892
12.832715,0.138562,16.115318,8.545394,8.545394,135.742798
14.690627,0.247587,36.434853,11.990784,11.990784,155.599830
20.221165,0.552744,64.418041,10.481900,10.481900,203.296465
17.991503,0.454598,62.137275,11.072979,11.072979,192.796645
19.249344,0.623464,68.498671,12.348996,12.348996,203.797975
19.795399,0.745578,59.598393,11.399287,11.399287,196.540950
14.116476,0.602664,56.554512,10.520620,10.520620,221.504515
12.344037,0.800746,59.046578,11.462041,11.462041,192.540450
18.931804,0.758026,66.273490,12.031360,12.031360,214.891851
17.917295,0.766346,66.459284,10.900849,10.900849,205.513102
17.019395,0.770346,63.841713,10.902833,10.902833,208.121809
12.850123,0.663305,61.226766,8.584530,8.584530,200.935985
16.836672,0.759434,62.599041,10.867344,10.867344,209.298816
12.199331,0.642312,51.860402,11.108820,11.108820,200.603053
17.459912,0.807851,63.637166,10.167687,10.167687,216.742787
17.290470,0.861707,62.581345,11.326390,11.326390,220.083279
17.412519,0.875724,63.499309,9.378205,9.378205,220.087568
12.003391,0.607913,47.854172,10.068710,10.068710,209.158782
10.702575,0.600200,45.649119,11.295414,11.295414,205.470350
16.767871,0.716042,62.439550,12.303939,12.303939,235.460924
16.779679,0.832395,58.873775,11.512089,11.512089,229.948114
17.055971,0.742889,58.790414,13.364594,13.364594,241.105991
16.978594,0.817323,61.013931,14.802693,14.802693,245.150717
17.266725,0.759659,56.697234,9.924484,9.924484,239.184077
17.737164,0.854507,62.163579,11.685563,11.685563,262.547428
16.907777,0.761066,57.572574,10.897681,10.897681,258.513359
11.489305,0.655240,33.774082,12.035616,12.035616,217.890098
12.012991,0.641769,42.775513,10.887921,10.887921,234.370445
17.332327,0.874955,54.473621,12.080384,12.080384,262.610821
11.945183,0.672361,33.131800,12.168737,12.168737,217.548941
9.010104,0.500807,26.298397,10.555213,10.555213,207.181348
18.431925,0.709801,54.039759,10.766607,10.766607,262.542436
17.773197,0.776906,49.449970,10.283496,10.283496,253.320778
17.786605,0.710569,50.776548,12.082209,12.082209,265.820144
17.946703,0.709545,50.091834,11.871038,11.871038,264.504254
10.547852,0.490566,29.716748,12.011392,12.011392,216.832068
18.511990,0.700905,57.006454,10.629261,10.629261,263.203660
18.772186,0.775466,56.247724,8.848405,8.848405,259.322937
18.555479,0.714153,57.038391,13.886809,13.886809,263.126668
18.632471,0.622473,58.023748,9.547935,9.547935,273.061840
17.997391,0.781642,57.168665,11.389784,11.389784,274.055869
18.008463,0.810187,60.466756,10.865105,10.865105,271.334777
19.409186,0.921420,56.188619,11.241173,11.241173,263.964406
19.337313,0.821995,59.206995,11.382232,11.382232,271.636957
12.685096,0.738410,44.578705,13.576853,13.576853,258.128297
12.917100,0.685577,43.766982,15.070825,15.070825,256.470067
19.372289,0.802827,57.427036,14.333598,14.333598,279.896554
19.647045,0.805419,58.095333,13.968537,13.968537,269.512032
19.412003,0.811274,59.759803,12.767978,12.767978,275.142828
13.265809,0.771530,46.191078,12.532486,12.532486,266.928190
20.164876,0.871372,47.798940,15.985141,15.985141,254.129972
16.899425,0.645512,40.727934,14.943495,14.943495,251.046283
15.271051,0.638184,45.472925,14.871302,14.871302,259.726814
21.685377,0.726025,57.957827,15.544175,15.544175,276.888067
10.780239,0.502727,27.527982,15.821330,15.821330,226.707303
10.990354,0.497959,27.296587,15.193866,15.193866,224.369064
17.940590,0.595400,44.347278,16.818527,16.818527,275.695250
21.526334,0.688489,57.236985,12.905355,12.905355,280.301711
22.553804,0.711786,60.499972,15.706673,15.706673,280.550451
23.202357,0.705609,61.594067,16.117238,16.117238,293.845028
24.321156,0.687209,61.504882,17.109667,17.109667,284.182275
16.142711,0.596392,48.368579,14.166909,14.166909,280.313264
23.955647,0.610152,51.185353,15.781074,15.781074,284.235044
24.647880,0.508710,43.682213,17.713739,17.713739,279.188576
23.270486,0.590856,59.089809,20.251277,20.251277,283.794910
12.765578,0.411910,33.264986,15.004232,15.004232,236.679116
23.059730,0.618729,58.953263,16.818784,16.818784,283.159125
24.898219,0.556392,61.341903,16.185335,16.185335,287.724018
24.248386,0.659369,65.758187,15.781714,15.781714,294.879889
16.393882,0.459078,39.519246,16.577468,16.577468,253.359561
22.374634,0.805226,58.931664,18.684729,18.684729,283.496122
21.349692,0.586888,46.736749,17.247686,17.247686,285.211537
23.119219,0.869516,58.548618,14.907494,14.907494,280.533298
21.924355,0.730282,59.244244,20.341903,20.341903,283.451865
21.326428,0.722313,56.420271,15.971605,15.971605,283.557563
20.994999,0.892876,58.968432,20.952631,20.952631,285.320498
16.656477,0.710697,41.729451,20.475248,20.475248,278.216403
19.733415,0.947564,56.665298,19.493763,19.493763,278.022513
13.477555,0.664649,41.622729,13.807671,13.807671,254.988894
10.560652,0.576392,28.541563,20.380207,20.380207,237.622775
19.560868,0.863020,61.231822,19.555044,19.555044,287.419310
20.116844,0.887660,59.350933,17.976975,17.976975,284.028801
19.709350,0.760618,58.351592,12.940044,12.940044,278.764986
19.858280,0.816459,58.382344,16.522044,16.522044,276.325882
10.864976,0.692202,36.052927,13.641237,13.641237,236.180388
20.256461,0.879724,59.992798,16.386457,16.386457,280.809525
20.660371,0.843627,62.942853,16.254456,16.254456,287.473518
20.572977,0.869836,57.213240,13.184271,13.184271,281.356604
20.548817,0.854828,55.920743,16.611421,16.611421,273.259985
20.785524,0.825131,59.084082,14.977159,14.977159,274.629635
20.592114,0.711913,60.068479,17.400935,17.400935,280.573202
9.741090,0.508935,28.968577,10.254536,10.254536,227.810421
17.886702,0.687849,51.385035,18.465525,18.465525,267.949706
16.816960,0.749738,52.921343,15.101352,15.101352,274.203325
17.909774,0.850059,57.569533,17.515529,17.515529,273.895833
12.043264,0.514407,44.767891,17.266853,17.266853,266.136978
17.261189,0.789739,58.725772,13.597525,13.597525,266.684121
17.551145,0.757835,55.453633,13.044718,13.044718,269.182459
17.262726,0.649352,55.069117,14.333118,14.333118,264.469724
11.308150,0.405574,30.243474,16.475995,16.475995,224.264325
14.684323,0.564807,39.884659,10.933265,10.933265,234.871890
11.482745,0.537959,46.209702,15.640880,15.640880,244.967929
17.682699,0.636905,55.261214,15.602703,15.602703,264.026550
12.374340,0.545864,44.301133,14.869029,14.869029,250.595523
14.769156,0.462854,38.217309,14.826309,14.826309,235.276376
15.127401,0.546184,42.652823,8.358415,8.358415,231.366372
16.782143,0.547943,48.237793,14.520673,14.520673,263.189034
10.291081,0.455654,31.507715,14.450528,14.450528,221.398687
9.305436,0.415013,28.911713,14.230749,14.230749,202.947370
8.177325,0.421670,25.865239,15.346220,15.346220,205.911858
15.112649,0.719977,55.590211,11.390264,11.390264,242.982686
14.578306,0.837835,56.310988,13.541460,13.541460,260.432646
14.951815,0.810795,55.663620,7.624773,7.624773,250.476930
10.354730,0.642153,38.238684,13.147887,13.147887,221.739748
14.277886,0.768394,50.218203,13.059021,13.059021,228.736608
13.566324,0.758506,47.769723,12.691337,12.691337,225.012719
13.110446,0.882444,47.421591,11.789116,11.789116,224.489256
9.523838,0.783307,36.930507,12.409029,12.409029,209.597634
9.774818,0.814891,43.562467,12.621672,12.621672,216.796994
14.392287,0.989325,51.157448,10.459179,10.459179,221.611682
14.946087,0.777194,53.011233,12.173762,12.173762,239.392590
15.464173,0.763754,51.977555,12.693737,12.693737,240.894530
16.091254,0.896396,52.972032,11.791677,11.791677,228.153881
16.395290,0.632040,54.223249,11.810045,11.810045,240.369115
16.247480,0.759434,56.461614,12.994221,12.994221,259.070227
15.961780,0.867564,55.198878,13.016269,13.016269,230.076690
16.666174,0.814539,56.387277,10.719151,10.719151,230.927326
17.427815,0.833355,56.933013,11.174037,11.174037,232.474034
18.147826,0.776490,56.141130,10.150567,10.150567,229.680685
12.385189,0.635240,44.843540,10.555084,10.555084,216.834658
18.098033,0.784298,49.037548,14.323199,14.323199,233.133915
9.925348,0.532999,30.389524,15.161609,15.161609,208.071725
9.976037,0.503239,29.484680,10.651469,10.651469,209.085339
19.285729,0.639592,50.611553,16.762302,16.762302,238.441090
18.700377,0.640488,60.573062,14.225149,14.225149,267.960778
12.691113,0.625768,40.777694,14.677955,14.677955,220.222543
10.090311,0.612680,32.561584,11.720923,11.720923,214.280737
10.058342,0.526215,32.217260,18.410773,18.410773,216.093688
9.688576,0.531015,32.045450,10.133222,10.133222,206.884029
10.198728,0.516167,29.845677,16.984674,16.984674,210.406925
15.392556,0.530312,47.124402,12.578535,12.578535,237.438484
16.975329,0.676361,47.022961,13.120559,13.120559,240.174168
18.591639,0.761514,47.891549,13.715927,13.715927,254.721242
11.587003,0.647304,38.062458,13.325073,13.325073,227.580529
19.537700,0.814347,61.714260,17.387207,17.387207,266.156466
11.244501,0.545031,35.959486,13.418834,13.418834,224.929197
15.110472,0.522887,44.311917,14.376191,14.376191,238.650851
20.266414,0.654088,59.883740,13.036557,13.036557,265.440424
11.858077,0.578088,33.701984,15.881459,15.881459,221.615649
10.888081,0.531943,30.760921,13.844664,13.844664,223.641820
17.095524,0.608232,44.898740,16.139030,16.139030,266.344404
10.856496,0.515143,31.807847,14.399679,14.399679,217.755054
10.557644,0.487815,30.878266,13.503667,13.503667,223.953600
14.286941,0.666249,39.852242,17.765292,17.765292,237.297233
15.439502,0.715369,46.001283,13.248336,13.248336,241.857455
11.123156,0.583624,39.301546,16.672574,16.672574,238.781894
17.727372,0.776170,59.629625,14.426367,14.426367,277.278565
8.753460,0.496839,31.170430,19.226111,19.226111,228.862593
9.066360,0.457190,31.739910,15.287851,15.287851,228.293658
17.441480,0.638857,68.141289,14.848294,14.848294,282.340009
9.403645,0.630089,33.558430,12.101409,12.101409,230.080402
11.898334,0.640936,43.220255,16.544124,16.544124,244.785109
12.898508,0.663720,41.909869,20.505072,20.505072,249.371922
17.498377,0.804395,66.314001,20.542001,20.542001,283.468503
14.618018,0.613096,46.711405,20.913494,20.913494,280.432367
18.192210,0.899148,64.118740,22.197383,22.197383,290.214705
18.526102,0.702666,65.292451,15.362028,15.362028,284.609991
19.201087,0.689226,64.246645,16.884384,16.884384,289.930381
19.880105,0.649768,66.907289,16.564124,16.564124,292.020105
19.718438,0.660169,64.651547,20.976214,20.976214,287.699183
10.169351,0.510503,34.042756,15.984436,15.984436,242.256019
13.143855,0.621960,42.050159,19.523683,19.523683,255.469955
17.541706,0.763050,57.866305,22.287656,22.287656,292.109194
17.298438,0.834315,54.227472,17.244165,17.244165,283.332021
13.250576,0.637032,32.443759,18.801370,18.801370,253.630794
10.227975,0.695114,32.763539,20.178636,20.178636,248.597895
15.316268,0.976397,62.082841,20.193004,20.193004,295.952093
10.668206,0.711113,47.382838,16.359353,16.359353,286.504959
14.308862,0.554823,45.808673,16.493243,16.493243,276.153941
14.314270,0.676841,58.007331,20.835221,20.835221,291.964839
13.043502,0.606536,39.038118,14.834693,14.834693,266.341171
12.092257,0.659048,41.269893,22.451178,22.451178,269.715552
7.957737,0.452006,28.983009,21.552190,21.552190,250.565985
12.408229,0.838379,44.456751,18.574327,18.574327,276.308952
13.976474,0.883500,48.595750,17.511720,17.511720,277.991790
15.966420,1.058190,61.948759,15.000455,15.000455,294.691339
14.230621,0.683433,47.190483,14.103195,14.103195,283.382325
10.643661,0.645001,49.034507,19.990282,19.990282,279.456865
17.716203,0.766378,67.608963,20.906902,20.906902,306.634858
17.263237,0.812843,67.614019,20.893046,20.893046,309.459536
10.797648,0.628168,48.887690,20.103787,20.103787,281.404827
17.674507,0.783531,64.099667,18.708760,18.708760,307.973116
17.810829,0.737802,59.121329,14.684163,14.684163,301.497574
17.365831,0.673065,58.236101,15.165193,15.165193,298.888067
12.647400,0.552552,47.076817,23.324918,23.324918,284.821417
15.500654,0.524391,44.945877,19.738023,19.738023,276.087221
9.069945,0.471622,30.183249,23.308726,23.308726,249.844408
16.881952,0.639849,52.649595,23.147027,23.147027,288.289590
16.384697,0.639721,46.787438,23.070962,23.070962,284.159295
8.558577,0.513799,29.537801,19.565444,19.565444,238.926150
17.652747,0.633000,62.606048,20.809013,20.809013,285.298479
9.289756,0.498150,29.476904,20.298125,20.298125,220.072716
12.783593,0.536936,43.724357,17.428391,17.428391,247.670170
20.161484,0.612008,61.808277,22.721934,22.721934,282.833518
19.658757,0.559240,56.751794,25.315889,25.315889,269.953443
13.587956,0.459078,50.050617,24.824106,24.824106,260.368611
20.925270,0.603336,60.507620,28.308377,28.308377,294.358215
17.230821,0.541447,48.748744,25.329296,25.329296,264.065236
14.330654,0.563048,49.958327,37.291759,37.291759,272.033470
23.874909,0.655593,61.314895,28.585820,28.585820,312.198516
25.056621,0.452998,61.848214,31.792519,31.792519,312.764284
14.593058,0.310596,41.717035,26.721891,26.721891,263.620783
14.411199,0.347365,54.653046,25.287888,25.287888,275.687375
24.081888,0.595176,70.440168,31.798599,31.798599,308.818887
24.031871,0.488358,68.544879,27.645007,27.645007,315.814851
23.908958,0.484486,58.945424,30.518422,30.518422,300.950303
18.371444,0.436870,52.338744,30.044015,30.044015,291.656931
23.004817,0.550887,67.653955,35.788380,35.788380,322.027830
24.159297,0.596520,73.278669,33.997571,33.997571,332.667267
23.254069,0.577543,56.991606,29.568105,29.568105,312.323669
23.133235,0.577384,57.567292,32.253997,32.253997,313.835369
14.848070,0.485510,49.950712,30.789337,30.789337,295.835034
14.925319,0.486054,47.573080,24.551334,24.551334,298.689248
15.263435,0.415814,48.418627,30.279283,30.279283,295.321780
15.326987,0.381349,47.401590,27.273579,27.273579,297.322670
24.764809,0.612840,69.443739,27.175753,27.175753,350.441808
23.628441,0.610985,65.130017,22.521259,22.521259,347.068354
15.566703,0.503174,46.198118,23.887357,23.887357,311.092260
19.558308,0.522823,63.077830,34.781294,34.781294,337.465795
16.912609,0.537063,66.090638,30.525334,30.525334,349.300320
15.910996,0.513286,61.964472,28.535035,28.535035,338.104396
16.094389,0.538312,62.210298,37.090860,37.090860,346.191286
16.507579,0.472007,52.007891,29.929614,29.929614,316.982227
24.066144,0.726698,63.467307,27.554638,27.554638,346.253432
24.124449,0.757930,74.671584,25.686069,25.686069,363.306074
17.600553,0.622729,65.034655,27.916883,27.916883,330.474693
24.457765,0.795914,71.521622,32.133899,32.133899,364.077348
19.911336,0.616040,54.007598,31.196030,31.196030,322.095190
25.033196,0.790219,75.974193,23.675387,23.675387,346.578940
24.375460,0.791466,70.118948,28.773599,28.773599,332.957831
25.352273,0.774666,76.522745,29.927757,29.927757,363.997091
25.907448,0.835243,69.983234,30.464725,30.464725,334.026837
18.594167,0.588615,65.451942,29.817900,29.817900,324.113681
29.322054,0.772170,73.607890,34.652268,34.652268,377.483862
31.202623,0.691017,71.528054,32.919765,32.919765,348.029359
30.060687,0.684137,72.264416,40.014355,40.014355,357.424331
30.255442,0.592616,68.059912,33.230521,33.230521,346.756414
20.611346,0.460102,56.383277,34.713037,34.713037,322.697727
31.653220,0.580232,69.990082,31.184926,31.184926,383.582855
33.408220,0.549991,80.857074,36.769320,36.769320,372.396242
33.444604,0.571080,89.770408,32.906229,32.906229,393.991825
20.557585,0.631560,65.881195,46.339816,46.339816,359.731530
34.126854,0.411525,66.829720,40.392472,40.392472,365.477334
22.245959,0.429702,65.906411,42.136719,42.136719,360.259632
19.256736,0.320228,59.527255,42.410259,42.410259,354.244705
20.004682,0.364485,71.678648,40.923455,40.923455,370.888478
34.972305,0.485062,94.959405,36.040926,36.040926,410.573549
35.418999,0.439206,81.023092,47.523639,47.523639,412.419878
21.610943,0.392613,62.726817,40.612092,40.612092,372.326545
21.811842,0.360357,68.397260,42.393523,42.393523,404.870657
30.251826,0.471142,78.744246,42.428499,42.428499,414.121468
32.459407,0.551463,80.370347,44.718514,44.718514,425.196431
33.026326,0.616489,79.542432,38.477119,38.477119,424.552326
22.766639,0.382501,52.263798,42.004462,42.004462,374.667952
33.996643,0.497607,92.112839,39.159400,39.159400,431.652100
33.715424,0.497607,73.510416,42.191824,42.191824,421.051096
21.824994,0.401221,61.738100,33.311994,33.311994,398.167784
33.115319,0.591464,89.615302,41.329605,41.329605,425.021420
33.059383,0.519527,85.785652,41.488615,41.488615,433.414012
20.341358,0.432230,62.010072,37.613907,37.613907,383.516549
31.081629,0.535175,87.557867,45.294553,45.294553,448.030078
19.622565,0.441221,66.366194,46.010275,46.010275,394.763994
23.135156,0.410629,63.317417,38.036377,38.036377,422.357097
17.451688,0.375653,47.942204,39.520557,39.520557,356.283355
17.443175,0.347525,46.324487,36.572102,36.572102,355.899094
18.498294,0.339172,43.706020,42.105967,42.105967,359.916875
22.656524,0.345701,56.949716,42.477972,42.477972,373.911333
28.839583,0.420902,70.481352,40.040916,40.040916,410.384266
22.318248,0.465382,58.314150,41.398534,41.398534,391.631504
16.418714,0.453606,56.935764,39.656526,39.656526,392.211640
18.584695,0.417765,61.733588,41.871276,41.871276,378.576451
25.943864,0.518663,70.824749,43.936168,43.936168,389.937498
24.253634,0.455430,67.957543,29.327366,29.327366,382.985022
16.063573,0.278404,46.249702,40.276823,40.276823,338.006888
12.919820,0.285028,34.505514,39.348011,39.348011,318.075200
15.874195,0.244099,45.687839,27.714096,27.714096,320.425055
22.793038,0.256484,56.582063,34.029923,34.029923,333.076998
11.795420,0.173987,29.621801,39.232009,39.232009,307.127886
15.804306,0.176546,38.563072,32.375406,32.375406,299.097668
15.827794,0.190434,38.164443,38.604897,38.604897,297.792402
15.879282,0.231747,37.606484,26.816004,26.816004,289.491043
22.863440,0.227491,54.782263,38.564288,38.564288,315.025111
