1403636586463555584.000000 -1.598808169 0.629075408 0.822961569 -0.676794350 -0.603511631 -0.298277467 0.297915608
1403636589313555456.000000 -1.534988999 0.641854048 0.840844750 -0.675881743 -0.607725322 -0.284704924 0.304625809
1403636590113555456.000000 -1.862189651 0.615883946 0.828697622 -0.651258290 -0.634252012 -0.262502462 0.323542148
1403636592813555456.000000 -1.429247975 0.884371638 0.795922279 -0.660354495 -0.598201096 -0.310359597 0.331306994
1403636594813555456.000000 -1.326972842 0.756793559 0.766803622 -0.714094222 -0.528721750 -0.349511176 0.297261983
1403636596113555456.000000 -1.473504543 0.564079762 0.726317883 -0.672832906 -0.598997593 -0.309200525 0.304783165
1403636596513555456.000000 -1.558743715 0.418936849 0.760341048 -0.681796372 -0.580696046 -0.323581100 0.305354089
1403636596613555456.000000 -1.593974352 0.389727712 0.769809186 -0.677626729 -0.583963096 -0.326124787 0.305698901
1403636597063555584.000000 -1.605265975 0.467039138 0.766025126 -0.669386089 -0.594492912 -0.331420749 0.297759563
1403636598413555456.000000 -1.627397776 0.618536115 0.723379612 -0.591988325 -0.687711298 -0.267648786 0.323986322
1403636600463555584.000000 -1.554555655 0.843733788 0.538820505 -0.525198936 -0.600089073 -0.364838004 0.480575264
1403636602963555584.000000 -1.554540157 0.844259381 0.538578570 -0.525370419 -0.599909186 -0.364924312 0.480546772
1403636605463555584.000000 -1.554477930 0.844053566 0.538612604 -0.525387049 -0.599867046 -0.364912063 0.480590403
1403636607963555584.000000 -1.554540277 0.844059587 0.538638949 -0.525277793 -0.599962175 -0.365110040 0.480440795
1403636610463555584.000000 -1.554581523 0.844106734 0.538512588 -0.525480330 -0.599782586 -0.364935696 0.480576068
1403636612963555584.000000 -1.554087758 0.844178259 0.538581431 -0.525126159 -0.600001514 -0.365443975 0.480303496
1403636615463555584.000000 -1.554034472 0.844164968 0.538395345 -0.525182962 -0.599832118 -0.365417093 0.480473310
1403636617963555584.000000 -1.553982496 0.844175041 0.538457394 -0.525309801 -0.599735737 -0.365215391 0.480608463
1403636620463555584.000000 -1.554061532 0.844183385 0.538402677 -0.525104880 -0.599812984 -0.365556657 0.480476350
1403636622963555584.000000 -1.553827405 0.844228327 0.538264811 -0.525655985 -0.599094689 -0.365148008 0.481080413
1403636625763555584.000000 -1.470982552 0.787728786 0.649785042 -0.530744016 -0.633583605 -0.363573372 0.429763794
1403636627963555584.000000 -1.347104788 0.814670205 0.910228252 -0.561074555 -0.618200243 -0.367314965 0.410004288
1403636629263555584.000000 -1.096883416 0.956723750 1.046745300 -0.590325892 -0.578171015 -0.397626877 0.398906648
1403636632113555456.000000 -0.020299975 1.918595076 0.939566672 -0.648624241 -0.498534113 -0.459781587 0.345472455
1403636635063555584.000000 0.648475587 3.615454674 0.800323308 -0.573282838 -0.588638902 -0.400494993 0.405530185
1403636635513555456.000000 0.741050303 3.925339699 0.791696966 -0.577815473 -0.591318607 -0.382520616 0.412491918
1403636638063555584.000000 1.215049982 5.470410824 1.142823577 -0.561219335 -0.593115926 -0.395676821 0.420340747
1403636638513555456.000000 1.219052911 5.676976204 1.079969883 -0.581647515 -0.597974122 -0.363792539 0.414449275
1403636641263555584.000000 1.807026982 7.271224022 0.920053303 -0.530535936 -0.617250383 -0.380501837 0.439035326
1403636642863555584.000000 2.045372248 7.639307022 0.869856238 -0.579710901 -0.585837185 -0.393624395 0.407173187
1403636643363555584.000000 2.117614746 7.721914291 0.869402826 -0.575956643 -0.580875576 -0.397705108 0.415557802
1403636643763555584.000000 2.189834595 7.814735413 0.908491731 -0.582724512 -0.593966007 -0.382164448 0.401978821
1403636644013555456.000000 2.240081787 7.904004097 0.944378197 -0.584585547 -0.600393951 -0.377538294 0.394019812
1403636646463555584.000000 3.109027624 9.574131966 0.683137894 -0.634951830 -0.500063181 -0.440695465 0.390590042
1403636648663555584.000000 4.231755733 10.443050385 0.737808943 -0.735971928 -0.341638744 -0.521816850 0.263316333
1403636648863555584.000000 4.328227997 10.431719780 0.719300628 -0.753185332 -0.332206190 -0.513662994 0.241870403
1403636651713555456.000000 5.152919769 9.909076691 1.107406020 -0.781541705 -0.205322862 -0.566824198 0.160453662
1403636654163555584.000000 5.251413345 8.701037407 0.997983813 -0.807969093 -0.040233564 -0.586468220 0.040277280
1403636654363555584.000000 5.232814789 8.618852615 0.991188705 -0.810132563 -0.022344124 -0.585349560 0.023492809
1403636654813555456.000000 5.164833546 8.438947678 1.048440695 0.819103777 -0.041434098 0.571744323 0.021461507
1403636655263555584.000000 5.096298695 8.284303665 1.024433851 0.803113461 -0.058397859 0.592011750 0.033477161
1403636655613555456.000000 4.992781162 8.170407295 0.996972919 0.804196417 -0.092245981 0.585089564 0.049283933
1403636655963555584.000000 4.846744537 8.047492027 0.924941599 0.810099483 -0.146757469 0.562855840 0.073446147
1403636656313555456.000000 4.703466415 7.896049976 0.877412558 0.806858003 -0.175932258 0.554598987 0.102216363
1403636656613555456.000000 4.602604866 7.748515606 0.922067106 0.806819201 -0.174777582 0.554204166 0.106552392
1403636658313555456.000000 3.832467318 6.802578926 0.802815259 0.806945980 -0.177338690 0.553116977 0.107008807
1403636658463555584.000000 3.761308908 6.686436176 0.790432990 0.808606803 -0.174707904 0.550122201 0.114008017
1403636658663555584.000000 3.678712845 6.535445690 0.765109122 0.809760869 -0.167636663 0.548020542 0.125931650
1403636659013555456.000000 3.571181774 6.307666302 0.696986318 0.798503160 -0.166213363 0.563840389 0.129806310
1403636659563555584.000000 3.413429260 6.053788185 0.565201581 0.801983893 -0.170333460 0.559085369 0.123417936
1403636659863555584.000000 3.335616112 5.953843117 0.507190108 0.797045887 -0.171447188 0.564621389 0.128555149
1403636660063555584.000000 3.286621571 5.903205395 0.441306949 0.804834008 -0.175481632 0.552239537 0.128374949
1403636660213555456.000000 3.255678892 5.871125698 0.383525074 0.809268534 -0.177001908 0.545270264 0.128199309
1403636661913555456.000000 3.415780067 5.952589989 -0.107824236 0.788501620 -0.180817753 0.576560616 0.114665426
1403636662363555584.000000 3.378435612 6.084423065 -0.059794698 0.794875681 -0.169583082 0.567551196 0.131529093
1403636662813555456.000000 3.323832512 6.241691113 -0.101943322 0.798890948 -0.194887236 0.559444249 0.103991844
1403636665013555456.000000 4.110972881 6.754549980 -0.505671024 0.803925931 -0.145069003 0.566442132 0.108634800
1403636665313555456.000000 4.274297237 6.934989929 -0.478039593 0.806334436 -0.151492268 0.564243317 0.092219919
1403636665613555456.000000 4.435346603 7.100068092 -0.438867599 0.809310973 -0.139836133 0.559314013 0.112380810
1403636668313555456.000000 5.457552433 8.321569443 -0.413987130 0.813831449 -0.150200099 0.551626205 0.104051739
1403636669163555584.000000 5.867338181 8.619325638 -0.554589987 0.796784103 -0.152826592 0.571804583 0.121731468
1403636669363555584.000000 5.956633568 8.732485771 -0.567844212 0.795642555 -0.155309394 0.572931767 0.120752737
1403636669813555456.000000 6.112518787 9.028862000 -0.631241143 0.777509212 -0.155871257 0.598552108 0.113661893
1403636670113555456.000000 6.134182453 9.238524437 -0.623076797 0.784800112 -0.186207131 0.587894380 0.061610997
1403636670413555456.000000 6.076575756 9.367241859 -0.591422260 0.774931073 -0.187716842 0.603148520 0.021358470
1403636670613555456.000000 5.983382225 9.383641243 -0.575330973 0.781830728 -0.167073116 0.600640833 -0.007612945
1403636673113555456.000000 4.499959469 7.071230412 -0.046062436 -0.815095901 -0.153759867 -0.552332699 0.083097324
1403636673813555456.000000 4.629736900 7.114947796 -0.042113028 -0.803377151 -0.189086229 -0.554622591 0.105949253
1403636676713555456.000000 5.770054340 8.887156487 -0.541447282 -0.712491632 -0.414031386 -0.494676441 0.276095808
1403636677663555584.000000 5.962784290 9.683070183 -0.637089372 -0.660160720 -0.450559586 -0.497343570 0.337392062
1403636680263555584.000000 5.857745647 10.472456932 -0.345201433 -0.369643241 -0.712358296 -0.316845149 0.505488634
1403636681563555584.000000 5.272812366 9.895028114 -0.298898786 -0.401543945 -0.705964506 -0.293008327 0.504502535
1403636684113555456.000000 3.898519754 8.394448280 -0.258243084 -0.398229748 -0.713065624 -0.277768105 0.505762279
1403636685063555584.000000 3.526793718 7.788506031 -0.232379094 -0.385954887 -0.712253630 -0.284383863 0.512698174
1403636687713555456.000000 2.718156338 6.127292633 -0.274138838 -0.398171544 -0.707206786 -0.275879830 0.514983773
1403636689163555584.000000 2.419153452 5.398842335 -0.638482451 -0.379485786 -0.729719281 -0.260720402 0.505495071
1403636689313555456.000000 2.367571831 5.326433182 -0.635283113 -0.376313388 -0.733871818 -0.252555877 0.506000042
1403636689513555456.000000 2.296062231 5.243556499 -0.601924539 -0.372136354 -0.736096442 -0.248445749 0.507889032
1403636690363555584.000000 2.021973610 5.127365112 -0.451051414 -0.384106040 -0.737704873 -0.241441801 0.499960005
1403636690513555456.000000 1.977621198 5.157420158 -0.421008110 -0.385677099 -0.734463394 -0.240022644 0.504188418
1403636690663555584.000000 1.933222175 5.197915554 -0.402347773 -0.392970145 -0.727778554 -0.229989141 0.512852728
1403636690813555456.000000 1.894662738 5.250346184 -0.407511920 -0.403457791 -0.713491738 -0.214531526 0.531156838
1403636693413555456.000000 3.193230867 5.836796761 0.233996138 -0.370121866 -0.744004607 -0.249375254 0.497271508
1403636694613555456.000000 3.267982960 6.102223873 0.331700176 -0.363549113 -0.734381318 -0.250519693 0.515515327
1403636695513555456.000000 3.313549042 6.331265926 0.306083113 -0.369226277 -0.727598608 -0.261343926 0.515724301
1403636698263555584.000000 3.080926418 6.177839279 0.327980280 -0.453325272 -0.681668758 -0.320683628 0.476430506
1403636701213555456.000000 2.741411448 5.491982460 -0.163888738 -0.738249063 -0.378363848 -0.490374893 0.267136008
1403636703913555456.000000 3.642695665 5.419086933 -0.565743864 -0.762539387 -0.295713693 -0.530944705 0.221776396
1403636705013555456.000000 4.134459496 5.545596123 -0.683347404 -0.780437768 -0.323055595 -0.495568216 0.202395752
1403636705263555584.000000 4.286658287 5.654195309 -0.728579521 -0.763073325 -0.321393400 -0.520067692 0.209654614
1403636705813555456.000000 4.619242191 5.982736588 -0.799082696 -0.764084518 -0.317128539 -0.519471467 0.213901386
1403636706063555584.000000 4.772960663 6.155600548 -0.825758994 -0.760341823 -0.300420374 -0.523024738 0.240983635
1403636706813555456.000000 5.228824139 6.596165180 -0.901199579 -0.760600686 -0.325930119 -0.520442009 0.210704014
1403636707063555584.000000 5.366152287 6.765275478 -0.884614944 -0.760957778 -0.320510685 -0.523906648 0.209136263
1403636707363555584.000000 5.521243095 6.987917423 -0.850571811 -0.763476789 -0.314237177 -0.526589632 0.202636763
1403636709913555456.000000 6.702644825 8.883331299 -0.969635665 -0.757377028 -0.309637815 -0.539382815 0.198923394
1403636712713555456.000000 6.055118084 10.147818565 -0.907365561 -0.671183228 -0.429580480 -0.511818588 0.320960015
1403636715663555584.000000 4.631382465 9.058733940 -0.359860212 -0.628666639 -0.522090554 -0.421670824 0.392929256
1403636717863555584.000000 4.371479988 8.134139061 -0.348062515 -0.542388499 -0.608763933 -0.402872145 0.415830851
1403636720463555584.000000 3.447443724 6.878469944 -0.598679960 -0.475953221 -0.665423095 -0.320521444 0.477437586
1403636723263555584.000000 3.418006182 5.907135963 -0.653608799 -0.554474235 -0.597204447 -0.390542895 0.428230554
1403636726163555584.000000 3.142297268 5.017398357 -0.329323292 -0.639699638 -0.509745538 -0.444538057 0.365143687
1403636729113555456.000000 2.783535004 4.252934933 0.241945446 -0.586002827 -0.558030427 -0.430181801 0.400182873
1403636731913555456.000000 2.107843637 3.364557028 0.284759194 -0.591711879 -0.561519861 -0.409389317 0.408623159
1403636734713555456.000000 1.556114197 2.301378489 0.438298017 -0.583845913 -0.579049945 -0.402225912 0.402541190
1403636737463555584.000000 0.799081147 1.683037996 0.638685703 -0.545423806 -0.610924304 -0.378023475 0.431720555
1403636740063555584.000000 0.805411577 1.570474625 0.663912296 -0.706914008 -0.412623286 -0.488968641 0.301536709
1403636742613555456.000000 1.109652281 1.504961848 -0.069374993 -0.702563643 -0.421547085 -0.486666977 0.303080499
1403636743413555456.000000 1.209211230 1.588521004 -0.269473940 -0.732318163 -0.415633589 -0.460052937 0.281620473
1403636746213555456.000000 1.876561046 2.146755457 -1.236884832 -0.719482720 -0.370792508 -0.530403137 0.252051860
1403636748963555584.000000 1.636029840 2.678154945 -0.675566435 -0.741230667 -0.338664591 -0.511330605 0.272808343
1403636750913555456.000000 1.611743927 2.644721508 -0.158072114 -0.724645913 -0.372961819 -0.516077280 0.263537705
1403636751313555456.000000 1.521898150 2.604222298 0.053245768 -0.734905660 -0.375233740 -0.503722310 0.255689770
1403636752113555456.000000 1.430555105 2.580178738 0.361448497 -0.732593358 -0.387773395 -0.490076512 0.269747555
1403636752413555456.000000 1.446237445 2.597838640 0.465431422 -0.706596196 -0.401780665 -0.501915038 0.295593560
1403636755313555456.000000 0.794247091 2.310436249 0.726998746 -0.525899887 -0.622942090 -0.381386936 0.435794055
1403636757063555584.000000 -0.227457896 1.661352038 0.849828541 -0.524431467 -0.618225694 -0.379498869 0.445813000
1403636757313555456.000000 -0.373555899 1.533151865 0.862588227 -0.522953629 -0.620327532 -0.380477369 0.443790644
1403636757563555584.000000 -0.519533992 1.394505143 0.850616336 -0.521391332 -0.630543590 -0.375356525 0.435515225
1403636757813555456.000000 -0.677891314 1.261812925 0.870918095 -0.520403028 -0.651420772 -0.351506054 0.425764322
1403636758063555584.000000 -0.848389089 1.167332172 0.944175482 -0.510281444 -0.648118317 -0.350882292 0.443212330
1403636758313555456.000000 -1.017152548 1.089041471 0.993602455 -0.502841651 -0.638443112 -0.356502831 0.460919231
1403636758563555584.000000 -1.176094532 1.005546808 0.990491509 -0.526432514 -0.647205889 -0.322174013 0.447434008
1403636759063555584.000000 -1.421322465 0.945273399 0.955342054 -0.510230303 -0.634426355 -0.349556595 0.463657677
1403636759363555584.000000 -1.516086102 0.922552109 0.898488462 -0.522747695 -0.620165586 -0.328644246 0.483862132
1403636759613555456.000000 -1.538400292 0.902969480 0.830257535 -0.505011082 -0.634809732 -0.352610111 0.466526091
1403636759913555456.000000 -1.545286417 0.865086973 0.797753215 -0.503115952 -0.640461028 -0.353111058 0.460430980
1403636760163555584.000000 -1.548779130 0.828166544 0.772965729 -0.512614071 -0.649537981 -0.340915620 0.446210444
1403636760663555584.000000 -1.550175667 0.776219845 0.700638592 -0.504538894 -0.647685170 -0.352092326 0.449416786
1403636761063555584.000000 -1.568485022 0.728484452 0.646597862 -0.502302349 -0.651370585 -0.352217317 0.446488112
1403636761513555456.000000 -1.632266521 0.712798893 0.607763946 -0.504286170 -0.650796473 -0.348597884 0.447927386
1403636761763555584.000000 -1.676037073 0.723847568 0.612364411 -0.507991135 -0.635997832 -0.345840007 0.466740280
1403636762263555584.000000 -1.717621207 0.730420470 0.646843910 -0.497456014 -0.654885411 -0.365578800 0.435906917
1403636762713555456.000000 -1.796777010 0.757245541 0.590812445 -0.524181902 -0.626086354 -0.328225523 0.474886626
1403636763113555456.000000 -1.766656518 0.741562188 0.542995870 -0.535120308 -0.602667511 -0.363076985 0.467561036
1403636763513555456.000000 -1.761047482 0.727867603 0.524288356 -0.545119882 -0.594288290 -0.362310082 0.467329860
1403636763713555456.000000 -1.759316564 0.716179669 0.516149879 -0.545247018 -0.594135702 -0.362236887 0.467432261
