1403715528412143104.000000 0.364652604 -0.294835865 -0.167728454 -0.537763536 -0.619340122 -0.383362651 0.424572021
1403715529662142976.000000 0.198128253 -0.201198101 0.125760555 -0.487015545 -0.666294992 -0.338001817 0.452351213
1403715532212143104.000000 -0.962087333 0.159714103 0.826277733 -0.408865094 -0.692010522 -0.301455379 0.512908757
1403715532412143104.000000 -1.014927983 0.187542245 0.819844484 -0.410761923 -0.693807065 -0.285984606 0.517802298
1403715532862142976.000000 -1.051414371 0.215172574 0.790285051 -0.427850991 -0.676473022 -0.247589797 0.545918584
1403715535162142976.000000 1.646451473 0.441777915 0.678204477 -0.623826623 -0.571893632 -0.398452550 0.353572696
1403715537262142976.000000 3.170501947 2.407670259 0.435917228 -0.446580648 -0.589487970 -0.504561245 0.445519656
1403715540062142976.000000 1.979483366 -0.069609128 0.301891148 -0.795414865 -0.274664432 -0.496762723 0.212371275
1403715542612143104.000000 4.479403496 -0.534126163 0.750372112 -0.684533536 -0.380395532 -0.553041756 0.284355134
1403715544112143104.000000 4.698352814 -0.467986852 0.550453067 -0.701114893 -0.353531957 -0.579678416 0.217775464
1403715544512143104.000000 4.441331863 -0.657284081 0.300514013 -0.784761906 -0.185939237 -0.573586881 0.143434599
1403715546812143104.000000 2.159987688 -1.869393110 0.329739571 -0.738799453 -0.398801416 -0.477599889 0.258903980
1403715547162142976.000000 1.871393323 -2.013324738 0.371561378 -0.665791094 -0.530586183 -0.418813586 0.315904617
1403715547462142976.000000 1.638795018 -2.030317545 0.406522989 -0.594196916 -0.616899312 -0.373721510 0.355946094
1403715547712143104.000000 1.420975089 -1.960707903 0.421056449 -0.536020577 -0.677579939 -0.328028202 0.382053614
1403715547912143104.000000 1.218055367 -1.842603445 0.432675630 -0.481917143 -0.715858936 -0.297237515 0.408597261
1403715548112143104.000000 0.988637149 -1.677412510 0.446109563 -0.435597211 -0.721322238 -0.288917124 0.454396576
1403715548312143104.000000 0.744814217 -1.494960308 0.452526420 -0.409186810 -0.716093659 -0.300523251 0.479021698
1403715548912143104.000000 -0.038685508 -0.987324178 0.333533943 -0.431862622 -0.699768901 -0.300490290 0.483243048
1403715549162142976.000000 -0.373359084 -0.791405618 0.289381325 -0.416215837 -0.697756648 -0.298239678 0.500952244
1403715549662142976.000000 -0.961341739 -0.494974136 0.221777052 -0.420387119 -0.693287551 -0.248888627 0.529793859
1403715550062142976.000000 -1.222833037 -0.259140134 0.185047999 -0.509382546 -0.636383951 -0.258569121 0.518350184
1403715550312143104.000000 -1.238150597 -0.076822892 0.206045181 -0.566730499 -0.602206171 -0.313506454 0.466774106
1403715550562142976.000000 -1.160115600 0.125908747 0.292911828 -0.610357106 -0.556754649 -0.377434760 0.418367773
1403715550812143104.000000 -1.036539674 0.330076814 0.328998119 -0.668857455 -0.483498514 -0.407930195 0.390450776
1403715551062142976.000000 -0.855727315 0.520106137 0.304611593 -0.719347656 -0.407240540 -0.433548272 0.358789742
1403715551312143104.000000 -0.586530209 0.676860809 0.333486259 -0.753884554 -0.333594680 -0.469650179 0.315913826
1403715551562142976.000000 -0.244445607 0.780577540 0.389022976 -0.782105267 -0.249526516 -0.501565158 0.272910863
1403715551862142976.000000 0.224540249 0.806685627 0.458304584 -0.780392408 -0.163213447 -0.571400225 0.194552794
1403715552262142976.000000 0.768715203 0.677072406 0.535199344 -0.777430296 -0.057499241 -0.621374309 0.078676008
1403715552562142976.000000 1.027549267 0.514893651 0.576071978 0.766358614 -0.041249264 0.641064525 0.005411764
1403715553912143104.000000 0.161730796 -0.362129182 0.471291423 0.649136603 -0.463056475 0.499359637 0.338880956
1403715555162142976.000000 -0.399153888 -0.540155888 0.224526837 0.694585323 -0.390090227 0.467407763 0.383289486
1403715556862142976.000000 0.423652112 0.014832435 0.747346759 0.715385556 -0.426831931 0.475758076 0.282298446
1403715558112143104.000000 0.258630216 -1.050514221 0.658985078 0.700905621 -0.443586886 0.471917599 0.298757076
1403715558862142976.000000 0.502950132 -1.832795978 0.773612797 0.673814297 -0.411068022 0.516972959 0.331264794
1403715559212143104.000000 0.623427033 -2.016097069 0.764631867 0.708171427 -0.344657212 0.532699645 0.309734941
1403715561362142976.000000 2.097579479 -1.070061326 0.597399116 -0.827653706 -0.043188859 -0.557473540 0.048449922
1403715564212143104.000000 2.164187431 1.061868429 0.462702692 -0.535558820 -0.577580452 -0.396089554 0.471901059
1403715566062142976.000000 1.249953747 0.426228613 0.897639990 0.162068442 -0.780232728 0.120188005 0.592052042
1403715566362142976.000000 1.324146867 0.280810803 0.984396994 0.303354949 -0.738032818 0.220206216 0.561063766
1403715566762142976.000000 1.520733595 0.157153577 1.001095295 0.454469502 -0.650429010 0.331172347 0.510611773
1403715567062142976.000000 1.742033958 0.138888180 0.978611350 0.565936863 -0.560447097 0.421158791 0.433866054
1403715567312143104.000000 1.949964404 0.183728531 0.962137640 0.661435783 -0.462919146 0.486392885 0.334111601
1403715567712143104.000000 2.271042109 0.319439203 0.852091789 0.779554546 -0.254838586 0.539352953 0.190920085
1403715568062142976.000000 2.540488958 0.487208933 0.707007408 0.805496693 -0.066887274 0.584037483 0.074843459
1403715568312143104.000000 2.697540998 0.649106741 0.619462430 -0.799157023 -0.053172000 -0.598651111 0.011735979
1403715568412143104.000000 2.746104956 0.722466350 0.586665034 -0.794244409 -0.097252063 -0.597910464 0.047128309
1403715570662142976.000000 1.963084221 1.829406381 0.393478006 -0.339045048 -0.714161873 -0.286774039 0.541093409
1403715572012143104.000000 1.350891352 0.997425079 0.127921984 -0.232467368 -0.838897288 0.007210814 0.492095768
1403715574062142976.000000 -0.258401453 0.964066207 0.164212167 0.348806292 -0.772385955 0.216988295 0.484427571
1403715574312143104.000000 -0.467033029 0.846086025 0.220788628 0.432313591 -0.717301309 0.273365527 0.473133266
1403715574862142976.000000 -0.828216851 0.469956398 0.302113861 0.532297909 -0.640990973 0.311736435 0.456738263
1403715575112143104.000000 -0.893695295 0.247115791 0.342325121 0.518789172 -0.634688616 0.345516771 0.456778228
1403715575662142976.000000 -0.892040372 -0.175210461 0.452662021 0.506826282 -0.625314653 0.311095119 0.505300462
1403715575912143104.000000 -0.772624969 -0.336486816 0.509697795 0.503586888 -0.627654433 0.295000941 0.515193820
1403715578662142976.000000 2.226040125 -0.185660034 0.343525022 0.250943959 -0.827999473 0.164135754 0.473817974
1403715578912143104.000000 2.232545614 -0.074371785 0.226066470 0.237751469 -0.850601792 0.118890643 0.453669250
1403715579212143104.000000 2.100939751 -0.092178181 0.155638874 0.270188570 -0.792034388 0.068320245 0.543150127
1403715579462142976.000000 2.005894423 -0.250759274 0.139923811 0.270069778 -0.775968552 0.066199027 0.566173911
1403715582262142976.000000 1.702537775 -2.362998486 0.132582471 0.260825962 -0.754305005 0.176024795 0.576202393
1403715584812143104.000000 2.386838675 -2.023880243 0.103158921 0.258351654 -0.808779120 0.171607956 0.499681473
1403715586762142976.000000 2.618072271 -1.563984871 0.188935980 0.254986554 -0.753893614 0.174002841 0.579956353
1403715587262142976.000000 2.723715782 -1.556005239 0.215747952 0.247978836 -0.775033712 0.174418092 0.554443419
1403715587662142976.000000 2.822682381 -1.538160801 0.272452593 0.212308049 -0.783222377 0.211595938 0.544715643
1403715588112143104.000000 2.880917072 -1.350578427 0.341174453 0.099424444 -0.799286008 0.113623329 0.581675470
1403715588362142976.000000 2.916544199 -1.184833527 0.294067800 0.019387595 -0.791070879 0.047610838 0.609560788
1403715588612143104.000000 3.008081436 -0.999538898 0.199386954 -0.054920528 -0.791803479 -0.008091586 0.608247995
1403715588862142976.000000 3.146401167 -0.800952911 0.103881702 -0.119938977 -0.815306962 -0.061224651 0.563152373
1403715589112143104.000000 3.270595789 -0.593687594 0.011553410 -0.180047080 -0.838901043 -0.112250291 0.501226425
1403715589562142976.000000 3.241554022 -0.174054667 0.018942250 -0.271108121 -0.834572494 -0.161592707 0.451527268
1403715589812143104.000000 3.051077127 0.125512600 0.115287736 -0.279766709 -0.812979758 -0.186899036 0.475250840
1403715591362142976.000000 0.950418055 1.319465399 0.775948524 0.102750450 -0.827040911 0.007844390 0.552615881
1403715591662142976.000000 0.489047080 1.284305334 0.833539486 0.216395319 -0.809725583 0.087037921 0.538462639
1403715591962142976.000000 0.046699800 1.151924849 0.786622763 0.314605236 -0.772411823 0.143958345 0.532615781
1403715592262142976.000000 -0.330880076 0.916790247 0.670308352 0.416757405 -0.711445034 0.191098601 0.532579184
1403715592512143104.000000 -0.529121339 0.631559789 0.642935455 0.497395337 -0.652196169 0.238270447 0.520062745
1403715592762142976.000000 -0.588732719 0.299048603 0.635846019 0.571648598 -0.587213576 0.282619655 0.498522073
1403715593012143104.000000 -0.503121614 -0.053893011 0.627593100 0.606459081 -0.563159645 0.379135847 0.413901806
1403715593312143104.000000 -0.334444076 -0.472961903 0.616092980 0.661116004 -0.486919731 0.455780745 0.343654960
1403715593812143104.000000 0.026726678 -1.083280206 0.601514518 0.741089821 -0.308716893 0.519928634 0.291811824
1403715594212143104.000000 0.419692874 -1.357197523 0.586957991 0.798309505 -0.183063015 0.542731225 0.186098978
1403715594712143104.000000 0.977986574 -1.433637619 0.588213861 -0.831399918 0.001670860 -0.549334407 -0.083684094
1403715595012143104.000000 1.357387424 -1.333844066 0.577114940 -0.849005997 -0.083454475 -0.520992517 0.028125079
1403715596012143104.000000 2.827509403 -0.750454724 0.554850817 -0.616677046 -0.423097074 -0.616375685 0.246534765
1403715597812143104.000000 2.242002726 0.794658542 0.999398768 -0.548955142 -0.597894311 -0.378666341 0.444727421
1403715598162142976.000000 2.219366074 1.312329412 1.037920117 -0.509393930 -0.611320853 -0.386163533 0.466564387
1403715598512143104.000000 2.220112085 1.699571490 0.997147858 -0.480847567 -0.565527976 -0.421356708 0.520982146
1403715600262142976.000000 2.802671909 1.392577052 0.353712618 -0.489443988 -0.653767526 -0.399270684 0.416671932
1403715600562142976.000000 2.861005545 1.233949542 0.225229219 -0.436238974 -0.712251484 -0.332244277 0.438186288
1403715601062142976.000000 2.727975845 1.016046286 0.169715777 -0.308742315 -0.775294483 -0.220325619 0.505027890
1403715601512143104.000000 2.476537228 0.870962858 0.342726946 -0.264768928 -0.783598661 -0.215105221 0.519230604
1403715601912143104.000000 2.171353340 0.707647502 0.476286739 -0.273168087 -0.767389238 -0.212344334 0.539817452
1403715602262142976.000000 1.916390777 0.522000074 0.563924253 -0.317843407 -0.713594556 -0.253636152 0.570462167
1403715602662142976.000000 1.728874207 0.221508592 0.608932555 -0.408495575 -0.707326412 -0.297498256 0.494282931
1403715602962142976.000000 1.598441601 -0.013483049 0.552878022 -0.467547983 -0.677466273 -0.338861316 0.455643862
1403715603262142976.000000 1.441304326 -0.241795138 0.420835704 -0.522319257 -0.639195681 -0.371434420 0.425026983
1403715603562142976.000000 1.249379754 -0.445789516 0.302768707 -0.562557459 -0.609909117 -0.374043643 0.414284140
1403715603862142976.000000 1.062445045 -0.604722381 0.225201905 -0.589620769 -0.578678608 -0.354593009 0.437883735
1403715604162142976.000000 0.961465836 -0.703396261 0.214884654 -0.592138886 -0.603163540 -0.350088418 0.403736949
1403715604662142976.000000 0.864284396 -0.703296006 0.179617837 -0.567879856 -0.598152339 -0.387587398 0.411706507
1403715605012143104.000000 0.785523355 -0.656327844 0.150797993 -0.565373003 -0.600055337 -0.390367150 0.409756541
1403715605362142976.000000 0.691167772 -0.593856394 0.150511071 -0.562653601 -0.595853746 -0.386797160 0.422808826
1403715605712143104.000000 0.606570065 -0.520042360 0.100990474 -0.564298511 -0.597558796 -0.375819862 0.428077221
1403715606012143104.000000 0.555513144 -0.448288441 0.049324095 -0.552273870 -0.602517545 -0.389742702 0.424342841
1403715606262142976.000000 0.507245660 -0.390346438 -0.015742470 -0.550788760 -0.602894306 -0.386253864 0.428903580
1403715606512143104.000000 0.456019342 -0.336440057 -0.046982899 -0.552715302 -0.599845171 -0.376566827 0.439191431
1403715606762142976.000000 0.418405294 -0.288097054 -0.059058610 -0.553781509 -0.595013618 -0.365176201 0.453796387
1403715607012143104.000000 0.409800708 -0.249190822 -0.089504331 -0.537879705 -0.597819746 -0.382578284 0.454896599
1403715607462142976.000000 0.405922621 -0.233856723 -0.144751936 -0.533405662 -0.610720694 -0.387218863 0.438816696
1403715607862142976.000000 0.371360540 -0.264862895 -0.170187548 -0.540612757 -0.608571053 -0.384462893 0.435393393
1403715608262142976.000000 0.365266383 -0.270171940 -0.180274054 -0.534041464 -0.615134180 -0.387475491 0.431592792
1403715608762142976.000000 0.365004838 -0.269375801 -0.181836843 -0.534833312 -0.615456879 -0.386589885 0.430945992
1403715609262142976.000000 0.365247488 -0.271025002 -0.181083798 -0.535204291 -0.615307212 -0.386206686 0.431042820
