1413393889605760512.000000 0.649497151 -1.329946280 -0.190273449 -0.587755799 -0.571363389 -0.401656806 0.408361226
1413393892205760512.000000 0.074095756 -1.906161070 0.212151736 -0.582370043 -0.567640185 -0.418247730 0.404596984
1413393893005760512.000000 -0.229645163 -2.884204388 0.155180484 -0.629527628 -0.609368861 -0.354837179 0.326274723
1413393893505760512.000000 -0.462192863 -2.886640549 0.192857906 -0.629110217 -0.589338005 -0.356432647 0.360356688
1413393893755760384.000000 -0.556840658 -2.707574844 0.232468635 -0.633815229 -0.577348709 -0.348543525 0.378766626
1413393895505760512.000000 -0.285721749 -0.541862369 0.202341601 -0.582157075 -0.555273652 -0.419414848 0.420542061
1413393895655760384.000000 -0.230474740 -0.384787053 0.163227782 -0.592060149 -0.545943797 -0.424673438 0.413597375
1413393897705760512.000000 0.527636766 0.265476704 0.202537000 -0.803120732 -0.160149336 -0.568276167 0.080071926
1413393899555760384.000000 0.883065104 1.159070134 0.530337155 -0.685726345 -0.026994865 -0.725853205 0.046774264
1413393900755760384.000000 0.463329822 0.670996428 0.530352116 -0.739481926 -0.049859378 -0.671259046 0.009590021
1413393902955760384.000000 1.115815401 0.600166976 0.430177212 -0.833125532 -0.026787715 -0.551513910 0.031887121
1413393904505760512.000000 2.275494099 1.020348787 0.559704721 0.796352565 -0.158484459 0.580774248 0.058366504
1413393904705760512.000000 2.346151590 0.922889888 0.624733567 0.813465059 -0.166488558 0.546081722 0.111135341
1413393905405760512.000000 2.752731085 0.616725683 0.593334436 0.738835156 -0.320518851 0.541064441 0.242156088
1413393907805760512.000000 3.144450665 -0.072185293 0.052673552 0.583267689 -0.561001420 0.430978924 0.399165809
1413393910105760512.000000 3.232415199 0.741488695 -0.352561474 0.591427028 -0.619329870 0.338649184 0.389822245
1413393910605760512.000000 3.357460976 0.540300727 -0.368935525 0.578339100 -0.657862306 0.339038283 0.343211502
1413393910855760384.000000 3.381480694 0.256713063 -0.386024684 0.574668229 -0.633145034 0.373522729 0.359672815
1413393911905760512.000000 3.330128908 -1.078553319 -0.555363476 0.579191029 -0.564166188 0.418225080 0.413934886
1413393912305760512.000000 3.333106995 -1.450066447 -0.344224155 0.587696433 -0.637355983 0.375586003 0.327605724
1413393913555760384.000000 2.747683525 -3.174662828 -0.077939831 0.383188665 -0.694172680 0.385589570 0.471817225
1413393913755760384.000000 2.552493334 -3.320838213 -0.083771892 0.319251955 -0.711303592 0.346761942 0.521422744
1413393914355760384.000000 1.953120232 -3.318528891 0.019031480 0.180813864 -0.777062237 0.145881459 0.584977984
1413393914555760384.000000 1.803556323 -3.246259212 0.071429968 0.119368695 -0.800209463 0.105656765 0.578145921
1413393917455760384.000000 -0.155009508 -3.126285315 0.662275970 -0.363143116 -0.739255667 -0.185579136 0.535899758
1413393917655760384.000000 -0.187632874 -3.135632992 0.671442509 -0.440404147 -0.709830642 -0.238376170 0.495339841
1413393919755760384.000000 0.786858797 -3.147263050 0.679560840 0.763183296 -0.093675517 0.638027251 -0.041199863
1413393922155760384.000000 0.084887773 -4.413257122 -0.509482861 0.804702282 -0.035857033 0.590690672 0.047467396
1413393922405760512.000000 0.088675514 -4.388180733 -0.653046310 0.847475052 -0.045995861 0.526899934 0.045242578
1413393922705760512.000000 0.195907786 -4.355398655 -0.785123110 0.831445694 -0.080485381 0.549715281 0.005775354
1413393923255760384.000000 0.616153538 -4.432868481 -0.867429316 0.849341273 -0.048790257 0.522886395 0.053187057
1413393924655760384.000000 2.481167555 -4.712943077 -0.612235785 -0.729048371 -0.366173714 -0.573310554 0.075633451
1413393924855760384.000000 2.612852812 -4.545053005 -0.516425550 -0.710215330 -0.364639580 -0.597115636 0.078008123
1413393927655760384.000000 3.377847910 -1.087943673 0.612111390 -0.648489535 -0.517520070 -0.461715996 0.313771665
1413393928055760384.000000 3.488645077 -0.686180651 0.838020444 -0.579307079 -0.549877942 -0.509381771 0.320262223
1413393928255760384.000000 3.435232162 -0.492756754 0.921642363 -0.579191387 -0.547547519 -0.510042310 0.323397517
1413393928755760384.000000 3.103787184 -0.087100223 0.992658079 -0.612278759 -0.484044105 -0.479230404 0.401440382
1413393929155760384.000000 2.804114580 0.059791178 1.043267250 -0.622272968 -0.475753307 -0.522519886 0.336761326
1413393931155760384.000000 0.955983877 -0.249554187 0.914484441 -0.789068878 -0.177250817 -0.565723956 0.160962179
1413393932855760384.000000 0.620486379 -1.453630805 0.258374393 -0.787573457 -0.212074220 -0.564524949 0.126744673
1413393933055760384.000000 0.640982628 -1.547976494 0.225724697 -0.769513667 -0.208942860 -0.589864671 0.127481028
1413393935505760512.000000 0.250935972 -3.237574816 -0.317993730 -0.729838789 -0.425962538 -0.468792915 0.257147044
1413393935955760384.000000 0.356476188 -3.287722826 -0.265820742 -0.628702223 -0.553216875 -0.469276220 0.280115008
1413393936155760384.000000 0.315566510 -3.223120213 -0.234396994 -0.611550868 -0.564462781 -0.419615418 0.362367600
1413393936355760384.000000 0.253244162 -3.128778219 -0.195969582 -0.579694688 -0.592219710 -0.354146451 0.433370918
1413393939155760384.000000 0.563745439 -3.418905020 0.281910390 -0.039724045 -0.774766803 -0.030886495 0.630241632
1413393939855760384.000000 0.787733078 -3.827067137 0.177292228 -0.028285144 -0.877612650 0.010149490 0.478427649
1413393940455760384.000000 0.691316485 -3.971540689 0.131824642 -0.041916911 -0.780382872 0.011510807 0.623789370
1413393940705760512.000000 0.829643488 -3.968709707 0.117430583 -0.072217919 -0.876447439 0.036379706 0.474658847
1413393941055760384.000000 0.780942678 -3.815483809 0.197114199 -0.067249499 -0.805421293 0.008205966 0.588818192
1413393941805760512.000000 0.820516288 -3.273243427 0.347816050 -0.040164765 -0.882066786 -0.001625294 0.469406426
1413393943505760512.000000 0.480885178 -2.285158396 0.379301667 -0.034150846 -0.742647111 -0.035196632 0.667884886
1413393943755760384.000000 0.524719357 -2.230622530 0.351933718 -0.040195577 -0.828687727 -0.039662745 0.556855440
1413393946505760512.000000 0.483299196 -1.991107225 0.447615385 -0.470351487 -0.639095485 -0.337406248 0.506442070
1413393949405760512.000000 0.321771115 -2.585875273 0.147445440 -0.767500341 -0.072446793 -0.634633780 0.054171406
1413393952355760384.000000 0.483999312 -4.367354870 -0.101539478 0.811443150 -0.046266399 0.581491470 0.035877280
1413393954205760512.000000 1.310929298 -4.523896694 -0.014352120 -0.820033312 -0.093063258 -0.562280059 0.052210145
1413393954805760512.000000 1.564887881 -4.494740486 0.031570174 -0.827234387 -0.219712541 -0.501132905 0.127576038
1413393955105760512.000000 1.836501479 -4.379834652 0.071571775 -0.804173231 -0.242401883 -0.523291469 0.143919423
1413393956055760384.000000 2.674438477 -3.797369957 0.093723424 -0.710452855 -0.412617713 -0.513267636 0.248112410
1413393956355760384.000000 2.785462856 -3.572480917 0.083824538 -0.685212314 -0.435289234 -0.491167575 0.315851003
1413393957255760384.000000 2.971555948 -2.975791454 0.107306004 -0.512556791 -0.644421637 -0.338612318 0.455354840
1413393959905760512.000000 3.026710510 -1.980556488 -0.315158814 -0.266448408 -0.744311035 -0.206875384 0.576375782
1413393960805760512.000000 3.009096384 -1.996505737 -0.474525601 -0.200979710 -0.794253945 -0.146299928 0.554404438
1413393961255760384.000000 2.858582973 -1.985586047 -0.664559245 -0.157142311 -0.795532584 -0.096556537 0.577157855
1413393961655760384.000000 2.810188770 -1.954631209 -0.571276009 -0.149488837 -0.772750854 -0.109237134 0.607104957
1413393962105760512.000000 2.940283298 -1.985629201 -0.182027549 -0.151097924 -0.809790790 -0.110335089 0.556088567
1413393962555760384.000000 2.978983641 -2.039844751 0.358699024 -0.166488171 -0.848497927 -0.104652420 0.491305321
1413393962755760384.000000 2.925861359 -2.041668415 0.504153311 -0.192438290 -0.840540469 -0.147759333 0.484382659
1413393963005760512.000000 2.774630785 -2.038490057 0.636746049 -0.240872964 -0.790690601 -0.244306400 0.507053137
1413393963255760384.000000 2.558781624 -2.084508657 0.699215353 -0.326661348 -0.730446577 -0.305368125 0.516227186
1413393963505760512.000000 2.308573961 -2.190650702 0.691513717 -0.414032549 -0.677839875 -0.341684371 0.502356410
1413393963755760384.000000 2.047218323 -2.338382483 0.624682605 -0.473817587 -0.633388877 -0.380462408 0.479128331
1413393965155760384.000000 0.682597280 -3.640241861 -0.079950765 -0.769421399 -0.372259349 -0.397531629 0.333739907
1413393966705760512.000000 1.175796390 -3.241847038 0.170758083 -0.666277945 -0.394345909 -0.578833222 0.255963385
1413393969405760512.000000 -0.051379535 -2.086131573 0.030612707 -0.801091969 -0.036677036 -0.595449924 0.048433594
1413393972105760512.000000 -0.627205551 -1.500601411 0.240571439 0.802417815 -0.109412856 0.585854352 -0.030485108
1413393973555760384.000000 -1.331320524 -1.392083645 0.084028468 0.754583180 -0.036337532 0.650311530 0.079868093
1413393973855760384.000000 -1.539307833 -1.171108365 0.043523993 0.780662000 -0.087775394 0.618632674 -0.012484219
1413393974105760512.000000 -1.778610945 -1.054705501 0.026060771 0.849408209 -0.129049256 0.505270600 -0.080954671
1413393974405760512.000000 -1.914703608 -1.149177551 0.080729306 0.913791656 -0.054631703 0.402063698 0.018578198
1413393974655760384.000000 -1.728234172 -1.269938111 0.190999895 -0.887419641 -0.020898024 -0.450156957 -0.096997261
1413393974905760512.000000 -1.362734795 -1.278029442 0.294400901 -0.822669089 -0.029682286 -0.560581863 -0.089903310
1413393975205760512.000000 -0.908474326 -1.163727641 0.300607115 0.789752603 -0.017814811 0.612424195 0.030166609
1413393978105760512.000000 0.181088135 -0.191438586 0.340235353 0.816833615 -0.022251815 0.575742841 0.028422430
1413393980705760512.000000 -0.275646031 -0.839675665 0.406729102 0.637297034 -0.514078498 0.424801290 0.386160225
1413393981605760512.000000 -0.354292035 -1.817799330 0.558110297 0.642185152 -0.532230675 0.430487573 0.344977140
1413393981905760512.000000 -0.373881876 -2.229593754 0.553234756 0.656415284 -0.506696701 0.426879436 0.360764980
1413393983555760384.000000 0.661764383 -3.751312733 0.504143178 -0.796429634 -0.192408696 -0.572868049 0.022384370
1413393983855760384.000000 0.868106008 -3.611572742 0.531256557 -0.751546204 -0.308332890 -0.571145892 0.117905036
1413393984155760384.000000 0.953000367 -3.342561007 0.579858780 -0.698607802 -0.405739099 -0.556226790 0.194768310
1413393984455760384.000000 0.881455600 -2.991400480 0.646362007 -0.642294288 -0.483259261 -0.531335831 0.267583370
1413393987155760384.000000 -0.110643998 -0.696447730 0.441561669 0.806277692 -0.052929718 0.586204410 0.058985170
1413393989955760384.000000 0.773334324 1.008210421 0.453613818 0.763355374 -0.231825337 0.580231965 0.163940549
1413393992105760512.000000 0.864462197 0.900670528 0.403080344 0.647359252 -0.427675873 0.519117832 0.358519316
1413393993605760512.000000 0.624718249 0.942131281 0.531519175 0.706086338 -0.470057100 0.426921010 0.313411653
1413393993905760512.000000 0.707224727 0.837391794 0.579489112 0.626331449 -0.405354917 0.536416709 0.394529551
1413393994305760512.000000 0.768621027 1.001431346 0.557130516 0.608490765 -0.435919583 0.564906001 0.347267002
1413393994605760512.000000 0.705440283 1.314061284 0.570712447 0.706107616 -0.510312200 0.421932101 0.250931859
1413393995105760512.000000 0.678100705 1.412829399 0.452392220 0.679146349 -0.486310124 0.450025469 0.315816075
1413393995455760384.000000 0.725801468 1.295342684 0.342835516 0.668882906 -0.460104823 0.523202896 0.259148508
1413393995755760384.000000 0.689602315 1.163548589 0.274736166 0.718373775 -0.349484116 0.556304455 0.228747308
1413393996055760384.000000 0.594762266 1.048448086 0.228745624 0.749275804 -0.227204010 0.597589791 0.172773376
1413393996355760384.000000 0.423667341 0.972594142 0.173900723 0.776975334 -0.188745886 0.589003205 0.117301166
1413393996655760384.000000 0.211725771 0.898657978 0.064533569 0.806880236 -0.178205192 0.551950276 0.111973330
1413393996955760384.000000 0.041845240 0.819981754 -0.040283654 0.815177560 -0.146358371 0.550399721 0.105474852
1413393997305760512.000000 -0.078536838 0.737985373 -0.108051501 0.814386904 -0.111523189 0.562281847 0.090418972
1413393997705760512.000000 -0.156797737 0.677505314 -0.246589661 0.806033254 -0.100835301 0.576972783 0.085117742
1413393998005760512.000000 -0.202752456 0.670687318 -0.324623674 0.810427666 -0.102958292 0.569853127 0.088736527
1413393998355760384.000000 -0.228353128 0.706096232 -0.375804782 0.808910728 -0.113551006 0.568721652 0.096567050
1413393998705760512.000000 -0.215722531 0.778439283 -0.384812772 0.806151628 -0.146052912 0.569486201 0.066884391
1413393998955760384.000000 -0.200398535 0.808413863 -0.402445138 0.801544547 -0.145643428 0.576171577 0.065883845
1413393999205760512.000000 -0.193670616 0.817294419 -0.430840075 0.807284951 -0.121385679 0.568795025 0.100144342
1413393999455760384.000000 -0.176854506 0.838674545 -0.471771300 0.813794136 -0.140328303 0.558922350 0.075185977
1413393999705760512.000000 -0.141187236 0.846012235 -0.504594445 0.805943787 -0.153777570 0.568575859 0.059402235
1413394000105760512.000000 -0.093173400 0.804950416 -0.573949575 0.799921215 -0.137961239 0.578323305 0.081454337
1413394000505760512.000000 -0.103447892 0.806115448 -0.581503153 0.793794334 -0.142236665 0.583060384 0.098488629
1413394001005760512.000000 -0.103303172 0.805204451 -0.580655634 0.791336238 -0.143313110 0.586405873 0.096832074
1413394001505760512.000000 -0.103003383 0.804845631 -0.580708027 0.791383445 -0.143330008 0.586332202 0.096867472
1413394002005760512.000000 -0.104216978 0.805344522 -0.581071496 0.791431487 -0.143556163 0.586275220 0.096484929
1413394002505760512.000000 -0.103831813 0.805113971 -0.580956221 0.791349411 -0.143747672 0.586367846 0.096309625
1413394003005760512.000000 -0.103957638 0.805210650 -0.580792665 0.791460454 -0.144018397 0.586187780 0.096088357
