1403637149738319104.000000 -2.931106091 -4.429049492 5.362336159 -0.607563317 -0.528360963 -0.417395055 0.421287298
1403637150838319104.000000 -2.757675171 -4.273985386 5.566945076 -0.618707180 -0.538386583 -0.430535108 0.376803577
1403637153388318976.000000 -2.299852133 -3.746500969 5.908883572 -0.610943377 -0.543197632 -0.428830385 0.384433419
1403637155638319104.000000 -1.701837301 -3.060972929 5.941475391 -0.671575427 -0.458520442 -0.469652086 0.343762249
1403637157688318976.000000 -0.456654519 -2.874068737 5.519366264 -0.795164227 -0.225357383 -0.523497045 0.207072094
1403637160538319104.000000 2.450486898 -4.772437572 5.353020191 -0.818170965 -0.007497732 -0.574532986 0.021261934
1403637160988318976.000000 2.884943485 -5.143890381 5.255322456 0.827101111 -0.063565493 0.557292998 0.035884228
1403637163788318976.000000 3.791689157 -8.011744499 5.334153652 0.735288620 -0.353900462 0.547426224 0.185552493
1403637164588318976.000000 2.858412743 -8.936138153 5.501299858 0.739025295 -0.345192403 0.549436808 0.181116506
1403637167388318976.000000 0.192824692 -11.023445129 5.298150539 0.745003700 -0.285708070 0.490728885 0.350036681
1403637170188318976.000000 2.873284340 -7.625549793 4.752920628 0.798730135 -0.050399557 0.589761317 0.108034931
1403637172088318976.000000 2.765187740 -4.306199074 4.444511414 -0.742107391 -0.224018946 -0.617299795 0.134287864
1403637173688318976.000000 0.960564733 -3.296913147 4.431432724 -0.839451790 0.000479833 -0.534814656 0.096404731
1403637173888318976.000000 0.923283339 -3.345255852 4.357367039 0.850919127 -0.047903556 0.516283035 -0.084224045
1403637174088318976.000000 0.949748695 -3.458969355 4.317956924 0.847908258 -0.041914038 0.527501643 -0.032199431
1403637174338319104.000000 1.044626117 -3.643798590 4.351086617 0.809476197 -0.038237579 0.585755289 -0.013306828
1403637174588318976.000000 1.123886108 -3.855624199 4.418095589 0.801184475 -0.067086451 0.593580008 -0.035577897
1403637177488318976.000000 -0.875264406 -7.815953732 4.510757446 0.828678071 -0.224290445 0.498037636 0.122249939
1403637180388318976.000000 1.053460360 -9.298417091 4.032132626 0.762557328 -0.291152239 0.536095142 0.215264007
1403637181488318976.000000 2.477241516 -8.337467194 4.189083576 0.747392893 -0.297587723 0.541600287 0.243956178
1403637183888318976.000000 3.765011072 -4.796752930 4.740977764 0.709440649 -0.356350422 0.586513579 0.160344064
1403637184888318976.000000 2.184819698 -3.954193830 4.576241493 0.769318104 -0.342770308 0.506087542 0.185832232
1403637185138319104.000000 1.797768116 -3.881986380 4.560417175 0.774785876 -0.343209565 0.497750789 0.184819311
1403637185438319104.000000 1.400413632 -3.889302492 4.612737179 0.786412954 -0.339617997 0.479256630 0.191121563
1403637185938319104.000000 0.925002038 -4.074847221 4.793618202 0.763029575 -0.324295163 0.513920188 0.220237628
1403637186838319104.000000 0.335948884 -4.467579842 5.140855312 0.747429729 -0.342989117 0.533051372 0.198906124
1403637187288318976.000000 0.013498586 -4.716376781 5.209240437 0.743595064 -0.357126176 0.531582475 0.192216828
1403637187588318976.000000 -0.227234066 -4.946993351 5.200486183 0.758638740 -0.360457838 0.499696523 0.211756498
1403637188088318976.000000 -0.543912292 -5.451638699 5.142673492 0.760188878 -0.362516314 0.492318034 0.219813362
1403637188588318976.000000 -0.723291278 -6.049497128 5.025671005 0.736055076 -0.353855640 0.521955073 0.246113941
1403637191138319104.000000 -1.903191924 -8.765009880 4.802501678 0.714993775 -0.375996470 0.529986441 0.257924169
1403637191938319104.000000 -2.337732553 -9.204693794 4.793726921 0.736166596 -0.363523424 0.497193992 0.280548990
1403637192288318976.000000 -2.435654879 -9.319100380 4.921692848 0.747860491 -0.366929203 0.475325614 0.283078402
1403637192788318976.000000 -2.366371155 -9.453935623 5.090153217 0.745375693 -0.387492776 0.477526009 0.257358670
1403637193738319104.000000 -1.912280202 -9.924057007 5.347842693 0.739539921 -0.376607060 0.489539564 0.267579615
1403637194038319104.000000 -1.711313128 -10.122362137 5.436456680 0.734699607 -0.372572452 0.497061044 0.272647500
1403637194288318976.000000 -1.522261977 -10.273503304 5.438431740 0.732262790 -0.374744177 0.499802500 0.271211356
1403637194538319104.000000 -1.315236807 -10.411601067 5.454495430 0.735116661 -0.377528995 0.495084345 0.268266588
1403637197288318976.000000 1.735027552 -10.071084976 5.473061562 0.731185913 -0.314623147 0.547843635 0.257384628
1403637200038319104.000000 2.747603178 -3.699100971 5.796684742 -0.724937618 -0.205177471 -0.615955353 0.230144963
1403637200288318976.000000 2.473853350 -3.201395988 5.645473480 -0.694572747 -0.285311580 -0.599188924 0.277738482
1403637203188318976.000000 0.526482761 -2.829236031 5.474122047 -0.766765654 -0.285666019 -0.540913522 0.194622830
1403637206038319104.000000 0.467978507 -3.530554295 5.341517448 -0.759797275 -0.297240704 -0.541273415 0.203418970
1403637208538319104.000000 -0.094544992 -3.723984718 5.555867672 -0.768892765 -0.272654176 -0.539266050 0.208940044
1403637209038319104.000000 -0.168514505 -3.812001228 5.534686565 -0.761153638 -0.287785083 -0.551298201 0.184106365
1403637211888318976.000000 1.203076482 -1.322064996 4.929048538 -0.774105370 -0.312333971 -0.493173212 0.244925633
1403637212388318976.000000 1.858528376 -0.679806769 4.909802914 -0.747805297 -0.311393172 -0.534879386 0.240261897
1403637212638319104.000000 2.166783810 -0.399391174 4.950208664 -0.757099986 -0.313226551 -0.524632454 0.231191754
1403637212888318976.000000 2.467135906 -0.128828272 5.007228851 -0.762428820 -0.319372147 -0.517565072 0.220975831
1403637213138319104.000000 2.765774250 0.147482961 5.073542118 -0.761788547 -0.323322713 -0.515807450 0.221547619
1403637213388318976.000000 3.062079906 0.429770112 5.109710217 -0.760126829 -0.322895139 -0.516191065 0.226920143
1403637213638319104.000000 3.353786945 0.710181415 5.116893768 -0.751346231 -0.329179913 -0.528638065 0.218314856
1403637213938319104.000000 3.670781374 1.051090837 5.078690529 -0.749236584 -0.342168480 -0.529619992 0.202652335
1403637214188318976.000000 3.894842625 1.364672184 5.055851460 -0.737633526 -0.343826205 -0.534122348 0.228896856
1403637214438319104.000000 4.078505516 1.682679534 5.077964783 -0.708459377 -0.378920138 -0.537601590 0.255908847
1403637214688318976.000000 4.198474407 1.981069684 5.134807110 -0.666493952 -0.435173482 -0.542950392 0.267609507
1403637216288318976.000000 2.916196346 3.076972961 5.494882107 -0.574833035 -0.557006538 -0.428329378 0.419338375
1403637216638319104.000000 2.466287613 3.036564827 5.548187256 -0.562058210 -0.548565030 -0.433181643 0.442177266
1403637216888318976.000000 2.173055172 2.933735132 5.562937737 -0.556132793 -0.534077227 -0.447523147 0.452991068
1403637217288318976.000000 1.758199453 2.590599298 5.616921902 -0.585329592 -0.522668600 -0.420885116 0.455041260
1403637217688318976.000000 1.474373817 2.096464634 5.583043098 -0.572496712 -0.530218840 -0.427380919 0.456575245
1403637217988318976.000000 1.322632074 1.629662514 5.565853596 -0.514217198 -0.587523043 -0.423055321 0.459806025
1403637218288318976.000000 1.173944354 1.076896667 5.571945667 -0.498629153 -0.613617659 -0.395810157 0.467093915
1403637218538319104.000000 1.054896355 0.575303376 5.548391342 -0.494029522 -0.617116392 -0.394445270 0.468524486
1403637218838319104.000000 0.910639882 -0.067141995 5.536039352 -0.501688004 -0.621712923 -0.391685098 0.456470221
1403637219088318976.000000 0.781137943 -0.621171355 5.459674358 -0.497070163 -0.628704607 -0.403456271 0.441446424
1403637220938319104.000000 -0.746277869 -4.228250980 5.684766769 -0.543078601 -0.621521175 -0.354625225 0.439338267
1403637223338319104.000000 -1.521269202 -5.690231323 5.390341282 -0.657875776 -0.505924940 -0.436438709 0.347506374
1403637225838319104.000000 -1.634185553 -5.642257214 5.402074337 -0.638408780 -0.512996912 -0.451907367 0.353621662
1403637226688318976.000000 -1.879816651 -5.731149673 5.546065807 -0.643742442 -0.521063030 -0.442917287 0.343385190
1403637227038319104.000000 -2.006721497 -5.726565361 5.521785259 -0.650375485 -0.509257793 -0.434354573 0.359171689
1403637228988318976.000000 -2.234277248 -5.581919193 5.502268314 -0.640747011 -0.505980194 -0.452593654 0.358589441
1403637229438319104.000000 -2.322618484 -5.632251740 5.470061779 -0.648693860 -0.495487899 -0.460202187 0.349144638
1403637230388318976.000000 -2.351238728 -5.721451759 5.292649746 -0.763145626 -0.318115562 -0.518910706 0.217124388
1403637230788318976.000000 -2.336355448 -5.702045441 5.353852272 -0.763271928 -0.270272702 -0.549274802 0.206557363
1403637231088318976.000000 -2.328132153 -5.713735580 5.401703358 -0.808305681 -0.196452662 -0.531844079 0.158713907
1403637231388318976.000000 -2.279042006 -5.745246887 5.346993923 -0.827181399 -0.085856818 -0.547118068 0.095191613
1403637231888318976.000000 -2.123600245 -5.882329464 5.041493893 0.828491271 -0.108171947 0.548895180 0.024804683
1403637232288318976.000000 -1.934258223 -6.107020378 4.916491985 0.788368344 -0.214015350 0.569544435 0.091059968
1403637232638319104.000000 -1.816699266 -6.383774757 4.896033287 0.765621841 -0.298663646 0.552575409 0.138865262
1403637232938319104.000000 -1.773459315 -6.688095093 4.927156925 0.761737704 -0.366947144 0.508866370 0.161742285
1403637235888318976.000000 1.848828554 -8.228633881 4.163828373 0.803693354 -0.090690240 0.575297773 0.122003734
1403637236188318976.000000 2.278652906 -7.880389214 4.230597973 0.805176497 -0.016763534 0.581631899 0.114517719
1403637239138319104.000000 0.891305506 -3.941068172 5.841980934 0.861967802 -0.201989457 0.463792920 -0.033287924
1403637239488318976.000000 0.621179998 -4.601608276 5.955745220 0.835708320 -0.215816826 0.503155470 0.043003313
1403637239838319104.000000 0.464342654 -5.423585415 5.897356510 0.789424598 -0.278240025 0.531420290 0.130322233
1403637240238319104.000000 0.307165921 -6.413372040 5.671998501 0.731060147 -0.357331216 0.533713639 0.230250552
1403637240738319104.000000 0.122282326 -7.594091415 5.398728848 0.737251639 -0.404239327 0.470755279 0.267282724
1403637241088318976.000000 0.092896804 -8.408782959 5.317413330 0.723280072 -0.381768942 0.498480529 0.287464172
1403637241438319104.000000 0.122587085 -9.146473885 5.191170216 0.733850420 -0.361937225 0.492690861 0.296177119
1403637241788318976.000000 0.240794361 -9.765151024 5.091047764 0.725704432 -0.336144626 0.509204507 0.317916363
1403637242138319104.000000 0.428651273 -10.187732697 5.064902782 0.704505563 -0.343267679 0.540513456 0.306079090
1403637242488318976.000000 0.618579149 -10.412014008 5.079402447 0.711804628 -0.326058716 0.522378981 0.337846339
1403637242788318976.000000 0.817691743 -10.418230057 5.078000546 0.717720151 -0.308993369 0.541804790 0.309594065
1403637243088318976.000000 1.022211075 -10.255585670 5.124720097 0.722945452 -0.285932720 0.560562074 0.285241067
1403637243388318976.000000 1.207823277 -9.968555450 5.134522438 0.739664078 -0.291154951 0.545659840 0.265294820
1403637243688318976.000000 1.383666515 -9.589950562 5.129707813 0.746192694 -0.308511645 0.537168741 0.243858382
1403637243988318976.000000 1.553574920 -9.182659149 5.197105885 0.748748541 -0.339338809 0.529503107 0.209407136
1403637244338319104.000000 1.715961337 -8.762339592 5.375626564 0.746745348 -0.344731361 0.526859105 0.214362502
1403637244638319104.000000 1.835801482 -8.453057289 5.570024490 0.766406894 -0.317956507 0.515287340 0.214483485
1403637244988318976.000000 2.005505800 -8.138010025 5.745392799 0.786329746 -0.282264352 0.513173699 0.196634144
1403637245288318976.000000 2.194107056 -7.913533211 5.834992886 0.794116020 -0.291768521 0.505362689 0.169880792
1403637245588318976.000000 2.432404518 -7.758236885 5.891104698 0.796138346 -0.265718520 0.511524498 0.184119970
1403637245888318976.000000 2.726090431 -7.625225544 5.901338100 0.798775136 -0.213189811 0.540683746 0.155465230
1403637246188318976.000000 3.040211439 -7.482336044 5.865175724 0.806083500 -0.114114590 0.573097050 0.093633406
1403637246488318976.000000 3.336821795 -7.312548161 5.787448883 -0.808463573 -0.017173635 -0.587947369 -0.020237204
1403637246788318976.000000 3.580576420 -7.103703022 5.682845592 -0.782871485 -0.130747765 -0.606302738 0.049135480
1403637247188318976.000000 3.744144201 -6.755936623 5.593103409 -0.788900793 -0.215123430 -0.563920796 0.115545981
1403637247688318976.000000 3.798031092 -6.267991066 5.445295811 -0.760526478 -0.223835051 -0.593912363 0.136987180
1403637247988318976.000000 3.712163448 -5.961651325 5.364686489 -0.743706107 -0.260812730 -0.594753504 0.158575967
1403637248238319104.000000 3.555139780 -5.702903271 5.333325386 -0.752153695 -0.292183787 -0.560991049 0.184885189
1403637248838319104.000000 3.051903486 -5.103331089 5.230807781 -0.754289389 -0.302777708 -0.549528480 0.193369523
1403637249538319104.000000 2.321625710 -4.392757416 5.345152378 -0.762015402 -0.286790460 -0.549523652 0.187370077
1403637249838319104.000000 1.985231400 -4.078233242 5.291229725 -0.751325905 -0.286995053 -0.561101139 0.195726067
1403637250138319104.000000 1.620002985 -3.771439075 5.271465302 -0.751176894 -0.306460977 -0.539859235 0.224426061
1403637252838319104.000000 -0.086017899 -2.637058735 5.579498291 -0.716662943 -0.407648683 -0.472757578 0.310993850
1403637253838319104.000000 -0.232956335 -2.801667452 5.555512428 -0.697557151 -0.411695898 -0.505178273 0.297851503
1403637256638319104.000000 -1.333303213 -3.726705313 5.818362236 -0.590021968 -0.557196975 -0.434665531 0.390476167
1403637257038319104.000000 -1.567500353 -3.886433601 5.768814087 -0.599749207 -0.554834008 -0.416410387 0.398826361
1403637257338319104.000000 -1.729643822 -4.002691746 5.780047417 -0.581986547 -0.572918892 -0.413866252 0.402207017
1403637257738319104.000000 -1.952122688 -4.146047592 5.806766510 -0.579173386 -0.587663949 -0.400742114 0.398265183
1403637258038319104.000000 -2.129836321 -4.227241993 5.773332119 -0.569566488 -0.605926931 -0.377035767 0.407787323
1403637258338319104.000000 -2.308937788 -4.265008926 5.761613369 -0.524616659 -0.630235910 -0.369318843 0.437245518
1403637258738319104.000000 -2.537973642 -4.288837910 5.706682205 -0.513286948 -0.635351062 -0.349567086 0.458986253
1403637259188318976.000000 -2.742712021 -4.306487083 5.666817665 -0.515286505 -0.629256308 -0.350767404 0.464196801
1403637259688318976.000000 -2.882562876 -4.328166008 5.718091965 -0.523293674 -0.619569540 -0.346554369 0.471378148
1403637260188318976.000000 -2.903428555 -4.356003761 5.682897091 -0.516825795 -0.626973450 -0.356575310 0.461139232
1403637260488318976.000000 -2.891375780 -4.382094860 5.624308109 -0.504974127 -0.639856577 -0.370963693 0.444938928
1403637260788318976.000000 -2.903590679 -4.406597137 5.555211067 -0.513135850 -0.643502057 -0.358673513 0.440397680
1403637261138319104.000000 -2.942716122 -4.425830364 5.476149082 -0.510884404 -0.639185846 -0.359380156 0.448647499
1403637261438319104.000000 -2.987352371 -4.438348770 5.429153919 -0.514157712 -0.639835894 -0.355129719 0.447364271
1403637261738319104.000000 -3.033673525 -4.433536530 5.417884350 -0.520752788 -0.646546066 -0.346696019 0.436573774
1403637261988318976.000000 -3.074037075 -4.406350613 5.432184696 -0.511936128 -0.634590745 -0.361524105 0.452234894
1403637262238319104.000000 -3.111081362 -4.383033276 5.400397778 -0.515479803 -0.625798821 -0.359960347 0.461611211
1403637262638319104.000000 -3.098988295 -4.398637772 5.383471489 -0.532812893 -0.580811024 -0.382915229 0.481814265
1403637262888318976.000000 -3.099796534 -4.395587921 5.376099110 -0.539250851 -0.588772595 -0.373028219 0.472657830
1403637263388318976.000000 -3.099177599 -4.395133972 5.375514030 -0.538958073 -0.588525593 -0.374019206 0.472516239
1403637263888318976.000000 -3.099555969 -4.395359039 5.375988960 -0.539247572 -0.588270366 -0.373692870 0.472761810
1403637264388318976.000000 -3.099284410 -4.395952702 5.375908852 -0.539304495 -0.588400900 -0.373636812 0.472578794
1403637264888318976.000000 -3.099209309 -4.395656586 5.375981331 -0.539559424 -0.588295519 -0.373373002 0.472627521
1403637265388318976.000000 -3.099214554 -4.395771027 5.375926018 0.539461493 0.588391542 0.373413742 -0.472587496
