1403715278412143104.000000 -0.029030733 -0.033938512 -0.323628604 -0.551820278 -0.619663537 -0.372384906 0.415741622
1403715280412143104.000000 -0.073559910 0.136642724 -0.094586417 -0.545956135 -0.623258889 -0.385246903 0.406282157
1403715282112143104.000000 -0.188645035 0.474143058 -0.009238053 -0.730220199 -0.383402854 -0.500578046 0.263063431
1403715285062142976.000000 -0.132534623 1.214904070 -0.309588790 -0.807126939 -0.051920470 -0.585650086 0.053519819
1403715288012143104.000000 0.476629257 0.970853627 0.267779738 0.797224462 -0.161912069 0.573639631 0.095683292
1403715290812143104.000000 0.883931220 0.604104638 0.090184383 0.771360040 -0.289263040 0.534305394 0.189336732
1403715292012143104.000000 1.227009296 0.288347244 0.027000533 0.748714626 -0.354358852 0.511798203 0.227857172
1403715292462142976.000000 1.333825946 0.081919275 -0.032630913 0.774701536 -0.301561713 0.517477751 0.202767923
1403715293962142976.000000 1.817645431 -0.301449180 0.268093109 -0.818020403 -0.011205876 -0.574745834 0.019606763
1403715296062142976.000000 1.913426757 -0.707787454 -0.036409292 -0.719012916 -0.367682099 -0.518357277 0.281311482
1403715298612143104.000000 2.669390678 -0.779066086 -0.219013274 -0.470274538 -0.664369345 -0.391063005 0.429563850
1403715301262142976.000000 2.349066734 -0.327699125 -0.095664769 -0.280339301 -0.744076610 -0.239238217 0.557247758
1403715303912143104.000000 2.362401724 -1.112564087 -0.241979584 -0.128890797 -0.802251637 -0.083647609 0.576873064
1403715306662142976.000000 2.333380222 -1.312572002 0.051128652 -0.167741656 -0.782820523 -0.075896330 0.594385743
1403715309612143104.000000 3.000450134 -1.060669303 -0.126014620 -0.475561857 -0.659921408 -0.333990872 0.476229787
1403715311312143104.000000 3.560400724 -0.908899009 -0.055397745 -0.550884366 -0.617012799 -0.354697824 0.435902536
1403715313612143104.000000 4.226689816 -0.351611555 0.116635211 -0.533520401 -0.617006838 -0.390754104 0.426579297
1403715315412143104.000000 3.938911676 -0.405954421 0.236024812 -0.629597783 -0.523346663 -0.444449157 0.363565683
1403715318262142976.000000 3.363686085 -0.131646276 -0.083247840 -0.820998371 -0.043731108 -0.564602613 0.072617047
1403715320812143104.000000 4.239320755 0.034842402 0.042826038 0.732555389 -0.343652219 0.555434823 0.191723660
1403715321312143104.000000 4.298336506 0.126152754 0.102051020 0.728467941 -0.381408334 0.528901160 0.210061416
1403715321812143104.000000 4.204086304 0.073483683 0.144684896 0.723635256 -0.374288917 0.537955463 0.216480523
1403715324412143104.000000 3.638229609 -0.976038098 0.220288098 0.673721552 -0.428967714 0.524952829 0.294126898
1403715327212143104.000000 3.077805281 -0.777759910 0.204970181 0.684060931 -0.454237968 0.494778603 0.284469008
1403715328462142976.000000 2.474856853 -0.906435251 0.123262472 0.721985579 -0.358723193 0.523142815 0.276362449
1403715331262142976.000000 2.170964718 -0.793080330 0.018133804 0.808700740 -0.132173806 0.570785105 0.052321911
1403715333862142976.000000 2.111911535 -1.738674164 0.271639198 0.817914426 -0.047294896 0.573138356 0.017077975
1403715336712143104.000000 2.396193027 -2.921590328 0.229217336 -0.816452801 -0.077432469 -0.568977594 0.060610916
1403715337062142976.000000 2.479219675 -3.018199444 0.244066030 -0.814925849 -0.080546863 -0.571085513 0.057180062
1403715339462142976.000000 3.382939577 -3.535975933 0.383412927 -0.788626134 -0.225138083 -0.548629403 0.162442520
1403715339962142976.000000 3.586944580 -3.620394945 0.335084110 -0.785416901 -0.235848069 -0.558090508 0.126613393
1403715340312143104.000000 3.679415703 -3.585576296 0.323900104 -0.770520806 -0.280373037 -0.547092259 0.168460041
1403715342112143104.000000 4.088814259 -3.095569611 0.489341855 -0.756376684 -0.319120914 -0.527877331 0.217719451
1403715342512143104.000000 4.129111290 -2.977464437 0.494996160 -0.757361889 -0.341268033 -0.503684640 0.237151399
1403715342912143104.000000 4.190881729 -2.818431854 0.498338610 -0.721204877 -0.401072204 -0.499743789 0.263174444
1403715345812143104.000000 3.568997860 -1.369550705 0.325483173 -0.666684985 -0.463822633 -0.480013400 0.331642836
1403715347612143104.000000 2.532710075 -0.800514281 0.337833762 -0.642324507 -0.502548635 -0.471958905 0.334841698
1403715350362142976.000000 2.529652596 -0.403373182 -0.087418601 -0.445870042 -0.704221427 -0.303441256 0.461731106
1403715353012143104.000000 1.710670829 0.117719337 -0.106636822 -0.374311209 -0.716702044 -0.258151591 0.528759956
1403715355862142976.000000 1.326108694 0.400891989 0.048909552 -0.239884749 -0.785368145 -0.165401831 0.546163321
1403715357212143104.000000 0.982416332 0.559177637 0.152582049 -0.172667608 -0.805920303 -0.102813095 0.556873381
1403715357662142976.000000 0.801481783 0.659165621 0.219399512 -0.124599472 -0.814965725 -0.100202911 0.557014525
1403715359162142976.000000 -0.092022061 0.541732609 0.184516385 -0.073278859 -0.806499243 -0.045443233 0.584913850
1403715359462142976.000000 -0.240765750 0.480252385 0.157014176 -0.063863203 -0.805697680 -0.059275251 0.585883200
1403715360362142976.000000 -0.484992653 0.176189899 0.172632024 -0.085632816 -0.813394606 -0.049430761 0.573247612
1403715360662142976.000000 -0.530060053 0.098199837 0.187043205 -0.143413842 -0.804954410 -0.055699788 0.573043168
1403715362912143104.000000 -1.013742447 0.066487052 0.156951949 -0.573595166 -0.587994218 -0.375109911 0.429585785
1403715363412143104.000000 -1.161042571 0.103810363 0.171660006 -0.645325005 -0.502884924 -0.405463576 0.407752037
1403715363812143104.000000 -1.114991069 0.109484658 0.211418748 -0.675761819 -0.458562762 -0.461091667 0.347074389
1403715366662142976.000000 -0.596279144 -0.538338721 0.520648122 -0.800794423 -0.176516503 -0.555895269 0.136200607
1403715369412143104.000000 0.647789180 -1.754583120 0.589739859 -0.782609880 -0.268137604 -0.530638516 0.184517384
1403715371462142976.000000 1.767342329 -2.055538893 0.537456512 -0.760806978 -0.354854494 -0.492878109 0.228740647
1403715374262142976.000000 3.647915602 -1.519631267 0.596681952 -0.639082789 -0.509405553 -0.454136580 0.354738176
1403715376812143104.000000 3.727864742 -0.451170087 0.491592824 -0.607050061 -0.539535463 -0.446528018 0.375505805
1403715379762142976.000000 2.383575201 -0.512072682 0.375077665 -0.601927280 -0.571792305 -0.422978938 0.363078386
1403715382662142976.000000 0.397916943 -0.116060860 0.444645673 -0.692801952 -0.455152214 -0.467026472 0.307812154
1403715385312143104.000000 -0.160863727 0.784674823 0.357817888 -0.823931396 -0.066953778 -0.560022473 0.055037372
1403715387312143104.000000 0.254334807 0.397058278 0.421677172 -0.818938434 -0.052043173 -0.567304313 0.069262624
1403715390162142976.000000 1.123979926 -1.488134980 0.320104092 -0.813392699 -0.167877316 -0.544889510 0.115346715
1403715393112143104.000000 3.253714085 -1.334793925 0.484327525 -0.645140827 -0.509446859 -0.453243554 0.344713777
1403715395462142976.000000 3.556796074 -1.248058677 0.430655301 -0.098065957 -0.819580138 -0.074189462 0.559613585
1403715396462142976.000000 3.311163664 -1.426387668 0.301369786 -0.018401800 -0.819935262 -0.009150589 0.572087288
1403715397462142976.000000 2.992758751 -1.527010679 0.142967790 0.008141228 -0.836265624 0.046807792 0.546262324
1403715397962142976.000000 2.689193010 -1.465295076 0.104244098 0.014352011 -0.817528248 0.036493845 0.574551880
1403715398412143104.000000 2.442091465 -1.350208998 0.073072486 0.015498878 -0.807353079 0.016656097 0.589630008
1403715398912143104.000000 2.293564558 -1.256006598 0.032648329 0.023076082 -0.798057675 -0.018469332 0.601855755
1403715399412143104.000000 2.311182261 -1.300022602 0.014567617 0.023867661 -0.805824697 -0.005903340 0.591643512
1403715399912143104.000000 2.428422928 -1.462152958 0.010114281 0.012716490 -0.834127843 -0.000827370 0.551423967
1403715400412143104.000000 2.451766729 -1.695614696 0.046912812 -0.034544557 -0.830550492 -0.062695205 0.552324057
1403715402112143104.000000 1.663125634 -2.471494198 0.136765406 -0.250353217 -0.777837276 -0.166899770 0.551757991
1403715402812143104.000000 1.306296110 -2.599428415 0.160343304 -0.284206659 -0.755775034 -0.226540610 0.544711053
1403715403162142976.000000 1.149452686 -2.731485367 0.158182383 -0.325551480 -0.765154123 -0.191239357 0.521519899
1403715403462142976.000000 1.018828392 -2.792106628 0.175443500 -0.326471895 -0.768252492 -0.201255649 0.512543082
1403715403912143104.000000 0.806301177 -2.771880865 0.194229633 -0.397408724 -0.738891661 -0.236873478 0.489894271
1403715404262142976.000000 0.632973671 -2.664347410 0.217616826 -0.439436525 -0.701924086 -0.300769657 0.473007143
1403715405162142976.000000 0.064183623 -2.364183664 0.191187114 -0.507928669 -0.635375202 -0.340217143 0.471761733
1403715405462142976.000000 -0.085465908 -2.294274807 0.165440872 -0.574282110 -0.586395204 -0.373949707 0.431859225
1403715405762142976.000000 -0.191448867 -2.226291418 0.141051218 -0.627440751 -0.541411281 -0.416158259 0.374171555
1403715406062142976.000000 -0.279778838 -2.137891769 0.114214219 -0.671969593 -0.480525851 -0.454159915 0.333602548
1403715406362142976.000000 -0.358738303 -2.035629272 0.069078214 -0.713056266 -0.411194503 -0.483896345 0.297177196
1403715406662142976.000000 -0.418988705 -1.933003783 0.008586898 -0.753727317 -0.344625533 -0.494637877 0.261651874
1403715407262142976.000000 -0.425615668 -1.748834252 -0.096613161 -0.801659286 -0.235539019 -0.521061838 0.174236700
1403715407562142976.000000 -0.368180931 -1.646832228 -0.121254846 -0.809894919 -0.220842168 -0.521056652 0.154268771
1403715410262142976.000000 0.251347601 -0.661084712 0.200571477 -0.736272037 -0.373526841 -0.502405941 0.256845564
1403715410762142976.000000 0.307641774 -0.529049516 0.182626098 -0.724335432 -0.377973884 -0.517718494 0.253853321
1403715411262142976.000000 0.300617099 -0.403265655 0.152075201 -0.722010791 -0.381803662 -0.504466057 0.280072361
1403715411562142976.000000 0.283947945 -0.359744757 0.138939619 -0.713193476 -0.379079431 -0.509757280 0.296313107
1403715412062142976.000000 0.252887070 -0.359632403 0.111874208 -0.714372337 -0.391649365 -0.502732873 0.289037347
1403715412362142976.000000 0.229088277 -0.381690025 0.096047081 -0.717579901 -0.393483102 -0.499094039 0.284877867
1403715412712143104.000000 0.203273550 -0.410932213 0.079200514 -0.722760558 -0.395934016 -0.492750764 0.279374629
1403715413212143104.000000 0.180533797 -0.429394543 0.045735933 -0.719143808 -0.395406693 -0.499476463 0.277504921
1403715413512143104.000000 0.166099906 -0.433387339 -0.042948425 -0.721108139 -0.385273248 -0.496667236 0.291357756
1403715413812143104.000000 0.161293432 -0.452214539 -0.101861998 -0.717234254 -0.390688717 -0.503258407 0.282255858
1403715414112143104.000000 0.151285812 -0.477370590 -0.162755325 -0.717156768 -0.394231528 -0.503656089 0.276763767
1403715414412143104.000000 0.128485948 -0.491772324 -0.150657713 -0.731161237 -0.401099592 -0.484789461 0.263631523
1403715414662142976.000000 0.115046471 -0.471320808 -0.152379408 -0.723438084 -0.397787720 -0.496418506 0.268274277
1403715414912143104.000000 0.097462520 -0.436920464 -0.185221732 -0.726215363 -0.379600674 -0.495092899 0.288786620
1403715415162142976.000000 0.089489393 -0.413667560 -0.234494939 -0.732213199 -0.363861442 -0.491097987 0.300485700
1403715415562142976.000000 0.113932237 -0.418113887 -0.284714580 -0.723219752 -0.378514081 -0.514921069 0.261795104
1403715415912143104.000000 0.112547576 -0.418510616 -0.302790493 -0.720930398 -0.376773596 -0.521153092 0.258264393
1403715416212143104.000000 0.110468984 -0.416495413 -0.304617941 -0.722463548 -0.378123343 -0.519394696 0.255535513
1403715416512143104.000000 0.110890061 -0.416494995 -0.305574000 -0.724395096 -0.377998382 -0.516782820 0.255547643
1403715417012143104.000000 0.109976701 -0.418879122 -0.306893736 -0.724471629 -0.377613842 -0.516627789 0.256211549
1403715417412143104.000000 0.108852252 -0.419309020 -0.306922108 -0.724737048 -0.377496213 -0.516300440 0.256294101
1403715417912143104.000000 0.108389214 -0.419707894 -0.307164371 -0.724784911 -0.377258331 -0.516326547 0.256456375
1403715418412143104.000000 0.109132700 -0.419292212 -0.307358354 -0.724813163 -0.377119064 -0.516343296 0.256547689
