#LBA time[ms],KF opt[#],KF fixed[#],MP[#],Edges[#]
0.015648,3,1,0,2449
0.004800,4,1,0,3053
0.385413,5,1,0,3743
1.148782,6,1,0,4349
1.582676,7,1,0,4875
2.263388,8,1,0,5394
2.435166,9,1,0,5894
2.647265,10,1,0,6336
3.248329,0,0,0,0
104.098584,0,0,0,0
4.703259,0,0,0,0
4.712155,0,0,0,0
5.440516,0,0,0,0
5.780169,0,0,0,0
6.729268,0,0,0,0
7.818242,0,0,0,0
9.236436,0,0,0,0
9.965532,0,0,0,0
10.612325,0,0,0,0
10.766311,0,0,0,0
11.907477,0,0,0,0
13.871150,0,0,0,0
13.397992,0,0,0,0
13.291462,0,0,0,0
12.383451,0,0,0,0
12.215097,0,0,0,0
12.450172,0,0,0,0
14.194930,0,0,0,0
14.494134,0,0,0,0
14.215570,0,0,0,0
13.874542,0,0,0,0
14.222003,0,0,0,0
14.325172,0,0,0,0
11.268749,0,0,0,0
14.226994,0,0,0,0
11.102763,0,0,0,0
13.739820,0,0,0,0
10.634949,0,0,0,0
10.803591,0,0,0,0
12.908930,0,0,0,0
12.252762,0,0,0,0
12.193593,0,0,0,0
12.213881,0,0,0,0
12.224537,0,0,0,0
12.048631,0,0,0,0
10.471555,0,0,0,0
12.006423,0,0,0,0
12.888674,0,0,0,0
9.480982,0,0,0,0
12.424412,0,0,0,0
9.403061,0,0,0,0
11.761588,0,0,0,0
8.761997,0,0,0,0
11.429359,0,0,0,0
8.148326,0,0,0,0
13.605194,0,0,0,0
10.293953,0,0,0,0
11.727699,0,0,0,0
8.023045,0,0,0,0
7.846818,0,0,0,0
8.346152,0,0,0,0
9.826715,0,0,0,0
8.593227,0,0,0,0
10.091550,0,0,0,0
9.810427,0,0,0,0
8.575564,0,0,0,0
10.309121,0,0,0,0
11.413455,0,0,0,0
6.483793,0,0,0,0
5.802761,0,0,0,0
5.886665,0,0,0,0
8.874639,0,0,0,0
9.973405,0,0,0,0
6.655604,0,0,0,0
7.580959,0,0,0,0
6.794390,0,0,0,0
8.091781,0,0,0,0
7.440957,0,0,0,0
7.886659,0,0,0,0
8.706797,0,0,0,0
8.394313,0,0,0,0
7.916196,0,0,0,0
9.968477,0,0,0,0
6.642739,0,0,0,0
9.617209,0,0,0,0
10.347266,0,0,0,0
7.949411,0,0,0,0
11.243373,0,0,0,0
9.259092,0,0,0,0
11.375054,0,0,0,0
14.344723,0,0,0,0
10.862312,0,0,0,0
11.579185,0,0,0,0
12.593566,0,0,0,0
17.089046,0,0,0,0
13.401064,0,0,0,0
17.368345,0,0,0,0
17.350106,0,0,0,0
15.360000,0,0,0,0
17.720734,0,0,0,0
14.885050,0,0,0,0
14.167921,0,0,0,0
13.905326,0,0,0,0
14.432789,0,0,0,0
15.971464,0,0,0,0
14.316595,0,0,0,0
17.905728,0,0,0,0
14.714713,0,0,0,0
14.769977,0,0,0,0
17.407354,0,0,0,0
17.371226,0,0,0,0
14.327667,0,0,0,0
16.914132,0,0,0,0
14.450837,0,0,0,0
16.730353,0,0,0,0
13.831021,0,0,0,0
16.481998,0,0,0,0
15.814182,0,0,0,0
15.920679,0,0,0,0
13.295270,0,0,0,0
13.754860,0,0,0,0
13.032131,0,0,0,0
12.810560,0,0,0,0
12.967970,0,0,0,0
12.577213,0,0,0,0
14.742713,0,0,0,0
14.540342,0,0,0,0
12.497949,0,0,0,0
11.971446,0,0,0,0
11.117035,0,0,0,0
17.922624,0,0,0,0
13.444584,0,0,0,0
13.076260,0,0,0,0
10.979177,0,0,0,0
14.589143,0,0,0,0
14.005039,0,0,0,0
13.821325,0,0,0,0
13.646187,0,0,0,0
11.885173,0,0,0,0
8.767822,0,0,0,0
13.275974,0,0,0,0
9.881051,0,0,0,0
11.278318,0,0,0,0
11.746420,0,0,0,0
12.428987,0,0,0,0
12.935234,0,0,0,0
12.003063,0,0,0,0
13.423720,0,0,0,0
9.297557,0,0,0,0
14.785657,0,0,0,0
14.599287,0,0,0,0
9.774555,0,0,0,0
10.550724,0,0,0,0
9.567767,0,0,0,0
15.256543,0,0,0,0
15.492354,0,0,0,0
12.782432,0,0,0,0
18.491943,0,0,0,0
15.389345,0,0,0,0
19.362610,0,0,0,0
12.594398,0,0,0,0
18.080770,0,0,0,0
18.668202,0,0,0,0
10.884584,0,0,0,0
17.920961,0,0,0,0
14.472821,0,0,0,0
18.673258,0,0,0,0
15.418817,0,0,0,0
16.091530,0,0,0,0
16.688113,0,0,0,0
17.340153,0,0,0,0
14.946427,0,0,0,0
17.742302,0,0,0,0
14.664120,0,0,0,0
17.882975,0,0,0,0
15.011228,0,0,0,0
18.469672,0,0,0,0
16.650993,0,0,0,0
18.107459,0,0,0,0
14.698296,0,0,0,0
24.302097,0,0,0,0
15.533826,0,0,0,0
15.463681,0,0,0,0
16.773715,0,0,0,0
9.128978,0,0,0,0
10.669158,0,0,0,0
10.600549,0,0,0,0
10.215808,0,0,0,0
9.639097,0,0,0,0
13.968399,0,0,0,0
14.741688,0,0,0,0
14.105553,0,0,0,0
8.807886,0,0,0,0
15.141502,0,0,0,0
9.264724,0,0,0,0
9.644856,0,0,0,0
9.725466,0,0,0,0
16.452206,0,0,0,0
12.549117,0,0,0,0
16.975445,0,0,0,0
18.776651,0,0,0,0
12.153240,0,0,0,0
15.593699,0,0,0,0
19.978906,0,0,0,0
25.866500,0,0,0,0
32.940477,0,0,0,0
18.389894,0,0,0,0
19.364435,0,0,0,0
17.647005,0,0,0,0
20.764260,0,0,0,0
18.102595,0,0,0,0
20.942247,0,0,0,0
15.564195,0,0,0,0
13.882861,0,0,0,0
13.683276,0,0,0,0
13.996272,0,0,0,0
7.734849,0,0,0,0
14.553846,0,0,0,0
13.700972,0,0,0,0
12.567805,0,0,0,0
14.832794,0,0,0,0
9.042353,0,0,0,0
17.281017,0,0,0,0
9.416342,0,0,0,0
17.447930,0,0,0,0
16.303693,0,0,0,0
9.829371,0,0,0,0
12.799200,0,0,0,0
19.099759,0,0,0,0
13.789261,0,0,0,0
13.966319,0,0,0,0
12.654590,0,0,0,0
14.234098,0,0,0,0
18.435495,0,0,0,0
11.986966,0,0,0,0
15.261439,0,0,0,0
16.292428,0,0,0,0
17.986626,0,0,0,0
16.148523,0,0,0,0
17.608828,0,0,0,0
14.898363,0,0,0,0
14.501013,0,0,0,0
15.950343,0,0,0,0
16.420429,0,0,0,0
15.263487,0,0,0,0
15.357472,0,0,0,0
13.172581,0,0,0,0
15.468610,0,0,0,0
12.778272,0,0,0,0
13.602858,0,0,0,0
14.499414,0,0,0,0
15.259743,0,0,0,0
12.713727,0,0,0,0
15.177662,0,0,0,0
14.070288,0,0,0,0
14.970075,0,0,0,0
10.844679,0,0,0,0
12.723264,0,0,0,0
13.903950,0,0,0,0
13.536137,0,0,0,0
16.893939,0,0,0,0
9.939005,0,0,0,0
16.445006,0,0,0,0
11.812820,0,0,0,0
14.574294,0,0,0,0
13.761932,0,0,0,0
11.437647,0,0,0,0
15.872199,0,0,0,0
10.612228,0,0,0,0
15.604515,0,0,0,0
14.220754,0,0,0,0
13.946638,0,0,0,0
14.160338,0,0,0,0
15.098749,0,0,0,0
18.198596,0,0,0,0
27.430487,0,0,0,0
44.499053,0,0,0,0
24.994105,0,0,0,0
26.000486,0,0,0,0
23.849803,0,0,0,0
21.416428,0,0,0,0
25.319613,0,0,0,0
21.879922,0,0,0,0
23.293732,0,0,0,0
23.052001,0,0,0,0
23.411109,0,0,0,0
23.293604,0,0,0,0
19.918298,0,0,0,0
22.964863,0,0,0,0
27.834588,0,0,0,0
24.515603,0,0,0,0
23.594599,0,0,0,0
29.076844,0,0,0,0
26.890736,0,0,0,0
21.769200,0,0,0,0
24.087694,0,0,0,0
22.279063,0,0,0,0
26.444523,0,0,0,0
25.656001,0,0,0,0
26.890961,0,0,0,0
26.820624,0,0,0,0
26.737871,0,0,0,0
30.751169,0,0,0,0
26.208393,0,0,0,0
25.332093,0,0,0,0
27.861981,0,0,0,0
29.315759,0,0,0,0
23.668585,0,0,0,0
23.797578,0,0,0,0
25.031801,0,0,0,0
23.933643,0,0,0,0
25.751459,0,0,0,0
21.454540,0,0,0,0
19.634870,0,0,0,0
25.437215,0,0,0,0
21.449773,0,0,0,0
26.578893,0,0,0,0
25.033561,0,0,0,0
21.502637,0,0,0,0
20.668835,0,0,0,0
24.348849,-282251264,368,64,-133590663
18.635849,-1073353167,0,0,1080224181
