#LBA time[ms],KF opt[#],KF fixed[#],MP[#],Edges[#]
0.014528,3,1,0,934
0.004320,4,1,0,942
0.337028,5,1,0,1400
0.743273,6,1,0,1906
1.283665,7,1,0,2171
0.714601,8,1,0,2519
0.725449,9,1,0,2847
1.124623,10,1,0,2923
1.128975,0,0,0,0
42.634735,0,0,0,0
1.704246,0,0,0,0
2.332767,0,0,0,0
2.103324,0,0,0,0
2.421343,0,0,0,0
2.618083,0,0,0,0
2.739332,0,0,0,0
2.934982,0,0,0,0
3.135946,0,0,0,0
3.486926,0,0,0,0
3.526414,0,0,0,0
4.108598,0,0,0,0
5.776395,0,0,0,0
5.202181,0,0,0,0
5.051970,0,0,0,0
5.051107,0,0,0,0
4.992130,0,0,0,0
4.191863,0,0,0,0
4.903521,0,0,0,0
5.465864,0,0,0,0
5.434471,0,0,0,0
5.548809,0,0,0,0
7.091133,0,0,0,0
4.789567,0,0,0,0
6.155473,0,0,0,0
7.352449,0,0,0,0
4.440410,0,0,0,0
7.135837,0,0,0,0
5.928302,0,0,0,0
4.657373,0,0,0,0
6.976315,0,0,0,0
4.517915,0,0,0,0
6.078160,0,0,0,0
4.617565,0,0,0,0
5.907949,0,0,0,0
6.330515,0,0,0,0
5.991855,0,0,0,0
6.137840,0,0,0,0
7.840807,0,0,0,0
4.803263,0,0,0,0
7.057981,0,0,0,0
4.919328,0,0,0,0
5.920014,0,0,0,0
5.063683,0,0,0,0
6.188114,0,0,0,0
6.140241,0,0,0,0
4.861728,0,0,0,0
6.213073,0,0,0,0
6.714744,0,0,0,0
5.816973,0,0,0,0
5.080131,0,0,0,0
7.154046,0,0,0,0
7.307136,0,0,0,0
4.941985,0,0,0,0
7.241023,0,0,0,0
5.754667,0,0,0,0
5.444744,0,0,0,0
7.442914,0,0,0,0
5.041730,0,0,0,0
5.826637,0,0,0,0
5.224709,0,0,0,0
6.060880,0,0,0,0
5.917134,0,0,0,0
7.599652,0,0,0,0
4.778942,0,0,0,0
6.390644,0,0,0,0
6.325939,0,0,0,0
7.592547,0,0,0,0
4.705790,0,0,0,0
7.743046,0,0,0,0
4.846944,0,0,0,0
7.305375,0,0,0,0
4.456794,0,0,0,0
5.446695,0,0,0,0
4.521403,0,0,0,0
6.094064,0,0,0,0
6.961788,0,0,0,0
5.255525,0,0,0,0
4.339129,0,0,0,0
6.557334,0,0,0,0
4.760606,0,0,0,0
5.727243,0,0,0,0
5.844269,0,0,0,0
4.702397,0,0,0,0
4.923840,0,0,0,0
6.109264,0,0,0,0
5.046082,0,0,0,0
6.372179,0,0,0,0
8.076330,0,0,0,0
8.171052,0,0,0,0
6.108976,0,0,0,0
6.364564,0,0,0,0
6.676248,0,0,0,0
8.278220,0,0,0,0
8.473583,0,0,0,0
8.679250,0,0,0,0
8.884213,0,0,0,0
9.837249,0,0,0,0
10.030116,0,0,0,0
11.776506,0,0,0,0
10.660172,0,0,0,0
10.343080,0,0,0,0
10.981840,0,0,0,0
9.316218,0,0,0,0
11.173363,0,0,0,0
11.209267,0,0,0,0
11.259764,0,0,0,0
11.352853,0,0,0,0
9.659231,0,0,0,0
12.193600,0,0,0,0
12.362146,0,0,0,0
12.116703,0,0,0,0
12.012030,0,0,0,0
10.695341,0,0,0,0
12.131615,0,0,0,0
11.808923,0,0,0,0
12.534277,0,0,0,0
12.427971,0,0,0,0
10.874799,0,0,0,0
12.448900,0,0,0,0
12.901258,0,0,0,0
12.948362,0,0,0,0
12.859753,0,0,0,0
11.090673,0,0,0,0
13.697044,0,0,0,0
13.283246,0,0,0,0
13.021579,0,0,0,0
13.035596,0,0,0,0
12.809321,0,0,0,0
14.703489,0,0,0,0
14.394845,0,0,0,0
14.366269,0,0,0,0
14.179227,0,0,0,0
12.370370,0,0,0,0
12.605573,0,0,0,0
12.958154,0,0,0,0
13.979127,0,0,0,0
12.976395,0,0,0,0
10.434345,0,0,0,0
15.517452,0,0,0,0
12.583782,0,0,0,0
12.431396,0,0,0,0
13.553138,0,0,0,0
9.806497,0,0,0,0
9.853474,0,0,0,0
11.923036,0,0,0,0
14.688801,0,0,0,0
10.378441,0,0,0,0
16.594650,0,0,0,0
11.828219,0,0,0,0
12.811496,0,0,0,0
10.087204,0,0,0,0
11.973437,0,0,0,0
16.091859,0,0,0,0
11.409589,0,0,0,0
12.699463,0,0,0,0
15.226760,0,0,0,0
13.680756,0,0,0,0
12.230657,0,0,0,0
11.482966,0,0,0,0
11.505175,0,0,0,0
12.816297,0,0,0,0
12.236609,0,0,0,0
9.376892,0,0,0,0
11.192435,0,0,0,0
15.077670,0,0,0,0
11.974237,0,0,0,0
11.482071,0,0,0,0
13.514129,0,0,0,0
12.824617,0,0,0,0
13.880054,0,0,0,0
14.416670,0,0,0,0
14.400221,0,0,0,0
11.711098,0,0,0,0
14.010776,0,0,0,0
12.535557,0,0,0,0
12.009757,0,0,0,0
11.537496,0,0,0,0
13.052492,0,0,0,0
18.097038,0,0,0,0
14.052377,0,0,0,0
14.385885,0,0,0,0
18.452178,0,0,0,0
16.681851,0,0,0,0
19.099643,0,0,0,0
20.274347,0,0,0,0
18.192431,0,0,0,0
15.624685,0,0,0,0
15.495307,0,0,0,0
15.561005,0,0,0,0
16.682043,0,0,0,0
17.356772,0,0,0,0
15.182951,0,0,0,0
16.977695,0,0,0,0
14.005240,0,0,0,0
16.253493,0,0,0,0
15.972658,0,0,0,0
16.948063,0,0,0,0
19.879685,0,0,0,0
19.889606,0,0,0,0
19.847237,0,0,0,0
18.303888,0,0,0,0
15.952241,0,0,0,0
15.177096,0,0,0,0
18.242672,0,0,0,0
18.781367,0,0,0,0
13.721204,0,0,0,0
16.169396,0,0,0,0
9.753056,0,0,0,0
12.419939,0,0,0,0
8.425295,0,0,0,0
13.223181,0,0,0,0
13.686196,0,0,0,0
9.391580,0,0,0,0
13.763125,0,0,0,0
15.393002,0,0,0,0
8.752307,0,0,0,0
12.839785,0,0,0,0
10.030436,0,0,0,0
7.862535,0,0,0,0
12.365250,0,0,0,0
11.469430,0,0,0,0
11.560856,0,0,0,0
7.676549,0,0,0,0
11.042225,0,0,0,0
10.855662,0,0,0,0
10.609355,0,0,0,0
6.644856,0,0,0,0
10.376297,0,0,0,0
18.199759,0,0,0,0
10.261094,0,0,0,0
11.590200,0,0,0,0
12.398531,0,0,0,0
11.708249,0,0,0,0
9.538461,0,0,0,0
12.105663,0,0,0,0
9.791617,0,0,0,0
11.437110,0,0,0,0
9.770689,0,0,0,0
10.836302,0,0,0,0
9.567038,0,0,0,0
12.234497,0,0,0,0
12.249121,0,0,0,0
13.171181,0,0,0,0
11.902877,0,0,0,0
9.908066,0,0,0,0
12.323234,0,0,0,0
11.023665,0,0,0,0
11.050801,0,0,0,0
7.759078,0,0,0,0
15.269993,0,0,0,0
13.734677,0,0,0,0
14.036345,0,0,0,0
13.767797,0,0,0,0
12.363747,0,0,0,0
13.736373,0,0,0,0
14.037176,0,0,0,0
12.834985,0,0,0,0
14.374012,0,0,0,0
9.395068,0,0,0,0
15.525900,0,0,0,0
9.875361,0,0,0,0
13.363663,0,0,0,0
10.279207,0,0,0,0
10.732141,0,0,0,0
15.194279,0,0,0,0
13.633299,0,0,0,0
15.155175,0,0,0,0
17.588551,0,0,0,0
8.850709,0,0,0,0
11.045233,0,0,0,0
17.921291,0,0,0,0
14.257723,0,0,0,0
15.936274,0,0,0,0
24.082236,0,0,0,0
23.091183,0,0,0,0
16.792156,0,0,0,0
21.692892,0,0,0,0
18.078861,0,0,0,0
23.462484,0,0,0,0
24.781446,0,0,0,0
19.735747,0,0,0,0
19.177532,0,0,0,0
21.192918,0,0,0,0
20.420268,0,0,0,0
21.134422,0,0,0,0
22.295621,0,0,0,0
22.168227,0,0,0,0
18.377042,0,0,0,0
18.868184,0,0,0,0
19.554209,0,0,0,0
25.464238,0,0,0,0
17.302947,0,0,0,0
22.875469,0,0,0,0
21.453114,0,0,0,0
20.506957,0,0,0,0
16.710332,0,0,0,0
14.279900,0,0,0,0
20.967411,0,0,0,0
22.291749,0,0,0,0
15.785999,0,0,0,0
20.588910,0,0,0,0
21.565211,0,0,0,0
20.672112,0,0,0,0
11.596920,0,0,0,0
17.102209,0,0,0,0
13.510353,0,0,0,0
22.283877,0,0,0,0
12.972491,0,0,0,0
20.165641,0,0,0,0
21.919168,0,0,0,0
20.580846,0,0,0,0
25.328397,0,0,0,0
19.177915,0,0,0,0
21.023797,0,0,0,0
17.868203,0,0,0,0
17.427333,0,0,0,0
21.914784,0,0,0,0
22.706186,0,0,0,0
19.229373,0,0,0,0
20.777489,0,0,0,0
14.775810,0,0,0,0
19.367550,0,0,0,0
20.433516,0,0,0,0
17.087425,0,0,0,0
17.803946,0,0,0,0
15.685806,0,0,0,0
15.373194,0,0,0,0
17.217859,0,0,0,0
19.013146,0,0,0,0
15.823664,0,0,0,0
16.887006,0,0,0,0
20.061032,0,0,0,0
19.297181,0,0,0,0
20.141096,0,0,0,0
21.462554,0,0,0,0
22.936525,0,0,0,0
24.078364,0,0,0,0
20.141001,0,0,0,0
22.615594,0,0,0,0
22.599176,0,0,0,0
22.032641,0,0,0,0
24.514530,0,0,0,0
25.455502,0,0,0,0
27.199781,0,0,0,0
33.976094,0,0,0,0
30.071179,0,0,0,0
31.022648,0,0,0,0
22.323045,0,0,0,0
23.673655,0,0,0,0
29.613285,0,0,0,0
29.458435,0,0,0,0
27.051204,0,0,0,0
26.257273,0,0,0,0
24.123453,0,0,0,0
23.813977,0,0,0,0
25.093609,0,0,0,0
24.538434,0,0,0,0
24.597155,0,0,0,0
21.970785,0,0,0,0
27.799757,0,0,0,0
26.015574,0,0,0,0
27.297447,0,0,0,0
27.488777,0,0,0,0
25.080873,0,0,0,0
28.611576,0,0,0,0
25.873908,0,0,0,0
31.863907,0,0,0,0
27.777485,0,0,0,0
28.331732,0,0,0,0
31.655520,0,0,0,0
25.366445,0,0,0,0
23.522230,0,0,0,0
27.624619,0,0,0,0
28.005296,0,0,0,0
22.350437,0,0,0,0
24.611684,0,0,0,0
22.793643,0,0,0,0
27.224678,0,0,0,0
23.720856,0,0,0,0
28.766106,0,0,0,0
28.896315,0,0,0,0
32.169863,0,0,0,0
29.618725,0,0,0,0
40.574357,0,0,0,0
32.887953,0,0,0,0
36.948582,0,0,0,0
30.908086,0,0,0,0
33.956030,0,0,0,0
32.118150,0,0,0,0
38.436409,0,0,0,0
35.152782,0,0,0,0
35.037580,0,0,0,0
35.264752,0,0,0,0
26.303258,0,0,0,0
28.562135,0,0,0,0
32.083974,0,0,0,0
34.019103,0,0,0,0
40.812472,0,0,0,0
40.562357,0,0,0,0
49.288904,0,0,0,0
38.868191,0,0,0,0
36.479647,0,0,0,0
41.050940,0,0,0,0
40.969243,0,0,0,0
41.288671,0,0,0,0
41.478625,0,0,0,0
51.328675,0,0,0,0
43.775840,0,0,0,0
37.472941,0,0,0,0
43.394170,0,0,0,0
43.287897,0,0,0,0
46.765831,0,0,0,0
42.542319,0,0,0,0
35.345616,0,0,0,0
31.599679,0,0,0,0
40.909882,0,0,0,0
37.061575,0,0,0,0
39.541672,0,0,0,0
47.952502,0,0,0,0
36.249404,0,0,0,0
36.418559,0,0,0,0
32.726126,0,0,0,0
43.044790,0,0,0,0
34.939627,0,0,0,0
45.744281,0,0,0,0
32.802447,0,0,0,0
36.521472,0,0,0,0
37.585358,0,0,0,0
41.636708,0,0,0,0
41.952967,0,0,0,0
42.291372,0,0,0,0
46.376642,0,0,0,0
31.603999,0,0,0,0
41.903239,0,0,0,0
45.543831,0,0,0,0
40.588502,0,0,0,0
41.710980,0,0,0,0
38.513082,0,0,0,0
43.208760,0,0,0,0
34.999596,0,0,0,0
42.780658,0,0,0,0
40.200945,0,0,0,0
32.266664,0,0,0,0
35.291248,0,0,0,0
44.008770,0,0,0,0
39.906541,0,0,0,0
36.845668,0,0,0,0
33.787516,0,0,0,0
37.181961,0,0,0,0
32.830863,0,0,0,0
34.159809,0,0,0,0
40.289841,0,0,0,0
36.362749,0,0,0,0
36.949637,0,0,0,0
37.481229,0,0,0,0
35.634292,0,0,0,0
37.834033,0,0,0,0
31.002488,0,0,0,0
37.986036,0,0,0,0
41.561378,0,0,0,0
40.793272,0,0,0,0
38.367672,0,0,0,0
39.974605,0,0,0,0
33.789980,0,0,0,0
40.319122,0,0,0,0
40.845304,0,0,0,0
32.657741,0,0,0,0
38.836510,0,0,0,0
38.860511,0,0,0,0
36.485056,0,0,0,0
26.296953,0,0,0,0
34.839658,0,0,0,0
35.545075,0,0,0,0
36.028154,0,0,0,0
35.165934,0,0,0,0
35.688757,0,0,0,0
27.168037,0,0,0,0
35.605524,0,0,0,0
43.961858,0,0,0,0
36.439647,0,0,0,0
37.680432,0,0,0,0
27.921871,0,0,0,0
31.304315,0,0,0,0
30.092075,0,0,0,0
32.616364,0,0,0,0
37.686383,0,0,0,0
36.744867,0,0,0,0
36.768035,0,0,0,0
40.145776,0,0,0,0
33.231413,0,0,0,0
37.871890,0,0,0,0
31.173082,0,65535,65535,1080143758
30.690100,976352928,979078992,980127808,-1663835971
