1403636586213555456.000000 -0.039677076 0.439173222 -0.108188085 -0.634756505 -0.615699232 -0.322607547 0.337524891
1403636588913555456.000000 0.195264980 0.459106535 -0.100700006 -0.673077881 -0.617497683 -0.276906699 0.298304498
1403636591763555584.000000 0.143095434 0.446361005 -0.121980518 -0.657388926 -0.608072996 -0.312572032 0.316837311
1403636593813555456.000000 -0.167117804 0.365787387 -0.148148432 -0.622554600 -0.661021113 -0.224693775 0.353538662
1403636596363555584.000000 0.065378092 0.266803414 -0.182675987 -0.668862045 -0.600985229 -0.307375401 0.311385363
1403636596663555584.000000 -0.036747687 0.164269164 -0.150670379 -0.658026397 -0.606567681 -0.316288084 0.314704299
1403636596963555584.000000 -0.052311406 0.200234696 -0.153590813 -0.647463977 -0.612904727 -0.326453686 0.313952595
1403636598263555584.000000 -0.086026296 0.428836554 -0.180328384 -0.561563015 -0.704227686 -0.257676542 0.349732995
1403636600513555456.000000 -0.012244269 0.633219004 -0.384925336 -0.504809678 -0.617100418 -0.350407392 0.491496682
1403636603013555456.000000 -0.012191840 0.633513808 -0.384865403 -0.505105793 -0.617033541 -0.350119472 0.491481572
1403636605513555456.000000 -0.012250669 0.633669794 -0.385024399 -0.505136967 -0.616967201 -0.350112915 0.491537511
1403636608013555456.000000 -0.012201384 0.633658826 -0.385002553 -0.505064428 -0.617006063 -0.350268364 0.491452605
1403636610513555456.000000 -0.012197584 0.633601665 -0.385001272 -0.505214095 -0.616907716 -0.350056410 0.491573125
1403636613013555456.000000 -0.011763811 0.633873940 -0.385411829 -0.504791737 -0.617049515 -0.350755543 0.491330802
1403636615513555456.000000 -0.011736162 0.633907616 -0.385498971 -0.504971504 -0.616828024 -0.350487113 0.491615593
1403636618013555456.000000 -0.011684857 0.634120524 -0.385426790 -0.505094349 -0.616760135 -0.350292653 0.491713077
1403636620513555456.000000 -0.011717565 0.634100556 -0.385450959 -0.505008936 -0.616790712 -0.350443989 0.491654634
1403636623013555456.000000 -0.011458337 0.634165287 -0.385390967 -0.505434155 -0.616090000 -0.350135565 0.492315531
1403636625863555584.000000 0.067119211 0.595897734 -0.238759756 -0.505523682 -0.645940006 -0.354175329 0.449185014
1403636628463555584.000000 0.248350337 0.672645807 0.072186306 -0.544564784 -0.604009151 -0.372622728 0.446961373
1403636630963555584.000000 1.083597422 1.313179851 0.106672801 -0.643637896 -0.512262881 -0.442807496 0.356705070
1403636632563555584.000000 1.527503729 1.983694315 -0.012279570 -0.640491068 -0.518646419 -0.436466217 0.360935509
1403636634913555456.000000 1.975132108 3.436390877 -0.127251923 -0.558045208 -0.599487901 -0.392983913 0.418047339
1403636635163555584.000000 2.022910118 3.609545946 -0.112641394 -0.551991165 -0.610507131 -0.385445356 0.417155564
1403636635563555584.000000 2.085756779 3.893318415 -0.121052504 -0.558522761 -0.609696269 -0.369362414 0.424139500
1403636638063555584.000000 2.462294340 5.442709923 0.230681866 -0.541166723 -0.611453295 -0.382673115 0.432232410
1403636638613555456.000000 2.456372499 5.698945999 0.149021775 -0.563799381 -0.619950056 -0.347509474 0.420748591
1403636641463555584.000000 2.960632086 7.350164413 -0.026015332 -0.516420782 -0.629133880 -0.359426498 0.456412882
1403636643313555456.000000 3.207636356 7.740235806 -0.040467311 -0.555925429 -0.598263800 -0.386143327 0.428859800
1403636643563555584.000000 3.245898724 7.788225651 -0.036123704 -0.561201036 -0.605447650 -0.375862628 0.420967788
1403636643813555456.000000 3.288219690 7.859663963 0.006886369 -0.563108504 -0.614600062 -0.369013548 0.411101639
1403636644163555584.000000 3.347406149 8.009069443 0.038892575 -0.564408958 -0.619438767 -0.365748852 0.404927164
1403636647063555584.000000 4.362294674 10.080871582 -0.102099873 -0.642368555 -0.494087547 -0.457598090 0.365847319
1403636647313555456.000000 4.470646381 10.218299866 -0.066519432 -0.645490348 -0.497926652 -0.451097578 0.363211006
1403636649763555584.000000 5.693084717 10.615075111 0.102546953 -0.727779031 -0.349720925 -0.525676250 0.267763883
1403636650013555456.000000 5.791528225 10.597887039 0.174411908 -0.730553091 -0.338339478 -0.534655094 0.256831855
1403636652163555584.000000 6.097843170 9.916210175 0.151710704 -0.790047526 -0.161598623 -0.574344456 0.140851915
1403636653613555456.000000 6.245056629 9.154500961 0.088758379 -0.809440792 -0.069344617 -0.580889463 0.050640926
1403636654213555456.000000 6.283565521 8.914825439 0.090651408 -0.805209935 -0.062519290 -0.586960137 0.056622691
1403636654763555584.000000 6.224816322 8.686641693 0.143724144 0.818776786 -0.010937330 0.574007809 -0.000342412
1403636655113555456.000000 6.184165955 8.558820724 0.140224338 0.808888912 -0.028447611 0.587081671 0.014983845
1403636655313555456.000000 6.153702736 8.491255760 0.118332572 0.802876770 -0.035676140 0.594863594 0.015923675
1403636656113555456.000000 5.869958401 8.186929703 -0.013352480 0.810303509 -0.140307769 0.564607978 0.070284590
1403636656363555584.000000 5.777132988 8.066708565 -0.021669079 0.811563730 -0.151844174 0.557658434 0.085585400
1403636657513555456.000000 5.386472702 7.471905231 -0.008481856 0.804455042 -0.145603910 0.571668088 0.069622390
1403636657713555456.000000 5.286962509 7.360955715 -0.034338851 0.807033896 -0.146774277 0.567741632 0.069448866
1403636658013555456.000000 5.140250683 7.168556213 -0.091865860 0.808817744 -0.162118092 0.561635256 0.064012289
1403636658363555584.000000 4.976227760 6.894382000 -0.104534946 0.812036932 -0.150386631 0.556322217 0.092117339
1403636658763555584.000000 4.832046509 6.584802151 -0.155929446 0.812610209 -0.138590321 0.554631770 0.113317601
1403636659063555584.000000 4.758279324 6.393827915 -0.220780089 0.800021291 -0.141119659 0.572531044 0.110721692
1403636659413555456.000000 4.668711185 6.220472336 -0.316841900 0.802287221 -0.143366709 0.569599509 0.106477827
1403636659563555584.000000 4.628829002 6.158713818 -0.338787645 0.806441724 -0.144003063 0.563615203 0.106079109
1403636659963555584.000000 4.531389713 6.025681973 -0.426562101 0.804699063 -0.146878898 0.564270496 0.111735933
1403636660413555456.000000 4.453992367 5.929455280 -0.592383564 0.825545847 -0.153018311 0.531911433 0.110135332
1403636660863555584.000000 4.502214432 5.865316868 -0.720218122 0.803919911 -0.135802925 0.564005315 0.131028071
1403636663513555456.000000 4.495466709 6.414996147 -1.141519308 0.827757001 -0.153191969 0.527445674 0.114680402
1403636663963555584.000000 4.639313221 6.423847198 -1.257726669 0.822490215 -0.126356721 0.535946548 0.142496347
1403636664263555584.000000 4.829412937 6.502617836 -1.268774271 0.806315958 -0.125229120 0.563410044 0.129388407
1403636665363555584.000000 5.458976746 7.126450062 -1.377254486 0.808905900 -0.125720829 0.569662988 0.073140554
1403636665663555584.000000 5.607927322 7.300130844 -1.337714314 0.812970340 -0.112911940 0.562920392 0.097215056
1403636668313555456.000000 6.526170731 8.555373192 -1.323928833 0.817479730 -0.123949513 0.555829704 0.086120322
1403636669063555584.000000 6.870697498 8.824049950 -1.462213874 0.802838385 -0.121851496 0.573311687 0.109162554
1403636669363555584.000000 6.997887135 8.998079300 -1.474133730 0.799576998 -0.129563138 0.577458084 0.102137901
1403636669813555456.000000 7.134910107 9.304730415 -1.535295248 0.781493843 -0.130597413 0.602775514 0.094198979
1403636670263555584.000000 7.119859695 9.592878342 -1.504755259 0.781954229 -0.164151266 0.600948453 0.021517094
1403636670613555456.000000 6.980896950 9.652231216 -1.477360249 0.786280274 -0.141568184 0.600824714 -0.027044879
1403636670913555456.000000 6.774789333 9.529513359 -1.414857030 0.789734185 -0.086757675 0.602045596 -0.079587355
1403636673863555584.000000 5.790238380 7.310708046 -0.942250907 -0.794045627 -0.215795442 -0.554506540 0.124283798
1403636676763555584.000000 6.807054520 9.181748390 -1.433945537 -0.696911335 -0.437681735 -0.483053327 0.299013257
1403636679413555456.000000 6.887632847 10.674673080 -1.462886333 -0.420575768 -0.691206336 -0.303343982 0.503321290
1403636681613555456.000000 6.202024460 10.081148148 -1.194573998 -0.376419783 -0.719910800 -0.278516114 0.512313843
1403636684363555584.000000 4.838656902 8.371173859 -1.116280556 -0.369158357 -0.723243535 -0.262092233 0.521486938
1403636685463555584.000000 4.532221317 7.616106987 -1.123802066 -0.368879974 -0.728693902 -0.272971749 0.508349478
1403636688063555584.000000 3.867908239 6.030603886 -1.296307206 -0.369007498 -0.723920524 -0.266047776 0.518643498
1403636689213555456.000000 3.651221037 5.429504395 -1.558610082 -0.353997558 -0.742803812 -0.242527142 0.513915181
1403636689413555456.000000 3.587105274 5.335302353 -1.542265415 -0.349012971 -0.746547222 -0.235301465 0.515257716
1403636689763555584.000000 3.473155022 5.198187351 -1.458587766 -0.358208865 -0.751517713 -0.215709940 0.510271430
1403636690313555456.000000 3.305336952 5.150612354 -1.379704595 -0.360448718 -0.749462187 -0.224159837 0.508070350
1403636690513555456.000000 3.244014502 5.184942722 -1.339202285 -0.361415148 -0.746362925 -0.224582881 0.511746168
1403636690913555456.000000 3.137253523 5.314321518 -1.339409709 -0.380892664 -0.716841578 -0.195813656 0.550196290
1403636691213555456.000000 3.160238981 5.469917774 -1.364440799 -0.361594439 -0.695773780 -0.218174502 0.580989003
1403636691363555584.000000 3.227555275 5.542788982 -1.351312518 -0.342296451 -0.705274940 -0.243252367 0.571181893
1403636693563555584.000000 4.442698002 5.946476936 -0.659276843 -0.352533221 -0.762578011 -0.222143471 0.494820625
1403636694163555584.000000 4.467623234 6.092482090 -0.622205794 -0.336702645 -0.738875389 -0.238484815 0.532747209
1403636694663555584.000000 4.469521999 6.218420506 -0.581213415 -0.339274436 -0.746010602 -0.234960884 0.522641838
1403636695113555456.000000 4.472921371 6.327888012 -0.624566615 -0.350001931 -0.738736510 -0.227667019 0.529088616
1403636698013555456.000000 4.355817795 6.358919621 -0.578102469 -0.411051393 -0.708768606 -0.295766741 0.491127193
1403636700863555584.000000 3.907274961 5.633932590 -1.015990257 -0.712445140 -0.396831721 -0.496106625 0.298034996
1403636701813555456.000000 4.153775215 5.491166115 -1.030330777 -0.710729718 -0.405075848 -0.494029880 0.294468045
1403636704563555584.000000 5.161608696 5.586461067 -1.543893576 -0.758954942 -0.336323887 -0.508313239 0.229109943
1403636705313555456.000000 5.555602551 5.841560364 -1.637822390 -0.749316335 -0.345436633 -0.516882658 0.228102908
1403636705813555456.000000 5.838885784 6.164134979 -1.700914621 -0.752921104 -0.342154533 -0.512677372 0.230655909
1403636706313555456.000000 6.130378246 6.509714603 -1.742330313 -0.742725074 -0.336157858 -0.523168921 0.248297453
1403636706563555584.000000 6.274430752 6.658147335 -1.788349390 -0.743171096 -0.349545658 -0.521191299 0.232108161
1403636707113555456.000000 6.561794281 7.033932686 -1.779627562 -0.748793662 -0.343890816 -0.519455194 0.226304144
1403636707413555456.000000 6.702846527 7.270456314 -1.736887574 -0.753154159 -0.338653594 -0.519682050 0.219096154
1403636707663555584.000000 6.809036732 7.487588406 -1.661038995 -0.759237707 -0.331660748 -0.512792885 0.224950582
1403636710563555584.000000 7.687810421 9.682280540 -1.947370410 -0.741903961 -0.336855352 -0.515376568 0.265506953
1403636713513555456.000000 6.468838215 10.178954124 -1.588096976 -0.665182233 -0.460161209 -0.477677792 0.342940450
1403636716413555456.000000 5.577087402 8.988187790 -1.209388375 -0.614015043 -0.534617484 -0.429303616 0.390983433
1403636717663555584.000000 5.483119011 8.398096085 -1.231445074 -0.527956426 -0.620135784 -0.390609354 0.429089725
1403636720613555456.000000 4.584212780 6.928529739 -1.524895906 -0.452914685 -0.681860328 -0.304078549 0.487309963
1403636723113555456.000000 4.640931606 6.078172684 -1.576947689 -0.534161389 -0.614479363 -0.377037436 0.441508263
1403636725763555584.000000 4.437461376 5.183307648 -1.237662554 -0.624602318 -0.529304028 -0.434007257 0.375961185
1403636728613555456.000000 4.224227428 4.510156631 -0.716498137 -0.612452686 -0.533424437 -0.422428399 0.402385712
1403636731213555456.000000 3.523635626 3.475493431 -0.567023575 -0.582220018 -0.574670732 -0.381716788 0.430192769
1403636734163555584.000000 3.171667814 2.562018871 -0.564269662 -0.558832824 -0.591692626 -0.404591739 0.417026699
1403636736713555456.000000 2.513281107 1.789976001 -0.225529552 -0.524221838 -0.622005343 -0.390241057 0.431292057
1403636738563555584.000000 2.067751884 1.483589172 -0.050198443 -0.542355359 -0.619244874 -0.361365736 0.437951237
1403636741413555456.000000 2.500913620 1.465701699 -0.702956676 -0.692575216 -0.430500150 -0.484712183 0.316327870
1403636742663555584.000000 2.612872839 1.470349550 -0.990425050 -0.686484873 -0.443484277 -0.479112804 0.320173621
1403636745613555456.000000 3.261498690 2.101757050 -2.210427761 -0.699123442 -0.407391101 -0.503249288 0.303313762
1403636748163555584.000000 3.069416761 2.493350983 -1.782125235 -0.731617928 -0.363939077 -0.493742764 0.297492385
1403636750413555456.000000 3.120476961 2.710746050 -1.314072251 -0.714811981 -0.380332232 -0.515262008 0.280885071
1403636750963555584.000000 3.027400970 2.633733749 -1.042676687 -0.711470068 -0.397686332 -0.508178413 0.278227836
1403636751413555456.000000 2.925780773 2.587627649 -0.816783667 -0.724126995 -0.392783046 -0.494236022 0.277655363
1403636752163555584.000000 2.859152555 2.564246893 -0.533863246 -0.715886891 -0.411586225 -0.485314846 0.287353814
1403636752413555456.000000 2.871171474 2.579123497 -0.447144359 -0.692719519 -0.424451947 -0.492988050 0.311356902
1403636755063555584.000000 2.351961136 2.347271204 -0.191473067 -0.506859064 -0.631547093 -0.379103959 0.447797239
1403636757313555456.000000 1.120779395 1.389732480 -0.056776214 -0.502073526 -0.637210369 -0.366953880 0.455225140
1403636757563555584.000000 0.984431386 1.242243171 -0.069499344 -0.500195503 -0.647370577 -0.362099022 0.446766287
1403636757813555456.000000 0.835142612 1.099969625 -0.049913622 -0.498562306 -0.668212116 -0.338572621 0.436230332
1403636758063555584.000000 0.671056747 0.995151699 0.022671562 -0.488536894 -0.664626539 -0.337333560 0.453662246
1403636758313555456.000000 0.507705808 0.906810164 0.071481980 -0.481403440 -0.654751897 -0.342362851 0.471527666
1403636758563555584.000000 0.354569435 0.814107656 0.067825899 -0.504763603 -0.664259493 -0.308533460 0.456924826
1403636759013555456.000000 0.133861482 0.744846821 0.038430754 -0.488899440 -0.652920306 -0.335643739 0.471185476
1403636759313555456.000000 0.029951379 0.716242433 -0.013888400 -0.505441725 -0.634806216 -0.308735341 0.496217847
1403636759613555456.000000 -0.000668652 0.691995323 -0.093844943 -0.483662575 -0.651248872 -0.338278770 0.476983100
1403636759913555456.000000 -0.005134922 0.654182911 -0.126472920 -0.481575072 -0.656836629 -0.338974148 0.470900834
1403636760163555584.000000 -0.006169893 0.617212474 -0.151254967 -0.490785450 -0.666204989 -0.327270091 0.456283659
1403636760613555456.000000 -0.004469901 0.571572840 -0.215101764 -0.482507944 -0.661361158 -0.338915795 0.463598669
1403636760963555584.000000 -0.011519503 0.529412627 -0.262971789 -0.475614101 -0.665337980 -0.345702112 0.460007221
1403636761213555456.000000 -0.034766987 0.499183416 -0.298529983 -0.488445312 -0.676451981 -0.325582623 0.444780707
1403636761663555584.000000 -0.108673856 0.501602471 -0.313464224 -0.480950058 -0.658698380 -0.338624418 0.469187647
1403636761913555456.000000 -0.144675747 0.506370783 -0.304133534 -0.490533143 -0.649981201 -0.326853544 0.479654551
1403636762263555584.000000 -0.167260200 0.507191122 -0.276749998 -0.475378752 -0.671233535 -0.352126569 0.446617752
1403636762713555456.000000 -0.247219563 0.528827310 -0.331862599 -0.503051043 -0.643441498 -0.313516438 0.484386355
1403636763113555456.000000 -0.215170428 0.515781760 -0.377955407 -0.514697492 -0.620441377 -0.348564088 0.478165388
1403636763463555584.000000 -0.207865238 0.505860269 -0.393200547 -0.524703443 -0.612703979 -0.348195881 0.477535129
1403636763663555584.000000 -0.204917967 0.495308876 -0.401063561 -0.524818301 -0.612486780 -0.347998559 0.477831215
