1403715893384058112.000000 -2.759316921 1.769438267 -0.084619410 -0.512114227 -0.649095178 -0.359751016 0.432427794
1403715894634057984.000000 -2.912490845 1.683253169 0.146634251 -0.506007135 -0.652096987 -0.372268319 0.424432129
1403715897584058112.000000 -3.014719486 1.593901396 0.803119540 -0.532423079 -0.629143715 -0.336795986 0.455271721
1403715900084058112.000000 0.604722083 2.363118649 0.575596869 -0.589973330 -0.584456265 -0.445120186 0.334978223
1403715900284058112.000000 0.716168225 2.545733213 0.562664568 -0.582438290 -0.588554502 -0.453045964 0.330331296
1403715901234057984.000000 0.648195148 3.356411219 0.597476125 -0.560110629 -0.510791838 -0.487688035 0.433045298
1403715901684058112.000000 0.492166460 3.294329405 0.665676355 -0.588778198 -0.522596955 -0.459780216 0.410895139
1403715902034057984.000000 0.352197230 3.096062183 0.710746706 -0.600477338 -0.534660041 -0.444354802 0.395113260
1403715902234057984.000000 0.264704525 2.955257654 0.727899969 -0.593980253 -0.540622890 -0.451627225 0.388519198
1403715902434057984.000000 0.163821980 2.802269459 0.738457322 -0.595963478 -0.551967144 -0.447225571 0.374364913
1403715905184058112.000000 -1.622283101 2.538561344 1.024715304 -0.032351650 -0.784551024 -0.040134907 0.617917717
1403715905584058112.000000 -1.673953652 2.473295689 0.838312149 0.086043842 -0.805500984 0.027954265 0.585647702
1403715906084058112.000000 -1.644344926 2.308200359 0.643391252 0.243474215 -0.803209722 0.172881573 0.515447795
1403715908484058112.000000 -1.051296353 1.695850134 0.698421121 0.797344208 -0.077524722 0.596294045 0.051629189
1403715911184058112.000000 -2.310919046 2.350159168 0.402665019 -0.307545215 -0.723827302 -0.243934378 0.567438066
1403715911334057984.000000 -2.386223793 2.266063690 0.389555454 -0.264817297 -0.740263939 -0.208296239 0.581802189
1403715913134057984.000000 -2.545376062 0.904978633 0.635513484 0.188697442 -0.791184962 0.143619671 0.563731432
1403715914984058112.000000 -1.256822348 -0.419060677 0.607764184 0.139114708 -0.855067492 0.177226692 0.467009038
1403715915334057984.000000 -1.278030753 -0.649961412 0.639340758 0.134893000 -0.838750184 0.158379644 0.503207684
1403715916184058112.000000 -1.818142295 -1.059952617 0.438318700 0.174398065 -0.812436283 0.123997286 0.542362809
1403715919084058112.000000 -2.544828653 -0.944668412 -0.066591918 -0.156784981 -0.833455205 -0.107867859 0.518782675
1403715919584058112.000000 -2.489914179 -0.788926244 -0.030862011 -0.131800503 -0.814143717 -0.125619233 0.551378787
1403715919934057984.000000 -2.546968460 -0.765944719 -0.158020765 -0.132197917 -0.812231779 -0.127432019 0.553682625
1403715922884058112.000000 -3.359457254 -0.908787489 1.221449614 -0.059279915 -0.803919256 -0.041572899 0.590314567
1403715923334057984.000000 -3.326766729 -0.927010417 1.377120852 -0.056595791 -0.816742420 -0.042884886 0.572616518
1403715923734057984.000000 -3.283074856 -0.958793998 1.482481003 -0.084855564 -0.813016236 0.000268753 0.576024413
1403715923934057984.000000 -3.258370161 -0.942100525 1.421414495 -0.083057269 -0.800804257 -0.001050405 0.593138337
1403715924534057984.000000 -3.062764406 -0.788071573 1.077388287 -0.065100588 -0.813634753 -0.029769633 0.576952398
1403715924734057984.000000 -2.972819328 -0.724313557 0.965454578 -0.085033245 -0.817674696 -0.022226147 0.568931878
1403715924934057984.000000 -2.886358261 -0.636832952 0.858387232 -0.124817885 -0.808100283 -0.037203792 0.574465156
1403715925084058112.000000 -2.816034079 -0.552691281 0.788644969 -0.154175073 -0.790368140 -0.073706515 0.588315845
1403715925284058112.000000 -2.700011253 -0.433096349 0.737077892 -0.199968278 -0.771337986 -0.119528875 0.592252672
1403715926284058112.000000 -1.779410362 0.258018434 0.637196779 -0.468150824 -0.646359980 -0.303840250 0.520321667
1403715926684058112.000000 -1.259459257 0.467778027 0.450190634 -0.551848471 -0.568533659 -0.402829021 0.458215654
1403715927234057984.000000 -0.549170315 0.558610976 0.318105221 -0.627109110 -0.506188631 -0.482146055 0.343573064
1403715930184058112.000000 -0.484119862 -0.377149463 0.304211140 -0.793716729 -0.105349049 -0.577105165 0.160826355
1403715932284058112.000000 0.988569736 -0.132160529 0.568587244 -0.750759184 -0.144188419 -0.635596633 0.107644551
1403715932534057984.000000 1.167012691 -0.061166465 0.631917834 -0.704988480 -0.135073051 -0.685846686 0.119836882
1403715934534057984.000000 0.851029754 -0.024179131 1.348029256 -0.677946150 -0.098423757 -0.721359551 0.101696581
1403715934984058112.000000 0.582416058 -0.069858395 1.384896994 -0.715798080 -0.105760299 -0.680110157 0.117890343
1403715936334057984.000000 -0.377524167 -0.291843712 1.088367581 -0.789657176 -0.114926279 -0.597889125 0.075908504
1403715936834057984.000000 -0.206978500 -0.152589381 1.022996187 -0.754203618 -0.088548765 -0.643658996 0.095075354
1403715938284058112.000000 -0.695604205 0.006892152 0.504718423 -0.794052899 -0.338255614 -0.462846845 0.202079013
1403715940984058112.000000 -0.376572847 1.492741704 1.043491364 -0.792550862 -0.448738307 -0.356978059 0.207517892
1403715941634057984.000000 -0.077568285 2.312832117 1.341684103 -0.607809901 -0.328665555 -0.618204117 0.374659687
1403715942084058112.000000 -0.208111763 2.146209240 1.256592631 -0.619008482 -0.339051574 -0.606577098 0.365973860
1403715944534057984.000000 -0.573770702 1.261862040 0.420915842 -0.728274047 -0.514527440 -0.353064835 0.283237785
1403715946984058112.000000 -0.941673458 1.867223024 1.161373854 -0.452264965 -0.602111161 -0.403186381 0.519960999
1403715947234057984.000000 -1.019580841 1.904486656 1.221631169 -0.423389047 -0.551612556 -0.437967390 0.569780588
1403715947684058112.000000 -1.037826180 1.527171969 1.152928710 -0.524029970 -0.634961784 -0.330986679 0.461155087
1403715948134057984.000000 -1.003101110 1.172328949 0.903742194 -0.557710826 -0.712622821 -0.253283292 0.342016160
1403715948384058112.000000 -1.040445328 1.251677275 0.802784443 -0.541449189 -0.699957609 -0.275626093 0.375396401
1403715949834057984.000000 -1.240985394 1.696545482 0.476632804 -0.430702776 -0.778068602 -0.219594866 0.401101500
1403715951884058112.000000 -1.820476532 1.558457375 0.731565118 -0.258838922 -0.864778399 -0.104974352 0.417302370
1403715953884058112.000000 -1.627049446 1.861858130 0.926431179 -0.010465612 -0.911584914 -0.006974429 0.410919338
1403715954284058112.000000 -2.121051550 1.892982244 0.908944428 0.067982376 -0.794301093 -0.054540087 0.601239979
1403715954484058112.000000 -2.352754593 1.819581509 0.880821526 0.032818712 -0.740188003 -0.007427801 0.671557605
1403715954884058112.000000 -2.431972027 1.633776546 0.842652202 0.022090012 -0.714734554 0.010360654 0.698970139
1403715955484058112.000000 -1.883452654 1.370705962 0.802794993 -0.003856047 -0.885186434 0.019410441 0.464815497
1403715955884058112.000000 -1.914098144 1.251209736 0.859391630 0.043868680 -0.870261073 0.051905841 0.487880230
1403715956684058112.000000 -2.196698904 1.107666969 1.082184434 0.245202824 -0.662786484 0.197966650 0.679263592
1403715957034057984.000000 -1.817349315 1.232174397 1.143520236 0.272869378 -0.755145669 0.196625292 0.562704086
1403715957534057984.000000 -1.261380672 1.403505564 1.030070901 0.282038540 -0.868437469 0.145270959 0.381007761
1403715957734057984.000000 -1.221060872 1.354744315 0.951451063 0.290475875 -0.874625444 0.131813824 0.365074247
1403715957934057984.000000 -1.327229261 1.198984623 0.904211998 0.286053360 -0.821314633 0.166448534 0.464661807
1403715958784058112.000000 -1.530810833 0.717508078 0.716458857 0.353231490 -0.634043694 0.350683987 0.591808259
1403715961234057984.000000 -0.865562677 1.419317722 0.806887209 0.615969479 -0.678325176 0.257449806 0.306881398
1403715961484058112.000000 -0.773464918 1.320936680 0.896649897 0.584239125 -0.666610062 0.326032519 0.328631282
1403715961734057984.000000 -0.715951800 1.063108444 1.017470360 0.571199596 -0.576378584 0.427602530 0.398340106
1403715962184058112.000000 -0.647784591 0.762218416 1.095822811 -0.533206880 0.422708809 -0.563443124 -0.468550533
1403715962534057984.000000 -0.669283986 1.009624124 1.026228189 0.586537898 -0.441297352 0.577072144 0.358074993
1403715965484058112.000000 -1.063296676 1.748010397 0.216574207 0.839030504 -0.244395137 0.467838407 0.132008061
1403715968134057984.000000 -0.888616025 2.170291424 0.975491405 0.853874803 -0.208838031 0.472170979 0.065871745
1403715969284058112.000000 -1.444413304 2.327489614 0.552702785 0.848657310 -0.173718765 0.490808755 0.093323335
1403715969534057984.000000 -1.624283552 2.370012522 0.450786114 0.895656109 -0.176065788 0.397195756 0.095061757
1403715971084058112.000000 -1.274222851 2.832735538 0.435925335 0.888277411 -0.200797930 0.412817568 0.015004685
1403715971334057984.000000 -1.191413641 2.723573208 0.542123914 0.884025455 -0.106257379 0.448967606 0.075077154
1403715973984058112.000000 -1.852847338 2.258637667 0.981645405 -0.859663486 -0.059369754 -0.497881949 0.097814411
1403715976834057984.000000 -0.774999976 1.022259355 0.946569562 -0.804683924 -0.162527084 -0.563849211 0.090238400
1403715978184058112.000000 -0.621015429 1.795395374 0.910377204 -0.633301616 -0.503827929 -0.499457061 0.309239507
1403715980334057984.000000 -2.148706913 1.711208224 0.969826877 0.088921122 -0.777562439 0.015830480 0.622285485
1403715980584058112.000000 -2.138894320 1.401740789 0.985913336 0.174531534 -0.759817541 0.115335658 0.615559816
1403715980834057984.000000 -2.043052912 1.105271935 0.990546227 0.266459137 -0.736576498 0.207242787 0.586093009
1403715981134057984.000000 -1.844476461 0.819718480 0.991423845 0.377533108 -0.682649732 0.315311313 0.540404320
1403715981434057984.000000 -1.597142100 0.654918790 1.000450492 0.490868628 -0.598605454 0.414759278 0.478219926
1403715981684058112.000000 -1.389796257 0.635765135 1.021892667 0.569415331 -0.502587497 0.496826708 0.419922948
1403715981934057984.000000 -1.211499453 0.741994917 1.030305982 0.665380001 -0.421731651 0.517469227 0.334121913
1403715982184058112.000000 -1.061599612 0.924946845 1.039758444 0.723395824 -0.335290045 0.542094111 0.265354782
1403715982484058112.000000 -0.912026882 1.204680324 1.054614186 0.765383244 -0.232406184 0.570665181 0.185788333
1403715982734057984.000000 -0.821843266 1.482551336 1.063032389 0.787859857 -0.133560523 0.590252101 0.114196308
1403715983034057984.000000 -0.772610128 1.854393721 1.070748925 0.800451338 -0.009133986 0.599002421 0.019756855
1403715983284058112.000000 -0.785820782 2.174163103 1.074591994 -0.794133782 -0.092220612 -0.597340703 0.063489519
1403715983534057984.000000 -0.850536406 2.484296083 1.078534603 -0.764311612 -0.198591530 -0.593392372 0.155802891
1403715983784058112.000000 -0.975324750 2.748507977 1.089240789 -0.713030398 -0.285640031 -0.586231232 0.257546932
1403715984034057984.000000 -1.162167192 2.915009260 1.100378633 -0.671145618 -0.365872175 -0.552404284 0.332491755
1403715984184058112.000000 -1.294116735 2.958569050 1.108111143 -0.653548956 -0.410869062 -0.519234240 0.366682559
1403715984334057984.000000 -1.429530382 2.962720633 1.119324088 -0.631004214 -0.451345205 -0.489809275 0.397753894
1403715984584058112.000000 -1.647355556 2.888892412 1.142887115 -0.583632410 -0.524210274 -0.445713192 0.431180447
1403715984734057984.000000 -1.772251964 2.807162523 1.153005481 -0.554100037 -0.576700091 -0.407225579 0.441086829
1403715984834057984.000000 -1.853984833 2.744478941 1.158457279 -0.530717492 -0.601374149 -0.377412707 0.462868929
1403715984934057984.000000 -1.930573344 2.677487850 1.164392114 -0.503724754 -0.623058558 -0.351473451 0.484278619
1403715985534057984.000000 -2.252647161 2.176259279 1.199119806 -0.433736831 -0.679015100 -0.330593675 0.491445512
1403715985984058112.000000 -2.461950064 1.747968793 1.156997085 -0.528984845 -0.660076976 -0.295808554 0.443813831
1403715986234057984.000000 -2.564987659 1.591102362 1.049782395 -0.534828782 -0.638091743 -0.307292610 0.460834414
1403715986584058112.000000 -2.649804592 1.442785621 0.881802738 -0.515458882 -0.649833858 -0.334095269 0.447658926
1403715987034057984.000000 -2.748742342 1.364181280 0.664318979 -0.519146383 -0.649551630 -0.331570953 0.445679724
1403715987484058112.000000 -2.795773745 1.371814489 0.493088067 -0.544411063 -0.595245779 -0.371325165 0.459800810
1403715987834057984.000000 -2.767891407 1.338242292 0.384086370 -0.545965314 -0.616859913 -0.371468097 0.428272426
1403715988134057984.000000 -2.752067327 1.325139523 0.304967880 -0.544416666 -0.628900647 -0.361929059 0.420834631
1403715988634057984.000000 -2.757310867 1.342633486 0.227025464 -0.536750138 -0.606841743 -0.365446806 0.458356857
1403715988884058112.000000 -2.741957188 1.330536246 0.204491004 -0.548482537 -0.612230599 -0.351766288 0.447885156
1403715989334057984.000000 -2.665927649 1.330084562 0.197043747 -0.545902967 -0.619169831 -0.363433480 0.431896806
1403715989684058112.000000 -2.604186773 1.360836148 0.197790563 -0.541159689 -0.615056753 -0.372549772 0.435956627
1403715990034057984.000000 -2.551145077 1.394365549 0.176480263 -0.529789746 -0.615934014 -0.384439766 0.438354075
1403715990484058112.000000 -2.522699356 1.398042679 0.104193710 -0.527009249 -0.625086427 -0.381786346 0.431007534
1403715990884058112.000000 -2.560400963 1.392601132 -0.023095828 -0.531539917 -0.634505987 -0.373362362 0.418889165
1403715991284058112.000000 -2.634148121 1.405462146 -0.064230375 -0.520713687 -0.632463872 -0.386114687 0.423983753
1403715991634057984.000000 -2.629919291 1.401362777 -0.071658842 -0.527835369 -0.625227809 -0.377132952 0.433878690
1403715991984058112.000000 -2.630292654 1.397556663 -0.073983535 -0.527782083 -0.625024080 -0.377228498 0.434154034
1403715992334057984.000000 -2.631077051 1.394330621 -0.073630415 -0.528106809 -0.625005662 -0.376884222 0.434084654
1403715992584058112.000000 -2.631415606 1.392526746 -0.072953165 -0.528239906 -0.624826968 -0.376825780 0.434230745
1403715993084058112.000000 -2.631772995 1.390199780 -0.072258331 -0.528430164 -0.624760747 -0.376645505 0.434250772
1403715993584058112.000000 -2.631700516 1.391329050 -0.072324313 -0.528630018 -0.624660432 -0.376363367 0.434396595
