1403715893384058112.000000 0.899668217 0.034689583 -0.671957016 -0.476219833 -0.676066518 -0.335486442 0.451217920
1403715894134057984.000000 0.866533756 -0.017026855 -0.576359391 -0.480439037 -0.676299334 -0.325525552 0.453685701
1403715896884058112.000000 -0.069749996 -0.324034214 0.064189069 -0.518034458 -0.623488545 -0.276876330 0.515986443
1403715899684058112.000000 3.832925081 0.639047861 0.023236176 -0.593781292 -0.603898525 -0.389184564 0.362306148
1403715900884058112.000000 4.213639259 1.773992419 -0.027607305 -0.552960634 -0.561313212 -0.434433758 0.436382234
1403715901334057984.000000 4.080208302 1.989020109 0.021870075 -0.534208536 -0.537088931 -0.462706119 0.460499585
1403715901584058112.000000 3.996906281 1.939822912 0.057332586 -0.558240831 -0.551224411 -0.437923253 0.439023912
1403715901984058112.000000 3.863281250 1.719733357 0.114093401 -0.571163058 -0.566381335 -0.422791392 0.417411536
1403715902184058112.000000 3.792309761 1.574007988 0.133742213 -0.565655529 -0.568742573 -0.428352624 0.416028708
1403715902984058112.000000 3.398021936 0.943844020 0.129648238 -0.558529973 -0.626585066 -0.359579444 0.407600343
1403715905834057984.000000 1.920321703 0.774398327 0.146915436 0.184251651 -0.799730957 0.143530741 0.553064704
1403715906184058112.000000 1.944906831 0.654940665 0.023692396 0.333101779 -0.766148031 0.216198578 0.505290747
1403715908484058112.000000 2.601027250 0.142823279 0.107233524 0.800319016 -0.034913074 0.598223746 0.019970443
1403715911384058112.000000 1.192066073 0.530399442 -0.205866456 -0.211647823 -0.758817732 -0.163901135 0.593748629
1403715914284058112.000000 1.923088789 -1.452723026 -0.026370436 0.344154119 -0.740661383 0.210440487 0.537302017
1403715915134057984.000000 2.669256449 -2.098745346 0.027185494 0.164830118 -0.850629508 0.203425333 0.455937147
1403715915384058112.000000 2.612057686 -2.242945671 0.054038450 0.186462432 -0.823279142 0.174540877 0.506930768
1403715915884058112.000000 2.336800337 -2.496236324 -0.063769251 0.225208104 -0.806393802 0.148547724 0.526254535
1403715918584058112.000000 1.136053920 -2.855813980 -0.555209816 -0.116514526 -0.802031577 -0.019660136 0.585476875
1403715919134057984.000000 1.415628791 -2.607460260 -0.648355067 -0.106909342 -0.842572153 -0.085778095 0.520849943
1403715919634057984.000000 1.430912495 -2.462573528 -0.631297708 -0.090839952 -0.818552136 -0.091968536 0.559698462
1403715919934057984.000000 1.377795100 -2.451493740 -0.746504605 -0.087995857 -0.818267584 -0.097486556 0.559635103
1403715920334057984.000000 1.244953156 -2.514401436 -0.804534435 -0.095179610 -0.825737476 -0.070096187 0.551529765
1403715923284058112.000000 0.613855064 -2.691425323 0.762601256 -0.010567076 -0.816964209 -0.015476246 0.576383770
1403715923684058112.000000 0.661020160 -2.723277330 0.897345126 -0.039611742 -0.817738950 0.028204439 0.573531449
1403715924034057984.000000 0.704401076 -2.683374882 0.784279525 -0.035355810 -0.798335075 0.025007652 0.600654483
1403715924234057984.000000 0.753303885 -2.628190517 0.663873732 -0.023726124 -0.797605991 0.008505888 0.602652013
1403715924634057984.000000 0.909955502 -2.493853569 0.430168033 -0.026520224 -0.820719600 0.004259963 0.570699513
1403715924834057984.000000 0.989052892 -2.411322117 0.319532484 -0.059526771 -0.818515837 0.004941328 0.571370423
1403715925034057984.000000 1.066612124 -2.300532103 0.217542827 -0.102327757 -0.804119647 -0.028091956 0.584919989
1403715925234057984.000000 1.160905480 -2.170608282 0.153880253 -0.144791424 -0.783168793 -0.078621209 0.599583983
1403715926034057984.000000 1.777460575 -1.572834253 0.107087016 -0.365639985 -0.727146029 -0.217810184 0.538632452
1403715926384058112.000000 2.142469406 -1.280672908 0.004500493 -0.457022756 -0.649170995 -0.302533507 0.527428508
1403715927584058112.000000 3.510112047 -0.889912605 -0.289672136 -0.611264348 -0.467061996 -0.530043483 0.356739223
1403715930184058112.000000 3.382230520 -1.859133601 -0.280890524 -0.787373900 -0.147867367 -0.567227542 0.190867856
1403715932284058112.000000 4.819355011 -1.458123207 -0.017360434 -0.742478192 -0.184234843 -0.628450274 0.140833393
1403715932534057984.000000 4.989518166 -1.368737340 0.045603316 -0.697293937 -0.172837749 -0.677980185 0.155727863
1403715932934057984.000000 4.829528809 -1.401425123 0.167077005 -0.695438087 -0.166660547 -0.681565285 0.155109659
1403715934534057984.000000 4.670975208 -1.365412474 0.762178719 -0.672392190 -0.134752512 -0.714320183 0.139560655
1403715934934057984.000000 4.482370853 -1.408922076 0.793330669 -0.685355425 -0.139893174 -0.697226822 0.156820357
1403715936634057984.000000 3.629576683 -1.641078711 0.464261055 -0.738255918 -0.129836604 -0.648618877 0.131963626
1403715937134057984.000000 3.521432638 -1.605098128 0.387511969 -0.781587780 -0.149033189 -0.592753530 0.124711789
1403715938034057984.000000 3.101477385 -1.610009670 -0.009034082 -0.799642861 -0.325804830 -0.463218808 0.199626938
1403715938334057984.000000 3.139111280 -1.462181330 -0.084166870 -0.761776865 -0.391788900 -0.460597694 0.232481033
1403715941034057984.000000 3.305616856 0.080322355 0.483790755 -0.753338456 -0.481808841 -0.376025170 0.242788851
1403715941634057984.000000 3.499694586 0.859754860 0.749577522 -0.589404285 -0.360528022 -0.597707391 0.406654716
1403715942134057984.000000 3.361918449 0.614393175 0.643792391 -0.620798826 -0.386972040 -0.565798640 0.380438268
1403715944484058112.000000 3.121456861 -0.209556550 -0.175319433 -0.702545464 -0.537955821 -0.352655590 0.304413348
1403715946284058112.000000 3.035602331 -0.137215748 0.322438359 -0.568079412 -0.701752245 -0.264455408 0.338958621
1403715947034057984.000000 2.662936926 0.338244945 0.586347818 -0.415438801 -0.619241118 -0.380029351 0.547292292
1403715947534057984.000000 2.600375652 0.136443004 0.618512213 -0.448417544 -0.622620702 -0.361400634 0.529768646
1403715948184058112.000000 2.694978237 -0.377384752 0.285377264 -0.519008458 -0.745529711 -0.231513783 0.348162383
1403715948384058112.000000 2.650478363 -0.298300207 0.210188553 -0.503679752 -0.727623224 -0.255721539 0.389201373
1403715949784058112.000000 2.419301271 0.104999810 -0.109298892 -0.398704261 -0.792508841 -0.203101844 0.414384425
1403715952734057984.000000 1.219559669 0.127746418 0.410431683 -0.064299099 -0.700700700 -0.049453851 0.708828986
1403715952884058112.000000 1.295671582 0.144703969 0.454670459 -0.054970205 -0.687744081 -0.046720125 0.722359836
1403715953484058112.000000 1.993401170 0.175440356 0.392830849 -0.042570777 -0.892582774 -0.004647168 0.448845357
1403715953684058112.000000 2.084257603 0.204500601 0.345741928 -0.007866916 -0.911665201 0.014923678 0.410587460
1403715954884058112.000000 1.229948640 -0.065726802 0.250762731 0.060157206 -0.712826431 0.047633652 0.697130382
1403715955084058112.000000 1.405234694 -0.136896133 0.231011778 0.062476862 -0.782827139 0.037844818 0.617936909
1403715955484058112.000000 1.802738786 -0.267926455 0.210051149 0.043390341 -0.884320259 0.044098921 0.462763846
1403715955684058112.000000 1.870639324 -0.330636382 0.221096545 0.045271803 -0.906599879 0.064593732 0.414553881
1403715956484058112.000000 1.449191213 -0.563023150 0.434943616 0.252770960 -0.682410955 0.188856304 0.659359872
1403715956684058112.000000 1.516780496 -0.562640667 0.489874780 0.280544549 -0.648839533 0.234210223 0.667418718
1403715957684058112.000000 2.465373278 -0.195869952 0.383974910 0.334810585 -0.861373723 0.151104450 0.350862741
1403715957884058112.000000 2.405801296 -0.332332611 0.324987799 0.330859661 -0.823525071 0.177828372 0.425106257
1403715958584058112.000000 2.128752947 -0.918073595 0.176489830 -0.353785664 0.597487569 -0.351753265 -0.627784967
1403715959584058112.000000 2.563350439 -0.286183059 -0.089723378 0.609647691 -0.674491048 0.284109563 0.304422975
1403715960384058112.000000 2.629941940 -0.811720312 0.085082084 -0.514824808 0.475861520 -0.513563454 -0.494736135
1403715961284058112.000000 2.829953671 -0.111241728 0.231114537 0.647365689 -0.650751948 0.275100380 0.285935968
1403715961484058112.000000 2.911624908 -0.203200713 0.307104856 0.618836105 -0.634687304 0.343307108 0.310409874
1403715962084058112.000000 3.082466364 -0.729394376 0.506496906 -0.564087629 0.418566734 -0.561249375 -0.437728345
1403715962434057984.000000 3.079825878 -0.613822460 0.464915067 -0.585678399 0.392591417 -0.603388608 -0.372525185
1403715965284058112.000000 2.595260382 0.196492434 -0.390392423 0.784726202 -0.186771721 0.579170287 0.117826529
1403715967484058112.000000 3.042612314 0.257681549 0.276196420 -0.691546142 0.182769388 -0.674324214 -0.183429152
1403715969484058112.000000 1.975285411 0.747294009 -0.118869856 0.899113119 -0.133212790 0.411591798 0.066648901
1403715969984058112.000000 2.217224360 0.763035417 -0.192415774 0.820951760 -0.079930127 0.552645564 0.119298793
1403715971034057984.000000 2.264771223 1.246075988 -0.166303799 0.888514519 -0.159993589 0.429854244 -0.013015577
1403715973634057984.000000 1.881704926 0.833354533 0.395223886 -0.840172768 -0.105740376 -0.518738270 0.117640734
1403715976584058112.000000 2.861583471 -0.556334913 0.348581374 -0.799083769 -0.181591600 -0.565894902 0.090844758
1403715978184058112.000000 3.015511751 0.277434587 0.316371083 -0.605293214 -0.536967039 -0.482446849 0.335457355
1403715978484058112.000000 2.843164444 0.476435393 0.299098760 -0.530009508 -0.608297944 -0.433491379 0.401433289
1403715980384058112.000000 1.496903896 -0.016608212 0.380260974 0.147757158 -0.769793451 0.067181237 0.617310703
1403715980634057984.000000 1.560267448 -0.322507232 0.395594716 0.232398599 -0.744333863 0.167290568 0.603300929
1403715980934057984.000000 1.739196658 -0.645484865 0.399067491 0.342046112 -0.706422865 0.272713631 0.556415856
1403715981234057984.000000 1.984900475 -0.871835649 0.401388556 0.451003045 -0.633785009 0.374678493 0.504508495
1403715981484058112.000000 2.207387447 -0.958781123 0.412380785 0.537787199 -0.553751767 0.457473129 0.441432208
1403715981734057984.000000 2.409116268 -0.932846487 0.433607787 0.612228632 -0.451369137 0.527027488 0.379056811
1403715981984058112.000000 2.567385674 -0.789339304 0.439499557 0.701208889 -0.367460608 0.537453234 0.290556222
1403715982284058112.000000 2.713213921 -0.536017001 0.453060269 0.754396617 -0.261672080 0.564754367 0.208484709
1403715982584058112.000000 2.816100359 -0.225349292 0.467798799 0.784827471 -0.151873618 0.586912692 0.128505677
1403715982884058112.000000 2.860983133 0.134030044 0.476647407 0.799560428 -0.027471805 0.598969996 0.034399711
1403715983134057984.000000 2.843014717 0.448872745 0.481859177 -0.797289670 -0.073476218 -0.597474515 0.044211790
1403715983384058112.000000 2.775455475 0.760297716 0.484972745 -0.778547585 -0.178339586 -0.588036120 0.127562717
1403715983634057984.000000 2.656886578 1.046828866 0.492579609 -0.729217112 -0.274369031 -0.582965970 0.230466545
1403715983884058112.000000 2.482633352 1.260050893 0.502231956 -0.676554620 -0.355393559 -0.559172928 0.321395487
1403715984134057984.000000 2.266571522 1.357674122 0.514544129 -0.636699796 -0.431572109 -0.511303663 0.383311242
1403715984284058112.000000 2.131053686 1.360614657 0.523961961 -0.614896655 -0.472791016 -0.477182031 0.413119882
1403715984484058112.000000 1.959283352 1.306728959 0.543383300 -0.573438168 -0.523195326 -0.443915486 0.447631866
1403715984684058112.000000 1.802566886 1.196560860 0.559083581 -0.533510387 -0.589918256 -0.397425652 0.457620084
1403715984784058112.000000 1.727401614 1.128039837 0.564567566 -0.510008276 -0.618423223 -0.367413849 0.471647590
1403715984884058112.000000 1.655662298 1.055320024 0.570455909 -0.483717799 -0.639338672 -0.337709635 0.493168801
1403715984984058112.000000 1.590985179 0.979460299 0.576245427 -0.453979820 -0.658592105 -0.314895928 0.510880888
1403715985934057984.000000 1.215111136 0.079574198 0.578904152 -0.488439441 -0.693114519 -0.269646913 0.456409752
1403715986184058112.000000 1.125402927 -0.099771231 0.481887281 -0.499462485 -0.668395221 -0.280153483 0.474656820
1403715986534057984.000000 1.049561024 -0.262521207 0.316528052 -0.477734298 -0.670119405 -0.313258827 0.473897606
1403715986784058112.000000 1.010103226 -0.350427985 0.181005657 -0.487120330 -0.697987556 -0.291367233 0.436614633
1403715987234057984.000000 0.911579370 -0.365482390 -0.006889541 -0.501785934 -0.634422183 -0.319978714 0.493288070
1403715987484058112.000000 0.905270219 -0.367467791 -0.098521277 -0.511303663 -0.623678982 -0.346154034 0.479343802
1403715987734057984.000000 0.926635563 -0.387046844 -0.177104041 -0.510742962 -0.637049496 -0.352167726 0.457479507
1403715988184058112.000000 0.954126716 -0.405177712 -0.295433104 -0.505923092 -0.655390739 -0.341903776 0.444529653
1403715988634057984.000000 0.945722282 -0.390316486 -0.362756193 -0.503329456 -0.634802401 -0.340090424 0.477518529
1403715989084058112.000000 0.993632138 -0.402836204 -0.390917122 -0.512786508 -0.647838175 -0.334168851 0.453527272
1403715989284058112.000000 1.028618813 -0.395848453 -0.391086310 -0.512437284 -0.647841752 -0.338409185 0.450764328
1403715989784058112.000000 1.109773159 -0.342853695 -0.392460465 -0.503637195 -0.640540004 -0.353594571 0.459378898
1403715990234057984.000000 1.162641525 -0.308298856 -0.434174001 -0.495334864 -0.647644877 -0.357769102 0.455193192
1403715990434057984.000000 1.171616793 -0.308087438 -0.468690813 -0.493539810 -0.651196778 -0.357427329 0.452334911
1403715990834057984.000000 1.144154668 -0.315939456 -0.593200028 -0.496854931 -0.660881519 -0.350384146 0.440002024
1403715991234057984.000000 1.062886596 -0.307844907 -0.649748623 -0.488466084 -0.659404576 -0.359185517 0.444490939
1403715991634057984.000000 1.066960573 -0.308904052 -0.656862974 -0.493869811 -0.652682662 -0.352936745 0.453358233
1403715991984058112.000000 1.067399144 -0.309666663 -0.659926057 -0.493821591 -0.652472615 -0.353026628 0.453642964
1403715992484058112.000000 1.067200541 -0.310323954 -0.659977257 -0.494182974 -0.652346492 -0.352713019 0.453674823
1403715992984058112.000000 1.067345262 -0.311288089 -0.659401834 -0.494440496 -0.652212560 -0.352499843 0.453752488
1403715993484058112.000000 1.067398906 -0.311419129 -0.659304500 -0.494591564 -0.652208388 -0.352251202 0.453786790
1403715993734057984.000000 1.067349911 -0.311152488 -0.659255981 -0.494315773 -0.651872814 -0.352754354 0.454178512
