1403715893384058112.000000 0.194104895 0.739085436 0.061299864 -0.594732642 -0.574574292 -0.414661616 0.379754215
1403715894134057984.000000 0.144693792 0.703830361 0.157236338 -0.598944426 -0.574009061 -0.405295819 0.384076238
1403715897084058112.000000 -0.720423877 0.735713005 0.839960992 -0.638696849 -0.506975055 -0.345493734 0.464410037
1403715899884058112.000000 3.391628027 0.304276049 0.736618042 -0.680560291 -0.489084005 -0.467685729 0.280899793
1403715901484058112.000000 3.826562643 1.390081167 0.778748810 -0.643375337 -0.431929976 -0.521495163 0.357137918
1403715901634057984.000000 3.762282372 1.360388279 0.802821219 -0.652540803 -0.438271701 -0.512487829 0.345636696
1403715902034057984.000000 3.550842524 1.191658258 0.856248796 -0.667086244 -0.448879004 -0.493657529 0.331369698
1403715902234057984.000000 3.428749084 1.079269528 0.873237193 -0.661442280 -0.455654532 -0.499981910 0.323869199
1403715902434057984.000000 3.290465593 0.958701491 0.883606970 -0.664934397 -0.466619372 -0.493711352 0.310447574
1403715902984058112.000000 2.861717939 0.669140816 0.864454389 -0.666211069 -0.510564983 -0.429723710 0.332902253
1403715904984058112.000000 1.580777287 1.170168996 1.246623397 -0.212376609 -0.770382702 -0.167064607 0.577491283
1403715905784058112.000000 1.420011640 1.071709156 0.899544895 0.015817432 -0.818321884 0.019808652 0.574201047
1403715908484058112.000000 1.815288186 0.221310616 0.842051148 0.779306829 -0.185320184 0.583811998 0.132290661
1403715911184058112.000000 0.775672078 1.185197115 0.545970500 -0.403146029 -0.675361454 -0.319004327 0.528768957
1403715913284058112.000000 0.147543341 -0.245573357 0.756711721 0.132109419 -0.796270132 0.098475032 0.582068384
1403715914934057984.000000 1.043587446 -1.726489305 0.747097611 0.029904760 -0.865114570 0.109032638 0.488665998
1403715915384058112.000000 0.940476239 -2.005760193 0.786167920 0.028077612 -0.843656838 0.076136090 0.530714869
1403715915734057984.000000 0.701874852 -2.099460840 0.720638931 0.068188034 -0.826467872 0.040207509 0.557390928
1403715918384058112.000000 -0.766829133 -2.048491955 0.254029959 -0.214464232 -0.760839581 -0.139559880 0.596365094
1403715919034057984.000000 -0.353650481 -1.934646487 0.074700423 -0.270390034 -0.799946606 -0.175313190 0.506201625
1403715919384058112.000000 -0.234753937 -1.825409055 0.127889425 -0.227334097 -0.802153587 -0.220091790 0.506387770
1403715919884058112.000000 -0.269102454 -1.747139215 0.007933024 -0.240825146 -0.785548031 -0.202162981 0.532961428
1403715922734057984.000000 -1.100755572 -1.669929266 1.294957399 -0.173466414 -0.785614192 -0.114932314 0.582675219
1403715922884058112.000000 -1.103348136 -1.664911151 1.367374182 -0.167527720 -0.788707078 -0.121525891 0.578884304
1403715923434057984.000000 -1.069721937 -1.705391884 1.570157528 -0.175001323 -0.801984787 -0.107814848 0.560866117
1403715923884058112.000000 -1.024154305 -1.728830576 1.587395310 -0.192643791 -0.786420286 -0.079378858 0.581489861
1403715924284058112.000000 -0.907050908 -1.670209765 1.370170116 -0.173081443 -0.780525684 -0.106466435 0.591174543
1403715924484058112.000000 -0.811126471 -1.637295723 1.252003074 -0.173234612 -0.793458402 -0.108741917 0.573226750
1403715924884058112.000000 -0.604226708 -1.547452569 1.029732943 -0.222547695 -0.789135993 -0.108194441 0.562166333
1403715925084058112.000000 -0.486881614 -1.467184544 0.933533907 -0.259999007 -0.762217999 -0.153049096 0.572713137
1403715925334057984.000000 -0.303689569 -1.364053130 0.876449883 -0.317571104 -0.733196259 -0.203927740 0.565672517
1403715925534057984.000000 -0.125217870 -1.290972233 0.865553319 -0.380175114 -0.720385075 -0.220342860 0.536620319
1403715926334057984.000000 0.795579016 -0.951223671 0.760165393 -0.561357200 -0.563947856 -0.384185195 0.468233645
1403715927434057984.000000 2.187101841 -1.050117016 0.452537000 -0.683700323 -0.389294207 -0.567573845 0.242618933
1403715930284058112.000000 1.817212343 -1.878695607 0.449969590 0.798159242 -0.019027768 0.594447553 -0.095979273
1403715932634057984.000000 3.495722771 -2.065937519 0.802701056 -0.700101256 -0.036292929 -0.712487459 0.030046266
1403715932934057984.000000 3.313883305 -2.042339802 0.895232797 -0.713663280 -0.032422408 -0.699311614 0.024431763
1403715934484058112.000000 3.146488428 -1.951899409 1.488176823 -0.697671771 -0.004917968 -0.716399610 0.001272938
1403715934984058112.000000 2.907139540 -1.920262814 1.525757313 -0.723404467 -0.007432689 -0.689956963 0.024291899
1403715936284058112.000000 1.882055640 -1.884181738 1.233247519 -0.814602435 -0.008281068 -0.579925418 -0.006398852
1403715936784058112.000000 2.131063461 -1.794065475 1.173992276 0.751976728 -0.016403783 0.658909321 -0.010018572
1403715938134057984.000000 1.648346305 -1.566391706 0.681680441 -0.844716072 -0.190639943 -0.485483289 0.120072186
1403715938384058112.000000 1.756474018 -1.446623445 0.651330471 -0.810225904 -0.255804688 -0.506620109 0.146403864
1403715941034057984.000000 2.453629971 -0.101442412 1.217629552 -0.830362082 -0.331598788 -0.415176451 0.167838365
1403715941634057984.000000 2.921158791 0.549960732 1.485101819 -0.646520913 -0.243245438 -0.663554370 0.287294537
1403715942084058112.000000 2.753257990 0.427052200 1.400865555 -0.659001112 -0.252141297 -0.650851071 0.280241340
1403715944884058112.000000 2.166771889 -0.321340948 0.644264400 -0.743822455 -0.498655051 -0.355681479 0.267510772
1403715946184058112.000000 2.152783632 -0.213604480 1.031543255 -0.690481782 -0.567081213 -0.343935013 0.288725853
1403715946934057984.000000 1.978801131 0.318975061 1.294665098 -0.535561383 -0.538363695 -0.464102507 0.456012428
1403715947184058112.000000 1.914568067 0.408599645 1.358111501 -0.500324547 -0.498877645 -0.503997266 0.496772796
1403715947684058112.000000 1.782350302 0.046213128 1.296473622 -0.605362892 -0.557806730 -0.390833944 0.411869138
1403715948184058112.000000 1.716899633 -0.307337850 1.019462109 -0.649965703 -0.634562373 -0.292647302 0.298718542
1403715949884058112.000000 1.621434808 0.284542650 0.620433629 -0.522530854 -0.720966995 -0.269556165 0.366752893
1403715952084058112.000000 0.854626238 0.408766299 0.942987680 -0.318427026 -0.777052879 -0.181734413 0.511630356
1403715952884058112.000000 0.603085279 0.706873477 1.181326509 -0.183421448 -0.664566159 -0.181823239 0.701176763
1403715953884058112.000000 1.301952839 0.533976197 1.066820025 -0.134356305 -0.901445627 -0.062632456 0.406720191
1403715954084058112.000000 1.102478981 0.635984480 1.070395708 -0.059284035 -0.863496542 -0.121211559 0.485969990
1403715954534057984.000000 0.547229826 0.680578172 1.018934846 -0.071175486 -0.723124146 -0.094083652 0.680568814
1403715954784058112.000000 0.441030562 0.588634431 0.995209694 -0.072904199 -0.690047860 -0.086148605 0.714910805
1403715955484058112.000000 0.924181640 0.133887827 0.943139315 -0.123876259 -0.876449943 -0.043770660 0.463221639
1403715955684058112.000000 0.964427590 0.050918013 0.954178870 -0.126267284 -0.898710072 -0.014616876 0.419717968
1403715956484058112.000000 0.486348987 -0.007339045 1.167549849 0.119731106 -0.717492163 0.061328739 0.683453262
1403715956684058112.000000 0.548343897 -0.032613229 1.222402334 0.153308824 -0.689722121 0.104439884 0.699908733
1403715957484058112.000000 1.495741606 0.003022984 1.194171071 0.161804318 -0.892427087 0.095181257 0.410285234
1403715957884058112.000000 1.457116365 -0.150228992 1.061917305 0.169669062 -0.871122181 0.094451807 0.451040536
1403715958784058112.000000 1.087801218 -0.592487991 0.863073885 0.263659328 -0.676424146 0.267222315 0.633661091
1403715960584058112.000000 1.545650244 -0.617304564 0.854642451 0.422316641 -0.573934972 0.400954902 0.575745106
1403715960984058112.000000 1.775341272 -0.236199111 0.903240383 0.505022049 -0.709533811 0.265437037 0.413591355
1403715961384058112.000000 1.966506124 -0.144104615 0.997639358 0.498801798 -0.758308649 0.241783097 0.343082786
1403715961784058112.000000 1.960291743 -0.536474943 1.182115793 0.489092290 -0.626300156 0.384164363 0.470058262
1403715962034057984.000000 1.940453291 -0.749014020 1.234986186 0.481482625 -0.534666121 0.451181233 0.527960360
1403715962234057984.000000 1.951977730 -0.788017273 1.233211040 -0.473091096 0.484150976 -0.503971398 -0.536465883
1403715964284058112.000000 1.647640824 0.344234169 -0.002427923 0.767183900 -0.345795482 0.485760659 0.236412466
1403715966934057984.000000 2.018232346 0.217521459 0.798111320 0.798936784 -0.379946381 0.417138517 0.208173260
1403715969284058112.000000 1.605533242 0.927958250 0.698862374 0.817404270 -0.287088156 0.473413765 0.159091637
1403715969534057984.000000 1.443544388 1.018915772 0.597865343 0.863563597 -0.295800269 0.380537570 0.148159191
1403715970934057984.000000 1.959508896 1.344008088 0.553081453 0.819533885 -0.319953948 0.468961686 0.077901632
1403715971184058112.000000 1.898916245 1.341263533 0.613683343 0.866357923 -0.293501943 0.394110799 0.089203231
1403715973484058112.000000 1.545022368 1.158995390 1.139421701 0.830438316 -0.049617812 0.554726839 -0.013724823
1403715976284058112.000000 1.692340136 -0.490115434 1.051481485 -0.821719944 -0.007196863 -0.569778204 -0.008801733
1403715978234057984.000000 2.248528004 0.235580146 1.049760580 -0.683807075 -0.432184458 -0.533798575 0.246340394
1403715980434057984.000000 0.713681638 0.419327140 1.120168686 0.017763134 -0.783297300 -0.031270608 0.620606184
1403715980734057984.000000 0.678942561 0.045332156 1.134325624 0.126175404 -0.770089269 0.088064477 0.619101763
1403715981034057984.000000 0.761265755 -0.305804253 1.134899616 0.241904750 -0.744848073 0.201135904 0.588411391
1403715981334057984.000000 0.933102667 -0.570567369 1.139841080 0.364955157 -0.685208440 0.308787048 0.549497783
1403715981634057984.000000 1.159876347 -0.702202797 1.161113620 0.477454394 -0.593127787 0.420565516 0.493316859
1403715981884058112.000000 1.361067653 -0.672075331 1.172626495 0.582513690 -0.521160364 0.462411195 0.418623418
1403715982134057984.000000 1.557333231 -0.549709260 1.180740595 0.659944534 -0.446740776 0.493869066 0.347835183
1403715982434057984.000000 1.779308081 -0.332728326 1.196149945 0.718189240 -0.351289153 0.534299314 0.274453133
1403715982734057984.000000 1.976779103 -0.048291113 1.206584692 0.762449265 -0.239324853 0.569259226 0.193232358
1403715982984058112.000000 2.104948759 0.233297557 1.213488698 0.788740098 -0.137376890 0.587718546 0.116634317
1403715983234057984.000000 2.187512159 0.540019095 1.216852069 0.798781633 -0.037871867 0.599398136 0.035148714
1403715983484058112.000000 2.220274925 0.855255008 1.219159126 -0.790816009 -0.072069466 -0.605508089 0.052687332
1403715983734057984.000000 2.188159466 1.152778864 1.228927851 -0.751845360 -0.168422997 -0.617804825 0.157096863
1403715983984058112.000000 2.069966078 1.382178664 1.239261627 -0.719385982 -0.254782170 -0.599705875 0.240671426
1403715984134057984.000000 1.961766601 1.472399712 1.246588826 -0.706863105 -0.303560376 -0.574411035 0.279727846
1403715984284058112.000000 1.836162925 1.525528789 1.255922556 -0.693261445 -0.348145664 -0.546512604 0.315447628
1403715984534057984.000000 1.608848333 1.532987118 1.280166626 -0.655129910 -0.421654224 -0.511292100 0.362757325
1403715984684058112.000000 1.467440367 1.495440960 1.291558266 -0.635479689 -0.478523195 -0.476561546 0.374259502
1403715984834057984.000000 1.323763490 1.440130830 1.300375104 -0.607359886 -0.523745298 -0.436795056 0.407449305
1403715985434057984.000000 0.855994821 1.082559347 1.339146137 -0.505178392 -0.619597852 -0.399885774 0.448313147
1403715985734057984.000000 0.643451214 0.825121164 1.342501283 -0.572914302 -0.608480692 -0.369855344 0.405866504
1403715985984058112.000000 0.469461143 0.642273068 1.301768422 -0.613567889 -0.582225859 -0.353361875 0.399603397
1403715986484058112.000000 0.236429036 0.431658983 1.079346895 -0.595397592 -0.562957585 -0.398815215 0.411736548
1403715986734057984.000000 0.165218294 0.355799198 0.943520665 -0.609821141 -0.590955257 -0.370700389 0.376126885
1403715987134057984.000000 0.070044994 0.359988213 0.768763304 -0.605871797 -0.550711751 -0.399219930 0.412625015
1403715987434057984.000000 0.046368726 0.372337848 0.654785573 -0.620170355 -0.513132095 -0.425807238 0.413246214
1403715987684058112.000000 0.058304317 0.349252939 0.572432756 -0.622089446 -0.526863694 -0.432471842 0.385210991
1403715987934057984.000000 0.070936128 0.319683015 0.497599483 -0.629081130 -0.545401990 -0.416317225 0.365340561
1403715988184058112.000000 0.080232032 0.315676242 0.438778907 -0.620488644 -0.548273027 -0.419753283 0.371749550
1403715988684058112.000000 0.078648224 0.329829425 0.365417272 -0.617832661 -0.525936067 -0.418869823 0.407703459
1403715989134057984.000000 0.127716333 0.299557000 0.342990249 -0.624803603 -0.539898753 -0.415811270 0.381091654
1403715989334057984.000000 0.163190991 0.295441031 0.342685938 -0.625064909 -0.539439082 -0.418290824 0.378592342
1403715989834057984.000000 0.258378983 0.317504048 0.338337004 -0.613416433 -0.534437954 -0.435888469 0.384834617
1403715990284058112.000000 0.315546811 0.326290816 0.289112806 -0.607868433 -0.543703616 -0.437055945 0.379294753
1403715990734057984.000000 0.307177722 0.322855592 0.172033489 -0.610527098 -0.553660035 -0.429887027 0.368665665
1403715991184058112.000000 0.223942131 0.361388922 0.079767898 -0.606479406 -0.551951885 -0.433579177 0.373551995
1403715991534057984.000000 0.222675994 0.357928216 0.076955445 -0.607226729 -0.548731923 -0.432473212 0.378333181
1403715992034057984.000000 0.218519360 0.351470917 0.073449641 -0.607677460 -0.547985613 -0.431912124 0.379330814
1403715992534057984.000000 0.214074820 0.344421625 0.073789820 -0.607825577 -0.547892213 -0.431726307 0.379439861
1403715993034057984.000000 0.211458474 0.338382035 0.075376429 -0.608065963 -0.547837317 -0.431479663 0.379414588
1403715993534057984.000000 0.211228400 0.336715341 0.077400334 -0.608214736 -0.547836840 -0.431237012 0.379452527
