#Stereo rect[ms], MP culling[ms], MP creation[ms], LBA[ms], KF culling[ms], Total[ms]
6.403281,0.104774,1.032679,0.016719,0.016719,7.565077
8.598393,0.262538,3.401767,0.002226,0.002226,12.266911
8.491798,0.540629,3.983319,0.417782,0.417782,28.422974
8.075953,0.250135,4.917994,0.542743,0.542743,28.808730
8.099776,0.219369,9.113634,0.489529,0.489529,31.577378
8.477268,0.277141,10.509229,0.929530,0.929530,45.975281
9.696414,0.394109,15.920191,0.719195,0.719195,44.876045
9.258329,0.350589,16.277931,0.731790,0.731790,48.579376
9.877446,0.314984,18.024262,1.060704,1.060704,67.541560
9.022098,0.258475,17.547064,46.464270,46.464270,113.070174
10.294782,0.178586,20.410480,1.224370,1.224370,71.952579
10.509684,0.307374,27.735115,1.245315,1.245315,77.586536
7.704597,0.140519,22.949987,1.096194,1.096194,70.443126
10.479498,0.215795,22.955943,1.436747,1.436747,75.313632
10.315776,0.214790,20.631663,1.579650,1.579650,72.792175
7.212141,0.147420,18.008522,1.740801,1.740801,69.291247
9.762194,0.179201,17.527233,1.786420,1.786420,76.174493
9.733685,0.179982,15.385920,2.132984,2.132984,74.756287
7.166200,0.097138,13.627145,2.344929,2.344929,71.227996
9.154502,0.138101,13.483565,2.127454,2.127454,73.481211
14.210433,0.187376,31.482181,2.712446,2.712446,119.515354
13.691657,0.205439,39.015398,3.145635,3.145635,123.230624
6.584944,0.116166,16.434424,3.791676,3.791676,273.390037
7.499117,0.130717,14.611999,3.435104,3.435104,80.146325
8.012158,0.073429,14.316764,3.377342,3.377342,86.552439
8.279354,0.111503,13.714974,4.187342,4.187342,84.202170
11.697680,0.216183,27.425276,3.478667,3.478667,118.945412
10.413983,0.173433,26.768429,3.050052,3.050052,116.145478
11.297035,0.228905,25.939022,5.010629,5.010629,107.907770
7.767775,0.187724,18.695164,3.724651,3.724651,106.734260
6.245265,0.158505,29.378567,4.564129,4.564129,119.272979
11.712057,0.491636,37.478855,3.149532,3.149532,129.869343
7.121669,0.180554,15.008602,4.157648,4.157648,95.425547
11.387033,0.353337,26.300062,4.117114,4.117114,110.679511
14.159964,0.261566,28.680266,4.038415,4.038415,126.869473
12.955441,0.362600,32.994662,3.925036,3.925036,122.620440
12.919996,0.279251,35.063998,4.645170,4.645170,128.419198
8.868110,0.144833,16.167301,2.930030,2.930030,90.773264
6.454273,0.123107,18.066516,4.678660,4.678660,91.359547
5.927659,0.112749,15.350419,2.519938,2.519938,81.988698
7.103908,0.184870,18.653747,4.878976,4.878976,93.755504
6.590105,0.119190,14.910669,4.074155,4.074155,88.866548
6.458432,0.137715,14.448333,3.514672,3.514672,84.431479
6.115848,0.143286,15.529448,2.595851,2.595851,82.892030
11.069119,0.253742,29.912738,4.534191,4.534191,107.502040
12.004164,0.305791,34.954159,3.318761,3.318761,144.923041
13.611513,0.301220,33.764464,4.175718,4.175718,129.408631
10.415888,0.192436,29.454594,2.798471,2.798471,118.356504
10.216830,0.165080,25.977283,4.408843,4.408843,122.298471
12.001079,0.235377,34.293108,4.437816,4.437816,125.568975
9.775607,0.140025,24.505587,3.702861,3.702861,107.013048
6.718658,0.125314,14.942199,5.879666,5.879666,100.639525
10.471833,0.264166,29.640239,3.525175,3.525175,105.649152
6.078472,0.117914,15.797833,3.542878,3.542878,87.555622
6.029017,0.144259,19.495235,7.139317,7.139317,98.828095
5.934378,0.138146,17.070646,4.167309,4.167309,85.710481
6.231587,0.118505,16.404236,3.559665,3.559665,86.826198
6.442915,0.140255,20.027061,3.714296,3.714296,92.923362
5.827882,0.128045,17.261613,4.839109,4.839109,106.385560
5.573209,0.131396,15.873029,4.270216,4.270216,92.250805
10.389498,0.247724,26.763115,4.143916,4.143916,103.505761
5.906202,0.128243,17.333205,3.691692,3.691692,85.933559
6.394420,0.111678,13.746792,4.166041,4.166041,90.693896
6.600969,0.119496,15.546217,2.983424,2.983424,90.699137
7.002823,0.128238,16.462936,5.180189,5.180189,98.542653
6.024881,0.145763,16.383905,3.510170,3.510170,90.076104
12.642812,0.279573,32.833543,3.673130,3.673130,129.678421
6.697841,0.201373,25.170835,4.844620,4.844620,110.203810
6.864300,0.160154,15.541319,3.975980,3.975980,91.327651
6.979929,0.145876,15.868170,4.075735,4.075735,91.716807
6.909692,0.145090,15.146165,4.497291,4.497291,92.680687
6.909814,0.136923,16.736509,3.652513,3.652513,92.019930
6.026578,0.132884,17.943358,6.052073,6.052073,100.536395
6.735780,0.123769,19.449505,5.762128,5.762128,100.800891
5.698336,0.128771,17.125207,3.762288,3.762288,93.130960
5.671966,0.129729,15.972117,3.692561,3.692561,85.766846
6.385759,0.130486,17.741127,4.814536,4.814536,97.671091
6.499198,0.138556,15.969209,4.373387,4.373387,87.273895
6.452238,0.095946,18.255710,3.367473,3.367473,89.791615
6.239046,0.094882,15.853134,3.346408,3.346408,199.155468
6.778457,0.263470,18.892753,5.206504,5.206504,95.333493
6.259507,0.113837,16.501288,3.728931,3.728931,91.252886
9.389326,0.260288,17.924083,2.791214,2.791214,114.089090
11.655987,0.447778,41.038655,3.651032,3.651032,130.876188
6.274984,0.208888,16.652128,5.173710,5.173710,101.646759
10.836003,0.268669,33.589755,2.664704,2.664704,112.297424
9.548827,0.239572,29.777219,2.925337,2.925337,110.372089
9.687671,0.218186,24.457737,4.496300,4.496300,106.764192
12.024055,0.173706,26.354179,4.368483,4.368483,118.417639
8.925446,0.165568,22.337485,2.884186,2.884186,97.770125
9.617234,0.260027,18.451294,4.639516,4.639516,96.585216
10.933056,0.327510,30.307299,4.359363,4.359363,115.542853
8.251032,0.119076,22.860650,4.378431,4.378431,98.494914
6.250748,0.109721,16.928480,3.376129,3.376129,85.720706
6.033424,0.136489,15.818159,2.704301,2.704301,82.535601
6.151610,0.099970,14.876562,4.440014,4.440014,81.187379
6.662237,0.108247,16.841525,3.178810,3.178810,86.511524
5.609228,0.083367,13.838561,2.326358,2.326358,84.997630
5.226589,0.107813,12.451807,4.126267,4.126267,77.917862
8.224879,0.162692,18.108015,5.070622,5.070622,99.299843
9.738560,0.084614,19.665211,5.037989,5.037989,101.401056
9.630015,0.153283,29.626884,4.281647,4.281647,118.971460
10.672303,0.072317,17.404308,5.245963,5.245963,101.672318
10.174497,0.074252,27.244833,3.348664,3.348664,115.248998
10.367733,0.063416,26.504350,3.435373,3.435373,102.705367
10.140522,0.052739,19.339967,5.394696,5.394696,101.577690
11.056503,0.050772,23.388587,2.315787,2.315787,127.729654
11.728126,0.032966,23.355757,3.372570,3.372570,121.516041
12.741523,0.039189,22.227567,3.106587,3.106587,180.793246
11.963511,0.028817,19.026345,3.189732,3.189732,103.174093
13.199206,0.039133,15.797067,4.036108,4.036108,123.138711
7.169705,0.024832,6.940653,3.919749,3.919749,93.752477
7.283825,0.017476,7.422184,4.779459,4.779459,92.652277
14.313604,0.029253,11.338699,4.539952,4.539952,111.282061
15.100124,0.027020,17.407264,5.107512,5.107512,107.298434
17.073048,0.035870,20.275859,4.053032,4.053032,123.334031
18.418735,0.035544,21.468880,5.461314,5.461314,132.063010
16.513063,0.021136,16.235995,5.586524,5.586524,132.560100
17.572001,0.023690,17.766393,5.693999,5.693999,133.837335
16.983995,0.036258,20.645465,5.847583,5.847583,146.082054
19.837672,0.024493,20.675127,5.751997,5.751997,136.252592
14.347980,0.013518,8.867614,6.353115,6.353115,130.479220
13.477692,0.020081,10.989160,7.524955,7.524955,135.743968
18.098561,0.028286,14.830398,7.133801,7.133801,139.269938
21.366005,0.032431,12.879194,10.395392,10.395392,140.224465
18.599281,0.040097,15.398732,7.682660,7.682660,174.718078
20.573665,0.053331,23.396952,7.146200,7.146200,152.180378
22.649792,0.046562,19.771479,8.574222,8.574222,143.451453
21.198815,0.047289,26.154567,8.787300,8.787300,155.901659
21.545755,0.031692,24.151046,9.179332,9.179332,142.984927
16.918483,0.018390,10.135511,8.507675,8.507675,136.466332
21.565890,0.031193,25.729873,7.110773,7.110773,147.517628
10.489121,0.015622,20.746862,8.628014,8.628014,139.689578
16.132053,0.019427,14.564813,8.725444,8.725444,132.301092
19.051875,0.019742,24.226939,11.201764,11.201764,155.695134
18.640729,0.021854,19.593078,8.840009,8.840009,143.465276
17.901955,0.021125,15.615469,8.657888,8.657888,164.825946
21.660422,0.018372,14.442775,8.554771,8.554771,139.750728
11.540876,0.019145,13.669515,8.195513,8.195513,134.743047
26.683093,0.070890,24.616602,9.147659,9.147659,159.013900
16.714787,0.020046,13.772327,8.592321,8.592321,136.298745
24.972255,0.031186,23.309820,7.610712,7.610712,151.279097
11.232348,0.013760,13.026811,8.366304,8.366304,135.770123
22.965485,0.025311,16.904718,9.372108,9.372108,215.331136
15.322277,0.016666,16.913950,8.746659,8.746659,139.532580
19.855145,0.030780,20.646963,11.186047,11.186047,145.419611
23.846311,0.033276,22.578962,7.353448,7.353448,186.076497
26.790238,0.036716,29.107227,10.376739,10.376739,199.435195
24.909246,0.040660,25.698779,9.888936,9.888936,149.807859
24.898520,0.043092,28.248449,10.609075,10.609075,156.203302
19.514349,0.047039,26.526044,11.594733,11.594733,161.975070
8.884292,0.024623,9.815535,9.222382,9.222382,148.778720
19.007153,0.079250,23.304791,9.924441,9.924441,146.949736
9.075282,0.056832,10.796739,9.430981,9.430981,116.097961
6.770229,0.064001,8.891350,8.032118,8.032118,139.185908
7.846244,0.085537,17.563965,12.091460,12.091460,156.277549
13.734623,0.246981,38.280228,9.150883,9.150883,149.140573
16.664653,0.267215,38.568843,11.169053,11.169053,159.459309
16.133561,0.344859,37.310947,10.325824,10.325824,153.524589
16.137397,0.339987,24.253679,7.785794,7.785794,135.528448
15.011346,0.479730,44.148868,8.431036,8.431036,164.141418
10.645166,0.231590,38.999938,11.498519,11.498519,153.912672
16.956310,0.408682,43.452717,8.995509,8.995509,162.919690
15.986577,0.345739,48.622595,9.836878,9.836878,170.934529
14.271279,0.384642,43.860238,7.167560,7.167560,168.200328
6.662328,0.156077,27.098290,11.033103,11.033103,140.037169
7.584421,0.183126,23.557899,9.386428,9.386428,133.393444
7.757916,0.155735,22.823735,6.985620,6.985620,130.730513
12.524003,0.281106,35.330488,9.624766,9.624766,150.524880
6.530522,0.124448,18.725066,9.200441,9.200441,134.261238
6.463717,0.140367,19.773056,6.655767,6.655767,132.363822
7.665673,0.169705,24.928664,8.766500,8.766500,134.969539
6.414103,0.176587,22.296646,8.295271,8.295271,134.366535
12.763355,0.368056,48.472570,7.983565,7.983565,170.138508
12.607175,0.380412,48.259285,6.667799,6.667799,168.931808
12.685917,0.386449,46.924358,9.142218,9.142218,174.411686
12.403869,0.406142,43.665906,7.348248,7.348248,169.282829
11.998291,0.365936,45.395185,7.531960,7.531960,172.345150
13.071523,0.421741,42.695320,10.113529,10.113529,195.478330
7.246336,0.232291,20.393145,8.401303,8.401303,151.075263
13.354617,0.633417,41.352821,9.880260,9.880260,198.749364
13.716086,0.607657,42.067513,8.489259,8.489259,193.077049
13.568880,0.406527,41.539348,7.891128,7.891128,193.861301
13.824171,0.411408,47.770336,10.013105,10.013105,206.594427
13.833450,0.462317,38.513138,8.540425,8.540425,188.379499
13.118138,0.403412,41.514235,6.578077,6.578077,199.162895
8.082930,0.230225,18.539852,7.472747,7.472747,167.481934
12.148866,0.397636,37.534424,10.956056,10.956056,202.607721
9.863056,0.276950,24.111562,7.529040,7.529040,168.545416
7.957514,0.377806,23.945143,6.958270,6.958270,171.587409
14.095595,0.374099,31.825800,9.195912,9.195912,188.372197
8.731307,0.225411,23.943570,7.670738,7.670738,170.025221
12.983251,0.372202,30.240611,6.502281,6.502281,185.960389
8.240751,0.250937,30.779366,6.546501,6.546501,174.917531
8.621280,0.238687,19.182604,7.897244,7.897244,165.925106
10.475604,0.248058,29.204661,11.904813,11.904813,186.463551
6.601633,0.189632,22.575497,6.742740,6.742740,166.398275
7.348137,0.220406,27.008027,8.562743,8.562743,178.043125
8.420631,0.210813,20.850524,7.768947,7.768947,169.186613
8.574232,0.209181,24.581532,8.625241,8.625241,174.525868
12.828708,0.331606,39.097938,7.225778,7.225778,194.367466
10.843664,0.312974,29.162498,6.898583,6.898583,186.845968
13.252879,0.364836,40.819620,7.591850,7.591850,195.905236
9.581050,0.294409,34.044982,6.886836,6.886836,188.373636
13.501690,0.366739,38.835998,9.092061,9.092061,194.171447
14.292524,0.514793,33.130012,7.402718,7.402718,188.831959
13.389817,0.298716,44.085595,8.824556,8.824556,225.146344
15.846123,0.426558,33.002932,7.880651,7.880651,198.349860
16.930056,0.488757,39.312229,9.084221,9.084221,206.348977
14.838780,0.272362,28.031036,8.239956,8.239956,190.154960
11.529640,0.222343,22.621474,8.745751,8.745751,187.970829
12.154902,0.195459,26.033289,10.722712,10.722712,192.846507
8.982988,0.217944,20.676613,7.489128,7.489128,172.725986
9.935462,0.282797,22.541558,10.335525,10.335525,175.931957
15.310514,0.360843,34.945090,11.878895,11.878895,197.458727
16.588861,0.501174,41.751279,8.598430,8.598430,212.000361
15.911452,0.642927,41.244017,10.507461,10.507461,214.859931
11.656822,0.383338,23.091386,9.667075,9.667075,170.513005
7.170840,0.303246,23.825974,7.728599,7.728599,173.299301
12.546783,0.294726,25.107159,10.618553,10.618553,183.451120
12.125468,0.304002,22.044173,11.273629,11.273629,196.842388
12.600026,0.291279,30.184779,10.575568,10.575568,199.507022
15.682970,0.451397,27.993067,10.209221,10.209221,179.617170
6.774667,0.251143,24.204691,10.571396,10.571396,175.490474
10.153633,0.354365,24.324613,9.545032,9.545032,183.012704
9.774803,0.283459,17.281183,11.865392,11.865392,176.437428
12.659057,0.475447,30.745853,8.163150,8.163150,193.097017
12.280592,0.504216,37.341707,11.844050,11.844050,191.455947
10.192858,0.296698,17.674959,12.008016,12.008016,199.077930
12.510993,0.465898,27.944884,10.121995,10.121995,185.953488
12.703160,0.463274,27.869714,7.595941,7.595941,183.879355
12.488955,0.466113,24.785631,12.065617,12.065617,192.656576
7.501896,0.262796,26.421389,9.554350,9.554350,194.516814
10.657628,0.269959,29.095308,9.719781,9.719781,182.988199
12.461062,0.375812,39.276286,8.826991,8.826991,196.681262
7.119079,0.222367,18.893799,5.580677,5.580677,162.839678
6.283478,0.194716,16.476987,6.664045,6.664045,158.975020
6.195119,0.231536,15.084528,9.244606,9.244606,160.739951
7.312820,0.296839,15.160936,6.339307,6.339307,165.437568
10.797793,0.294212,20.607997,6.835051,6.835051,175.861610
9.748230,0.233997,26.332004,6.989335,6.989335,193.072428
11.797228,0.406572,38.519376,7.013762,7.013762,200.426249
11.821871,0.411725,35.909423,7.957130,7.957130,197.305257
6.358434,0.241435,14.117353,8.512575,8.512575,156.901854
10.582046,0.310257,35.133519,5.141155,5.141155,194.954269
6.769739,0.183877,15.680086,7.851418,7.851418,173.966872
10.073934,0.178515,18.797774,6.429646,6.429646,168.207515
11.235458,0.309119,27.731532,6.372612,6.372612,172.713215
10.973602,0.373449,35.147053,6.417672,6.417672,187.143087
5.989005,0.241511,14.484756,7.821894,7.821894,158.412926
6.684897,0.225641,16.361766,6.838845,6.838845,165.035118
9.261377,0.232764,24.341034,4.155721,4.155721,176.701873
10.168573,0.425208,22.999754,6.508135,6.508135,166.935010
10.148381,0.489464,33.715106,5.178171,5.178171,186.235287
8.098772,0.213675,16.333674,5.749737,5.749737,168.898041
9.995808,0.440774,36.910752,4.935840,4.935840,183.458874
6.846679,0.227235,15.903960,7.621340,7.621340,157.558122
9.175587,0.443435,33.672965,4.450643,4.450643,174.611590
7.266054,0.296808,18.015162,8.792363,8.792363,155.785243
9.012852,0.503189,16.661330,9.040391,9.040391,160.235539
6.522743,0.303513,13.917468,6.403138,6.403138,144.491478
10.688500,0.467198,31.319548,5.236178,5.236178,167.239807
9.456906,0.422208,35.897408,6.380289,6.380289,177.863056
9.820055,0.345000,33.237827,8.475446,8.475446,160.604733
9.961538,0.404232,31.773102,5.095855,5.095855,156.303811
10.754586,0.451091,34.561227,7.327530,7.327530,177.081173
10.451929,0.396909,16.186663,6.471821,6.471821,132.421509
10.199704,0.385529,31.472316,6.560872,6.560872,154.931481
8.905522,0.288840,22.821831,8.068695,8.068695,150.864707
11.174441,0.348631,33.459450,6.167982,6.167982,155.236758
11.098408,0.339396,34.486509,5.308735,5.308735,158.585336
10.074145,0.248429,25.089906,6.380127,6.380127,135.637407
10.438316,0.271322,26.010998,5.110131,5.110131,136.338006
8.192798,0.424778,38.938926,6.480785,6.480785,155.507093
7.706614,0.196124,23.007684,5.239009,5.239009,135.993004
11.012094,0.277664,29.961895,6.050391,6.050391,150.042874
9.066894,0.283907,30.666508,8.241667,8.241667,147.025620
6.320917,0.171417,19.781368,4.837950,4.837950,129.071071
7.313410,0.315132,30.237413,8.399501,8.399501,148.529265
7.674470,0.314127,18.934303,6.687381,6.687381,132.632488
10.539501,0.826826,32.801273,9.489973,9.489973,157.781635
7.155567,0.249081,17.695471,7.124210,7.124210,134.619464
8.632903,0.267193,28.344910,8.053492,8.053492,160.278457
7.942519,0.293068,21.392852,8.539242,8.539242,138.758877
6.445217,0.198912,20.421424,7.859568,7.859568,134.908852
7.322352,0.194909,21.116823,9.060657,9.060657,146.542943
6.719699,0.214885,21.924568,10.101488,10.101488,148.093885
6.671937,0.235835,21.546942,9.614018,9.614018,137.748942
8.996376,0.265126,27.056274,8.047075,8.047075,148.372110
10.104905,0.319088,32.379808,8.295183,8.295183,156.687167
9.739252,0.307747,31.775874,5.862949,5.862949,167.134346
10.235510,0.265068,24.057501,8.857804,8.857804,151.354407
9.554143,0.252485,28.527828,6.474425,6.474425,159.130686
6.487265,0.187529,22.681228,9.759007,9.759007,151.428474
6.538105,0.223341,39.090851,6.737332,6.737332,166.568996
7.974318,0.217272,26.980048,7.107781,7.107781,152.094254
11.213424,0.202426,31.636173,9.671061,9.671061,168.363098
15.835042,0.267243,35.428266,8.733584,8.733584,170.779583
8.096906,0.179054,24.789421,6.081177,6.081177,161.558757
6.576451,0.134655,19.931617,9.011204,9.011204,152.761380
6.715937,0.168140,22.351781,9.454609,9.454609,152.656867
6.791952,0.140792,20.022394,15.098716,15.098716,152.532086
7.663059,0.266254,19.654443,9.943256,9.943256,149.114694
6.038944,0.137059,19.382065,8.313429,8.313429,139.443409
6.599124,0.166660,19.204663,8.271250,8.271250,144.566703
6.489040,0.168883,21.822169,6.719832,6.719832,143.801399
6.196312,0.158419,23.725547,7.913538,7.913538,138.613863
6.889877,0.251383,31.416742,10.956391,10.956391,163.848551
12.263849,0.423061,41.052919,10.014872,10.014872,190.456555
7.815991,0.256072,27.884839,7.777354,7.777354,162.723843
13.361886,0.371540,38.184427,9.560168,9.560168,190.116333
13.305731,0.407992,37.653896,10.559072,10.559072,190.281684
12.091037,0.283006,28.662380,12.234336,12.234336,177.131958
13.853533,0.523149,34.381446,14.601511,14.601511,191.298886
14.065580,0.411555,34.105114,11.259493,11.259493,189.247525
7.160357,0.232381,23.186999,9.530975,9.530975,164.903950
14.132761,0.366296,47.185851,12.796607,12.796607,193.504037
13.704583,0.342943,46.870270,12.555747,12.555747,215.626327
10.241103,0.195256,30.773537,11.799083,11.799083,187.556398
15.829056,0.301868,44.875771,15.821436,15.821436,202.876970
10.560442,0.220799,38.243099,16.131515,16.131515,199.221233
17.513142,0.533170,45.598000,12.943807,12.943807,210.540870
7.882252,0.195947,23.743952,14.877964,14.877964,176.441900
10.925383,0.274708,26.749101,13.659101,13.659101,201.948358
14.179366,0.416059,43.214121,11.960081,11.960081,203.804317
15.029563,0.629521,40.611833,12.119724,12.119724,205.737703
9.957963,0.287582,31.444312,13.401924,13.401924,198.459521
11.492047,0.290308,29.860122,13.333066,13.333066,195.475321
13.439825,0.447624,43.388743,11.391174,11.391174,208.879561
10.322455,0.339203,27.747694,10.316800,10.316800,193.330556
11.681271,0.413775,36.928993,10.218374,10.218374,197.895277
11.758752,0.509896,44.928885,10.361523,10.361523,226.909059
11.282729,0.476637,32.980445,8.407866,8.407866,210.674741
7.556919,0.289830,21.730248,8.949695,8.949695,197.210167
11.522421,0.466944,43.587673,11.007728,11.007728,225.320860
11.367603,0.447558,45.337565,8.382865,8.382865,215.474188
11.785262,0.425818,37.698688,9.309840,9.309840,201.775496
5.617208,0.228445,20.527558,9.165720,9.165720,175.248534
11.452863,0.300095,22.726724,7.447638,7.447638,197.633070
6.088883,0.190458,18.500892,8.912007,8.912007,173.807013
11.973291,0.371346,28.755929,8.534468,8.534468,193.074498
12.317931,0.409795,30.938153,8.446965,8.446965,195.737964
9.252043,0.335957,41.575802,7.400496,7.400496,216.315542
6.040494,0.243391,24.452504,9.839339,9.839339,199.186863
10.732087,0.301729,30.073509,8.023306,8.023306,205.645150
12.797549,0.501469,40.705534,6.473064,6.473064,221.391674
9.519641,0.288239,24.376518,8.599210,8.599210,199.176336
7.404708,0.302740,32.992507,8.527274,8.527274,195.501056
9.608778,0.278932,40.855671,12.247113,12.247113,212.793413
12.825181,0.423228,41.382484,9.785704,9.785704,214.511099
12.749779,0.470207,40.311458,11.050960,11.050960,205.005287
9.356288,0.234652,21.366358,12.391687,12.391687,198.514506
7.381644,0.221075,18.905739,11.936721,11.936721,170.282833
13.112136,0.354029,40.691369,11.705615,11.705615,201.803713
7.379383,0.237361,27.925375,11.473896,11.473896,174.716488
14.489598,0.564236,35.737921,10.317747,10.317747,193.919380
11.306612,0.212569,19.346064,10.337110,10.337110,169.467859
12.013618,0.225626,20.581906,7.911757,7.911757,177.410295
12.445516,0.400591,27.800931,9.599525,9.599525,172.866356
12.685544,0.471560,35.647040,7.872376,7.872376,196.252552
8.499364,0.241558,24.296597,9.760737,9.760737,164.857655
9.177964,0.322898,22.092441,10.404310,10.404310,152.149411
12.101042,0.413282,35.365606,8.275621,8.275621,167.542386
12.031276,0.357057,32.193069,8.753660,8.753660,168.850653
8.986941,0.260628,22.390170,9.494849,9.494849,153.363823
10.270260,0.293585,27.101228,11.772963,11.772963,161.833160
6.984055,0.148167,18.192326,10.192045,10.192045,140.464676
6.502674,0.156739,17.914456,11.584776,11.584776,142.680139
6.216623,0.160084,18.677929,8.124350,8.124350,138.792292
7.179092,0.177354,21.137267,10.688962,10.688962,143.929991
12.649418,0.389652,30.798286,9.295116,9.295116,157.191177
6.755888,0.152316,20.364574,8.361273,8.361273,136.863918
9.359826,0.252303,27.778900,11.459031,11.459031,158.149446
9.676511,0.377319,37.353954,8.426831,8.426831,160.857294
14.452241,0.324803,43.602141,8.946322,8.946322,171.742651
8.894038,0.229351,43.063333,10.382102,10.382102,171.590555
10.262855,0.195897,36.619221,11.212136,11.212136,169.504964
12.404176,0.266045,39.275587,10.746307,10.746307,175.327225
15.887839,0.310180,44.691814,12.033669,12.033669,195.650214
17.538996,0.338340,33.440383,12.981794,12.981794,183.860244
15.722616,0.305351,39.169407,11.104543,11.104543,171.007398
11.720127,0.183400,40.320867,11.141044,11.141044,173.340877
11.082728,0.189366,35.872484,10.476211,10.476211,169.153829
16.906006,0.328426,36.654572,11.631577,11.631577,183.815849
18.707922,0.323477,47.494136,15.558854,15.558854,206.012334
12.040754,0.188103,36.941833,10.232277,10.232277,170.718995
17.755797,0.328445,38.768943,15.834965,15.834965,195.585020
10.112760,0.176987,24.539411,15.374616,15.374616,172.461294
21.714458,0.365083,39.223699,17.040503,17.040503,219.916637
19.556232,0.307377,41.055538,13.962741,13.962741,223.910375
19.454611,0.302910,41.587205,13.619746,13.619746,220.651089
18.346326,0.389799,46.089254,12.356092,12.356092,222.722567
8.137371,0.144721,33.683027,14.066401,14.066401,198.962900
18.135833,0.520850,49.185011,15.354790,15.354790,241.278027
17.726772,0.274945,48.457941,18.643381,18.643381,252.931512
7.804171,0.136721,31.310937,18.164969,18.164969,205.077441
16.877823,0.288107,43.170205,14.591091,14.591091,245.635944
7.775416,0.149443,27.088381,16.844766,16.844766,209.629828
16.443201,0.248918,37.843551,14.174123,14.174123,232.770239
9.294594,0.169177,32.366207,15.347531,15.347531,229.630466
17.385409,0.314053,26.877081,13.782184,13.782184,220.894389
16.597395,0.243766,28.383087,11.155914,11.155914,225.559193
10.128134,0.194895,26.244482,13.952663,13.952663,217.664646
11.281062,0.221966,25.153123,15.842088,15.842088,231.780800
10.234736,0.192003,30.076635,12.377386,12.377386,226.969452
9.831824,0.209236,34.396397,12.759129,12.759129,232.960558
11.064271,0.328964,36.939040,13.324769,13.324769,256.453587
16.830864,0.379405,44.645388,14.636820,14.636820,263.387487
19.062695,0.369089,40.193387,19.448131,19.448131,259.015729
10.493876,0.189365,32.549534,13.866451,13.866451,241.138353
10.173716,0.254140,38.300803,15.478886,15.478886,263.120309
9.394890,0.245689,26.335742,14.822086,14.822086,230.837347
10.107988,0.208189,31.560266,15.628572,15.628572,234.443958
9.381959,0.240323,32.010421,12.087342,12.087342,228.788866
20.147650,0.448350,32.004770,12.786859,12.786859,231.586152
10.106288,0.221092,37.730686,14.287239,14.287239,236.803478
10.405957,0.210323,32.299987,13.516017,13.516017,228.230272
17.914411,0.582255,47.552052,13.993620,13.993620,250.929086
11.380777,0.232858,28.040590,17.217029,17.217029,204.072677
14.394657,0.320286,33.203179,15.870553,15.870553,218.568998
17.596298,0.479980,46.159423,14.689406,14.689406,232.471340
18.150506,0.440875,41.126585,14.190660,14.190660,226.218561
12.013158,0.312259,28.278044,15.917516,15.917516,202.594665
9.806985,0.230095,31.917431,14.427669,14.427669,196.026807
18.759531,0.531306,46.537409,16.708248,16.708248,253.312837
20.047759,0.475837,43.405855,14.647650,14.647650,227.527216
19.839726,0.533336,32.986743,25.292677,25.292677,222.618347
17.405951,0.344773,40.578818,15.245000,15.245000,224.765661
14.570029,0.226556,27.172663,19.158436,19.158436,215.584845
20.221759,0.708875,38.577277,15.737413,15.737413,231.235662
21.713832,0.401835,44.169745,18.433686,18.433686,260.008139
15.804598,0.286588,33.759029,19.156479,19.156479,226.743054
21.447200,0.267828,48.140879,22.257185,22.257185,258.258928
21.091511,0.330883,52.523340,23.098325,23.098325,268.204835
19.949860,0.334137,51.968392,22.055361,22.055361,256.938676
10.349161,0.193386,39.718291,19.862864,19.862864,230.760381
15.932495,0.489103,51.231639,15.886154,15.886154,251.519626
15.233419,0.434524,50.586886,11.857999,11.857999,234.660342
15.933565,0.351206,38.689517,12.236569,12.236569,234.704729
16.570172,0.532896,31.704943,13.852242,13.852242,225.879271
16.333174,0.329650,33.334854,13.601441,13.601441,229.848105
19.231521,0.335523,41.843830,21.091761,21.091761,263.187546
10.334653,0.170740,30.019596,25.224206,25.224206,233.916038
21.064711,0.330050,43.126701,19.634549,19.634549,261.867797
13.134901,0.171274,44.095047,19.497180,19.497180,235.730687
18.844907,0.163588,29.708649,16.024645,16.024645,226.307750
22.948487,0.293880,56.141784,22.938532,22.938532,261.298493
22.235466,0.299050,46.229748,24.932468,24.932468,258.857873
24.536154,0.217768,42.629878,22.010752,22.010752,260.013678
23.811343,0.257231,55.979547,24.812379,24.812379,269.405252
24.384103,0.227299,54.770156,24.709399,24.709399,264.664137
26.610244,0.145519,34.434023,22.713979,22.713979,261.247043
26.918213,0.207523,32.422298,23.497207,23.497207,261.367021
28.121565,0.185300,57.262936,21.282970,21.282970,273.678053
27.066120,0.289638,51.685421,21.775040,21.775040,268.788294
29.130939,0.197106,32.517749,24.720555,24.720555,261.010817
28.216737,0.251079,32.286884,23.692902,23.692902,266.593549
27.827073,0.119106,28.517847,24.079767,24.079767,255.412601
12.954466,0.109115,29.215175,19.195132,19.195132,235.265051
27.151028,0.352150,34.941469,18.840116,18.840116,270.675585
12.738603,0.134024,29.727718,20.745053,20.745053,242.530602
22.825036,0.178009,29.085253,20.210316,20.210316,261.662413
26.286163,0.357776,41.716079,18.071989,18.071989,270.592070
24.199544,0.162020,26.455638,26.904052,26.904052,266.874517
27.921841,0.240981,41.600858,18.678567,18.678567,277.730805
26.577267,0.292634,48.317310,22.174995,22.174995,281.934743
28.646789,0.304524,41.701420,17.608859,17.608859,278.148858
12.468818,0.162894,42.511092,17.665370,17.665370,261.703854
20.438514,0.291812,40.957184,21.646718,21.646718,278.962352
15.971690,0.214765,28.662795,23.946417,23.946417,267.237132
22.256404,0.353939,30.376046,22.876419,22.876419,272.032192
26.635648,0.395359,52.345620,23.906201,23.906201,296.576055
26.975243,0.305580,43.738568,20.345848,20.345848,286.088201
26.395047,0.287854,43.217204,22.837799,22.837799,286.295550
27.084173,0.308357,49.482984,27.351492,27.351492,302.958323
22.690092,0.331184,48.634823,22.909032,22.909032,288.479032
25.195328,0.315333,49.240678,27.611673,27.611673,322.416305
19.293149,0.227669,32.040231,20.815934,20.815934,269.697795
25.695344,0.323150,51.344987,20.335860,20.335860,294.525517
12.568580,0.171357,29.247042,24.093032,24.093032,269.550399
12.190120,0.179495,40.432036,24.589600,24.589600,267.412577
25.499225,0.320870,30.397656,24.618101,24.618101,268.131394
18.379445,0.206805,34.298065,20.159315,20.159315,272.396609
17.066288,0.191174,37.150503,22.767647,22.767647,264.482096
24.522383,0.348063,47.711796,19.817938,19.817938,282.205526
21.586933,0.194336,36.218556,25.251966,25.251966,275.019603
27.904130,0.368059,41.402387,22.479416,22.479416,277.710234
13.827503,0.161841,29.060249,23.619203,23.619203,265.522798
26.236927,0.325816,48.059424,23.680624,23.680624,290.702658
20.035707,0.236578,35.343619,22.224801,22.224801,269.424573
11.902296,0.177590,27.661573,20.328390,20.328390,262.114332
10.968901,0.179764,30.111818,24.839149,24.839149,269.912339
11.053245,0.176979,31.255143,20.213806,20.213806,241.090040
23.683832,0.402832,48.274090,18.396524,18.396524,274.029808
15.221596,0.192669,35.859175,24.708853,24.708853,266.566214
22.861211,0.371680,50.371458,19.523972,19.523972,272.125209
22.343389,0.359856,49.423239,17.547661,17.547661,280.386713
21.265473,0.228074,39.376197,25.937440,25.937440,265.417978
19.862673,0.186515,30.325736,23.471641,23.471641,262.310357
28.140575,0.310964,47.489286,21.404907,21.404907,284.859074
28.815672,0.313854,55.482416,19.983969,19.983969,279.793597
29.054570,0.417845,47.712276,20.105334,20.105334,277.317534
22.183238,0.196629,40.339236,22.765569,22.765569,264.813078
28.166364,0.297394,49.772064,21.736426,21.736426,272.718992
30.210993,0.315124,55.971605,23.528702,23.528702,294.016320
29.915372,0.276778,34.651787,24.109359,24.109359,261.634816
30.409086,0.283178,42.593854,19.945573,19.945573,266.488785
28.866717,0.334657,57.109573,21.332425,21.332425,284.764470
29.525761,0.415728,51.048205,20.698998,20.698998,282.096926
12.769699,0.142181,42.029084,23.205700,23.205700,267.414023
24.986399,0.284654,47.593989,21.872590,21.872590,268.949113
21.124354,0.149438,41.577022,22.420379,22.420379,265.227078
12.694634,0.174055,34.908403,21.494370,21.494370,241.785598
11.198908,0.189070,39.216760,22.841567,22.841567,259.366250
9.708014,0.197500,39.394044,21.733417,21.733417,245.462915
21.382928,0.438341,38.336975,20.481580,20.481580,264.932148
22.821026,0.425202,47.898154,21.709420,21.709420,269.383367
17.447631,0.365966,35.834293,22.044816,22.044816,263.725879
20.794269,0.220671,40.186178,21.650492,21.650492,268.084023
13.161603,0.183933,32.843806,22.076178,22.076178,265.416361
9.044024,0.215448,31.417241,21.405893,21.405893,241.618570
8.264898,0.177646,33.070865,22.187300,22.187300,263.655185
13.703669,0.469932,41.217139,21.957385,21.957385,261.227143
17.279448,0.535786,34.126389,23.708954,23.708954,270.543842
10.780860,0.173956,36.850117,18.317175,18.317175,250.703172
15.277795,0.362024,32.991746,19.901847,19.901847,247.145771
15.034676,0.238771,34.704439,17.502470,17.502470,239.825474
11.532879,0.156596,34.079470,18.989159,18.989159,239.887888
15.539699,0.253159,40.972784,18.370218,18.370218,258.350778
16.102945,0.249462,43.257661,19.739937,19.739937,268.034459
7.969902,0.129736,19.391519,23.970290,23.970290,222.367653
7.864618,0.092804,20.701162,26.026639,26.026639,221.460661
7.718513,0.092523,20.569620,24.324233,24.324233,211.843218
15.236662,0.166000,44.584827,17.736466,17.736466,239.130357
10.120521,0.087248,19.178010,19.176902,19.176902,209.535447
7.593734,0.151603,22.472867,19.669631,19.669631,196.091682
8.806879,0.103757,24.068772,17.770399,17.770399,195.312666
10.876737,0.076430,23.331230,13.920681,13.920681,114.105605
7.740727,0.052971,27.335009,19.135176,19.135176,207.152587
7.463263,0.096776,22.919321,14.694758,14.694758,94.041953
14.501561,0.061082,34.456568,21.136495,21.136495,207.844051
