1403636859051666432.000000 0.052829977 -0.101459429 0.166985184 -0.591591001 -0.556214809 -0.397701949 0.427174717
1403636861951666432.000000 0.130805552 -0.103110835 0.362333596 -0.617571294 -0.558465064 -0.401613891 0.381351233
1403636864551666432.000000 0.128301859 -0.101188406 0.602037311 -0.627117515 -0.541492164 -0.411936820 0.379233390
1403636866251666432.000000 0.114253730 -0.092178583 0.647314727 -0.606954098 -0.519973814 -0.442684680 0.406526953
1403636868851666432.000000 0.072036587 -0.230139986 0.375301987 -0.709590197 -0.608294249 -0.255028337 0.247831583
1403636871501666560.000000 0.479615867 -0.174539700 0.353185982 -0.739676595 -0.560630858 -0.285006285 0.239463970
1403636874351666432.000000 0.464460820 -0.160203174 0.320942044 -0.744519949 -0.568325758 -0.260783464 0.233854473
1403636876151666432.000000 0.137137115 -0.386085302 0.307132274 -0.825789332 -0.411337882 -0.316559255 0.220597729
1403636876351666432.000000 0.239645571 -0.400505364 0.310482502 -0.841086268 -0.380385131 -0.328342676 0.200180024
1403636876551666432.000000 0.360156119 -0.358795047 0.308553249 -0.844345927 -0.371733963 -0.339674354 0.183071345
1403636876701666560.000000 0.438772678 -0.292877585 0.312696099 -0.830823481 -0.383953094 -0.356401801 0.187856749
1403636878551666432.000000 0.168449968 -0.333617300 0.278184414 -0.775430739 -0.502198935 -0.291089892 0.248535573
1403636878851666432.000000 0.354647666 -0.314503521 0.301833749 -0.793802023 -0.461364627 -0.330877125 0.218039840
1403636879051666432.000000 0.449793339 -0.255825222 0.310247451 -0.797164023 -0.455876976 -0.331570864 0.216255501
1403636880951666432.000000 0.087150767 -0.412602872 0.399832308 -0.756501853 -0.510036290 -0.321157932 0.253821671
1403636881151666432.000000 0.015858088 -0.388456136 0.403515577 -0.729431987 -0.530728042 -0.326774567 0.281913489
1403636881301666560.000000 -0.022851922 -0.343781233 0.406904966 -0.705260158 -0.554855347 -0.317322880 0.306675673
1403636881601666560.000000 0.001757763 -0.212302476 0.412845701 -0.669680893 -0.587535620 -0.323867887 0.318494946
1403636882651666432.000000 0.293865204 -0.127450049 0.299888611 -0.671800852 -0.563818276 -0.349624962 0.329476774
1403636885251666432.000000 0.191022664 0.038714550 0.124063313 -0.509622812 -0.612496495 -0.362077653 0.483769089
1403636887751666432.000000 0.190892041 0.038452286 0.123987712 -0.509649932 -0.612402737 -0.362192601 0.483773142
1403636890251666432.000000 0.190859318 0.038107183 0.124088325 -0.509123266 -0.612100899 -0.362510592 0.484470814
1403636892751666432.000000 0.191020966 0.038502038 0.123967715 -0.509397626 -0.611910939 -0.362614095 0.484344959
1403636895251666432.000000 0.190988451 0.038254984 0.124044858 -0.509652376 -0.611861289 -0.362451971 0.484261125
1403636898001666560.000000 0.269549847 -0.039849311 0.180293739 -0.528984904 -0.643830240 -0.356702596 0.422399104
1403636900601666560.000000 0.518987238 0.340448737 0.509733737 -0.585466385 -0.575921655 -0.403792024 0.403107107
1403636901551666432.000000 0.824613690 0.559785366 0.554927230 -0.584286809 -0.576962531 -0.397424012 0.409606218
1403636904001666560.000000 1.855122209 1.170119882 0.528260231 -0.585249245 -0.580475688 -0.389158607 0.411201835
1403636906301666560.000000 2.720976353 1.907070518 0.725426376 -0.570725918 -0.593586564 -0.398208916 0.404174060
1403636907051666432.000000 2.854853392 2.247208357 0.735630631 -0.568384469 -0.593500197 -0.397381425 0.408392906
1403636907801666560.000000 2.989076138 2.642727375 0.776097536 -0.580076754 -0.592221498 -0.372262180 0.417379379
1403636908751666432.000000 3.263010025 3.275544405 0.791506827 -0.558746934 -0.606225371 -0.381446779 0.418080270
1403636910251666432.000000 3.693236351 4.425398350 0.750313401 -0.550694346 -0.601712883 -0.398542643 0.419334203
1403636911601666560.000000 3.887143373 5.266263008 0.706276238 -0.554083526 -0.604918122 -0.388205528 0.419954866
1403636912351666432.000000 4.000171185 5.676688194 0.676978528 -0.560194850 -0.599540830 -0.384779632 0.422702342
1403636913151666432.000000 4.233017921 6.128473759 0.572570384 -0.557072282 -0.591277897 -0.393819153 0.430078268
1403636915401666560.000000 5.127858639 7.011336803 0.547940791 -0.569679618 -0.604887009 -0.385314882 0.401384264
1403636918201666560.000000 5.817899227 7.811223507 0.418607861 -0.648028970 -0.494373471 -0.467590660 0.342070729
1403636920751666432.000000 6.052340984 7.882921696 0.740906715 -0.665266931 -0.474203020 -0.473733068 0.328828841
1403636923651666432.000000 6.287817955 7.334919453 0.507163286 -0.737939060 -0.392961919 -0.485000789 0.256517440
1403636925351666432.000000 6.786656380 7.696572304 0.387962759 -0.735882521 -0.371896833 -0.507204771 0.250824630
1403636928251666432.000000 8.293691635 8.568902016 0.084008470 -0.784208536 -0.254062742 -0.536808729 0.179737300
1403636931101666560.000000 9.890649796 9.073955536 0.242765859 -0.778403223 -0.226993933 -0.548288584 0.204796746
1403636933801666560.000000 9.442985535 8.280413628 0.340461016 -0.804603398 -0.141972199 -0.567494631 0.102015287
1403636936501666560.000000 8.425261497 7.418340683 0.346646667 0.820856571 -0.020863263 0.570720732 0.006088004
1403636938901666560.000000 8.097332001 6.728734016 0.125117570 0.813139081 -0.076161340 0.576839149 0.016154699
1403636939301666560.000000 7.928489208 6.538137913 0.117358603 0.813469887 -0.063580930 0.577373266 0.029399877
1403636940251666432.000000 7.443063736 6.068708897 0.075144224 0.807785928 -0.080732062 0.583164930 0.029714976
1403636941201666560.000000 6.825718880 5.504489899 0.041523777 0.816594899 -0.087467209 0.568106532 0.052700337
1403636944001666560.000000 5.377070427 3.891131163 0.026020057 0.819618285 -0.080177166 0.565003753 0.050678134
1403636945501666560.000000 4.948690891 3.427060366 0.023291450 0.811085403 -0.030952087 0.583407462 0.028606217
1403636947701666560.000000 4.585390568 3.417179108 -0.494462192 0.830177903 -0.061586574 0.552989960 0.034842178
1403636948201666560.000000 4.717358589 3.336392164 -0.530799985 0.831420362 -0.045586172 0.551592410 0.049071103
1403636949051666432.000000 5.121393681 3.508719683 -0.666570008 0.810444295 -0.043331195 0.583884716 0.019521935
1403636950051666432.000000 5.448308945 3.886055231 -0.788281202 0.829710007 -0.043873847 0.556394517 0.009035211
1403636952851666432.000000 6.715155602 4.700229645 -0.928494811 0.815474212 -0.031455092 0.577439725 0.023992084
1403636955101666560.000000 7.946203232 5.543678761 -1.031753778 0.815759718 -0.044003777 0.575470746 0.037859000
1403636955351666432.000000 8.111292839 5.682730198 -1.057210684 0.814772010 -0.051688198 0.575574934 0.046780389
1403636956401666560.000000 8.732038498 6.332116604 -1.056918859 0.813746810 -0.080772713 0.574062228 0.041768350
1403636956651666432.000000 8.853420258 6.459944725 -1.077705145 0.807243884 -0.064366385 0.585463405 0.038038678
1403636956901666560.000000 8.952719688 6.586842060 -1.109270453 0.811707377 -0.030454611 0.583073914 -0.015110987
1403636957901666560.000000 9.183394432 6.942915440 -1.112270951 -0.801915348 -0.152707860 -0.563585699 0.126425490
1403636960401666560.000000 9.593534470 7.525296688 -1.230101585 -0.765615463 -0.285570592 -0.548264146 0.178013951
1403636963201666560.000000 8.947695732 8.341421127 -0.858959198 -0.537496746 -0.599049270 -0.408424497 0.430612087
1403636964201666560.000000 8.437957764 8.249786377 -0.734375060 -0.557881892 -0.586610556 -0.412856758 0.417378873
1403636964601666560.000000 8.210711479 8.153087616 -0.666056991 -0.545636237 -0.597117186 -0.417282909 0.414254963
1403636965901666560.000000 7.102316856 7.656150341 -0.320160359 -0.473458201 -0.659772635 -0.335458547 0.477498740
1403636966901666560.000000 6.304077625 7.282958508 -0.227008536 -0.483663052 -0.645035684 -0.347997755 0.478431433
1403636967901666560.000000 5.790110588 6.659878731 -0.264074951 -0.480993927 -0.644522905 -0.363435060 0.470266044
1403636968251666432.000000 5.621560097 6.376040459 -0.393079877 -0.482530355 -0.643111885 -0.360197991 0.473105639
1403636968751666432.000000 5.410384178 5.897524357 -0.451564193 -0.479297757 -0.648619354 -0.365367770 0.464836568
1403636969251666432.000000 5.192079544 5.361530304 -0.419115156 -0.491872489 -0.649780571 -0.349049538 0.462613434
1403636969601666560.000000 5.039356232 4.987222195 -0.331175327 -0.499599397 -0.658635020 -0.342289954 0.446584851
1403636972001666560.000000 3.975722790 3.677492142 -0.474052936 -0.490278453 -0.644156396 -0.341397703 0.477637202
1403636972801666560.000000 3.949898243 3.559741259 -0.435917079 -0.492550194 -0.651031077 -0.342871696 0.464749277
1403636973301666560.000000 3.971348763 3.508820295 -0.457043707 -0.520458877 -0.635187864 -0.357263893 0.444996029
1403636976251666432.000000 4.098606586 3.445127487 -0.724351466 -0.724494457 -0.373452365 -0.495131552 0.300808609
1403636978751666432.000000 4.973096371 3.252995491 -1.087920547 -0.783964574 -0.298624963 -0.507751286 0.195988074
1403636979551666432.000000 5.409555435 3.349903107 -1.217360377 -0.778804839 -0.298286825 -0.515455842 0.196959957
1403636979851666432.000000 5.584261894 3.444768429 -1.205163836 -0.777244031 -0.295757920 -0.520561695 0.193480268
1403636980951666432.000000 6.178410053 3.939257145 -1.300726056 -0.766607285 -0.287798434 -0.538100541 0.199833244
1403636981701666560.000000 6.487995625 4.238492489 -1.382090092 -0.771488607 -0.281980276 -0.536955297 0.192279309
1403636982051666432.000000 6.626722813 4.372487545 -1.363932729 -0.788985789 -0.282928556 -0.515824080 0.177139819
1403636982751666432.000000 7.032240391 4.776299953 -1.336259007 -0.779258609 -0.269658685 -0.527750611 0.203763410
1403636985501666560.000000 8.779097557 6.720694542 -1.392457724 -0.769879401 -0.280697465 -0.542754471 0.184152737
1403636988301666560.000000 8.541817665 8.547840118 -1.178688169 -0.756334305 -0.288688511 -0.532617986 0.246850863
1403636990801666560.000000 7.447560787 6.988186359 -0.849471569 -0.755306125 -0.312867373 -0.533394456 0.217064381
1403636991801666560.000000 6.877174377 6.267707348 -0.834089220 -0.764422894 -0.296227157 -0.526845396 0.224368140
1403636992301666560.000000 6.649856091 5.951799393 -0.762133598 -0.758451581 -0.292883486 -0.542475998 0.211400598
1403636992801666560.000000 6.431993008 5.653691292 -0.719908237 -0.768382609 -0.292663336 -0.534535468 0.195468888
1403636993301666560.000000 6.216906548 5.431102276 -0.691292822 -0.758044362 -0.295354962 -0.539673746 0.216532528
1403636996151666432.000000 4.550440788 3.676491499 -0.346615583 -0.730031669 -0.370058239 -0.503643632 0.276502937
1403636998751666432.000000 3.577918530 2.449535608 0.113945320 -0.650221050 -0.486379147 -0.467337459 0.349633515
1403636999251666432.000000 3.456618786 2.386022568 0.258496314 -0.644869804 -0.491854787 -0.477989197 0.337265730
1403637000701666560.000000 2.822449446 2.016947746 0.281684339 -0.649497211 -0.484992027 -0.474578500 0.343090862
1403637001201666560.000000 2.532571316 1.821994781 0.322827071 -0.650944054 -0.480284899 -0.475334823 0.345912009
1403637001701666560.000000 2.234546185 1.583856344 0.394448936 -0.659359217 -0.479496032 -0.467066795 0.342312127
1403637002151666432.000000 1.983112335 1.362398863 0.394137353 -0.661941886 -0.479415625 -0.465617597 0.339402288
1403637002651666432.000000 1.717004061 1.134828687 0.377380908 -0.658531785 -0.483775467 -0.470634520 0.332866907
1403637003151666432.000000 1.438982248 0.926860213 0.395161003 -0.663405418 -0.477215439 -0.469720602 0.333947957
1403637003551666432.000000 1.219885349 0.772298455 0.372217059 -0.664251506 -0.470329821 -0.472917199 0.337504387
1403637003901666560.000000 1.033511281 0.632672906 0.403865725 -0.666098237 -0.472071439 -0.469885468 0.335662693
1403637004201666560.000000 0.880920827 0.515401185 0.380663663 -0.666554570 -0.481079787 -0.464570731 0.329304218
1403637004601666560.000000 0.689157248 0.393450439 0.412461102 -0.664127707 -0.471776009 -0.469967872 0.339841038
1403637005101666560.000000 0.496932596 0.229137421 0.437916785 -0.679215193 -0.462223768 -0.459610224 0.337304682
1403637005451666432.000000 0.415048718 0.125586733 0.363007724 -0.673471391 -0.470103055 -0.467044592 0.327580214
1403637005951666432.000000 0.306207299 0.016703062 0.350719512 -0.671036422 -0.474341154 -0.463286936 0.331776857
1403637006451666432.000000 0.220525950 -0.056709830 0.363234371 -0.682101548 -0.475497037 -0.446561903 0.330488473
1403637006951666432.000000 0.191003218 -0.076015688 0.335704625 -0.641399145 -0.508307993 -0.441748500 0.367543727
1403637007351666432.000000 0.189934999 -0.087136492 0.300610840 -0.595460296 -0.548670709 -0.437521607 0.391104043
1403637007651666432.000000 0.178906754 -0.114319265 0.263208508 -0.599104702 -0.559336901 -0.424656212 0.384555638
1403637008151666432.000000 0.134168252 -0.148160398 0.213380456 -0.609663546 -0.550683498 -0.421990663 0.383382410
1403637008501666560.000000 0.103093229 -0.150105774 0.209531695 -0.615353167 -0.549182713 -0.422810882 0.375459313
1403637008901666560.000000 0.071169071 -0.125354543 0.203297615 -0.631623685 -0.528265893 -0.405731648 0.396696925
1403637009251666432.000000 0.103372797 -0.102491140 0.155116528 -0.617397726 -0.542764664 -0.430948764 0.372168988
1403637009551666432.000000 0.134347230 -0.082710624 0.124369495 -0.589523137 -0.544242620 -0.425261229 0.418826073
1403637009851666432.000000 0.143566936 -0.088523269 0.115463771 -0.598051190 -0.519030809 -0.427664876 0.435941011
1403637010351666432.000000 0.141249478 -0.092772052 0.110320076 -0.597526729 -0.519365549 -0.428094357 0.435840040
