1403638147795097088.000000 1.037632823 0.495054007 -4.052552223 -0.600764394 -0.584889352 -0.386634171 0.384058207
1403638148095097088.000000 1.038827896 0.525613844 -4.017503738 -0.591777146 -0.567830741 -0.407635480 0.401499063
1403638148845096960.000000 1.032461643 0.614367366 -3.845300674 -0.585724056 -0.588354528 -0.392960161 0.395409286
1403638151645096960.000000 0.210791379 1.359889984 -3.655189037 -0.437181950 -0.697806597 -0.306241423 0.477654815
1403638152145096960.000000 -0.118828222 1.515226603 -3.536004543 -0.416969091 -0.712588072 -0.293866485 0.481661350
1403638152445096960.000000 -0.340532452 1.604803324 -3.503028631 -0.415531844 -0.713857055 -0.300548285 0.476877451
1403638152845096960.000000 -0.688699365 1.714995742 -3.506137371 -0.412714541 -0.715663850 -0.287491292 0.484603822
1403638154545096960.000000 -2.515269756 2.201644659 -3.340432882 -0.274759889 -0.757098913 -0.215798244 0.552031875
1403638154845096960.000000 -2.840584517 2.206634045 -3.340844870 -0.262688756 -0.772930622 -0.202052802 0.541061401
1403638155245096960.000000 -3.268392801 2.151240826 -3.257795572 -0.225663811 -0.781410217 -0.184606567 0.551719606
1403638155645096960.000000 -3.683926821 2.013569832 -3.235020399 -0.186740622 -0.781472921 -0.156062379 0.574519336
1403638155995097088.000000 -3.998415470 1.820137978 -3.272638559 -0.130456924 -0.800388455 -0.095498897 0.577268898
1403638156195097088.000000 -4.152681351 1.696309328 -3.270748377 -0.093536690 -0.816228449 -0.058492307 0.567098498
1403638156795097088.000000 -4.629477501 1.380053401 -3.264256239 -0.050234009 -0.830376446 -0.018580511 0.554622710
1403638157195097088.000000 -5.005689621 1.231577158 -3.296409369 -0.057806827 -0.835287094 -0.024471860 0.546218753
1403638157395097088.000000 -5.218784332 1.173205853 -3.276358843 -0.053958278 -0.833722174 -0.026898943 0.548882782
1403638157995097088.000000 -5.920656204 0.984843791 -3.227932215 0.029405579 -0.819570124 0.012895353 0.572078705
1403638158445096960.000000 -6.432585239 0.831303239 -3.195019484 0.058205310 -0.819894552 0.042308293 0.567974567
1403638158895097088.000000 -6.917265892 0.687314808 -3.220542908 0.052054115 -0.823146522 0.044336241 0.563697219
1403638159145096960.000000 -7.183526516 0.607573748 -3.192664862 0.045796737 -0.837836564 0.046354234 0.542018354
1403638159545096960.000000 -7.662961960 0.501805902 -3.153231144 0.032887530 -0.807411671 0.058010574 0.586207867
1403638159745096960.000000 -7.891779423 0.476115376 -3.112845421 0.017932465 -0.794565499 0.080548778 0.601544797
1403638160195097088.000000 -8.278721809 0.540667772 -2.901844501 0.046502385 -0.805599749 0.045849390 0.588850141
1403638160595097088.000000 -8.546543121 0.632569790 -2.616553307 0.050998509 -0.827874780 0.042442240 0.556975186
1403638160795097088.000000 -8.693939209 0.674757540 -2.491918087 0.045237187 -0.823409796 0.047926880 0.563607037
1403638160995097088.000000 -8.842206955 0.726841986 -2.379959583 0.019837420 -0.808144271 0.045364320 0.586899936
1403638161395097088.000000 -9.082839012 0.883168697 -2.198796034 -0.053212069 -0.813607931 -0.014044671 0.578803539
1403638161595097088.000000 -9.186230659 0.971588850 -2.124953270 -0.078659482 -0.822151661 -0.034708600 0.562738597
1403638162345096960.000000 -9.577900887 1.384016991 -1.947050810 -0.130894378 -0.814904571 -0.050674543 0.562342763
1403638162545096960.000000 -9.679851532 1.528833389 -1.903370380 -0.131735623 -0.811881483 -0.052353807 0.566350937
1403638163695097088.000000 -10.115664482 2.607859850 -1.636340380 -0.197174579 -0.791292429 -0.121880658 0.565794587
1403638166445096960.000000 -9.263073921 5.505058765 -1.263238311 -0.228529915 -0.788514376 -0.163970038 0.546930671
1403638166645096960.000000 -9.126580238 5.668288231 -1.173490286 -0.226507470 -0.788672030 -0.161057532 0.548407853
1403638166845096960.000000 -8.999099731 5.824352741 -1.117486119 -0.238191992 -0.791088879 -0.140306234 0.545671344
1403638167245096960.000000 -8.786052704 6.179944515 -1.048681140 -0.240023613 -0.808235407 -0.135345653 0.520409286
1403638169045096960.000000 -8.324740410 8.602164268 -0.722456634 -0.337779194 -0.764742851 -0.235655203 0.495520234
1403638169245096960.000000 -8.327569008 8.902439117 -0.744374275 -0.339479446 -0.752344906 -0.224932149 0.517818987
1403638169445096960.000000 -8.332781792 9.202855110 -0.786365867 -0.363245606 -0.725990355 -0.213403404 0.543552816
1403638169645096960.000000 -8.307399750 9.507779121 -0.819531679 -0.387384325 -0.707067430 -0.233420938 0.543602645
1403638169845096960.000000 -8.242370605 9.805109978 -0.826025546 -0.407729417 -0.699449599 -0.276849121 0.517572761
1403638170645096960.000000 -7.884871006 10.723052025 -0.795766592 -0.545184553 -0.586296201 -0.367310166 0.473406732
1403638171045096960.000000 -7.591283321 11.017228127 -0.756387353 -0.594316006 -0.534256577 -0.408324569 0.441168159
1403638171295097088.000000 -7.364065647 11.140567780 -0.758363187 -0.611829400 -0.510446072 -0.422958553 0.431527317
1403638171795097088.000000 -6.806103706 11.218091965 -0.794423580 -0.632964730 -0.472946495 -0.437319905 0.429451555
1403638172645096960.000000 -5.511950970 10.686662674 -0.881165326 -0.635576487 -0.453224361 -0.458896935 0.424315870
1403638172845096960.000000 -5.167883396 10.446630478 -0.974558413 -0.634721458 -0.454493463 -0.453759968 0.429728299
1403638173045096960.000000 -4.804352283 10.159342766 -1.084947109 -0.637965024 -0.459376633 -0.441748321 0.432240874
1403638174145096960.000000 -2.572690487 8.197574615 -2.033691883 -0.633033395 -0.496893793 -0.450877249 0.386102349
1403638174545096960.000000 -1.817633152 7.423715115 -2.388514519 -0.644322634 -0.508746147 -0.432560593 0.372715741
1403638174745096960.000000 -1.449937105 7.063669205 -2.548454523 -0.647017717 -0.518546343 -0.427785546 0.359829664
1403638174995097088.000000 -1.006426692 6.650473595 -2.707440853 -0.649472713 -0.523203850 -0.424527615 0.352447450
1403638176945096960.000000 1.529136539 5.741343021 -3.050699234 -0.633670032 -0.526450574 -0.449886769 0.344839007
1403638177395097088.000000 1.762641430 5.857571125 -3.057045460 -0.631487131 -0.531162560 -0.453904897 0.336245060
1403638177945096960.000000 1.913881063 6.061180115 -3.192933559 -0.648208261 -0.491590768 -0.442078114 0.377798408
1403638178395097088.000000 2.083925247 6.167747021 -3.220600128 -0.665523410 -0.449659228 -0.476844966 0.357077152
1403638179695097088.000000 2.844250679 6.040351868 -3.452006817 -0.772947788 -0.278751343 -0.528151453 0.214255527
1403638180095097088.000000 3.148411512 5.997304916 -3.510704756 -0.800992191 -0.214174822 -0.533380032 0.167470649
1403638180445096960.000000 3.440787792 5.958588123 -3.545030594 -0.807697594 -0.202619597 -0.531930387 0.153687596
1403638181595097088.000000 4.688829422 5.932963848 -3.713940859 -0.794747829 -0.152378157 -0.562872708 0.168318450
1403638181845096960.000000 4.985738277 5.866296768 -3.753031969 -0.804077983 -0.115093566 -0.571231961 0.117924497
1403638182095097088.000000 5.261540890 5.770127296 -3.743169069 -0.820702195 -0.085603774 -0.559132636 0.080564074
1403638182395097088.000000 5.594984531 5.647901058 -3.712927818 -0.833067238 -0.063661367 -0.543906748 0.078178145
1403638182645096960.000000 5.899116993 5.534714699 -3.669493914 -0.836166620 -0.079537369 -0.539474547 0.058877241
1403638183545096960.000000 7.147836208 5.209149837 -3.557987213 -0.833499432 -0.100288466 -0.540511370 0.055394061
1403638183795097088.000000 7.523186207 5.164693356 -3.562156916 -0.822113991 -0.100620113 -0.557632923 0.055223081
1403638184045096960.000000 7.889932632 5.145175934 -3.525926113 -0.815814674 -0.099169597 -0.566993833 0.055946056
1403638184295097088.000000 8.242036819 5.148316860 -3.478015661 -0.828016222 -0.097319424 -0.549484015 0.054638356
1403638185195097088.000000 9.492065430 5.334072590 -3.389423847 -0.818924069 -0.096045561 -0.563419461 0.051934164
1403638185445096960.000000 9.815382004 5.428162098 -3.355880022 -0.814079106 -0.107159272 -0.568979383 0.045326807
1403638185695097088.000000 10.118136406 5.559026718 -3.317203999 -0.803348720 -0.134974912 -0.576797605 0.060968637
1403638185945096960.000000 10.391759872 5.715718269 -3.283379793 -0.811343372 -0.127612576 -0.560011029 0.108741745
1403638186195097088.000000 10.657467842 5.858856201 -3.272980690 -0.813610494 -0.138648823 -0.555023611 0.103746831
1403638186445096960.000000 10.921933174 5.993191242 -3.247939110 -0.813150644 -0.143796086 -0.555650592 0.096753366
1403638186645096960.000000 11.127796173 6.101490021 -3.214550018 -0.812610745 -0.146161228 -0.556972623 0.089900576
1403638189195097088.000000 12.130280495 7.714876175 -2.841272593 -0.733352661 -0.307019651 -0.559652388 0.233927637
1403638190095097088.000000 11.517683029 7.778175354 -2.669000387 -0.744462550 -0.375580192 -0.489392281 0.255362868
1403638190445096960.000000 11.350918770 7.860929012 -2.668865204 -0.705836296 -0.390483528 -0.535353124 0.250429124
1403638190695097088.000000 11.190214157 7.924078465 -2.701768160 -0.701517820 -0.402446151 -0.527552962 0.259995759
1403638192295097088.000000 9.811233521 8.252195358 -2.581262350 -0.713792384 -0.405081213 -0.504019558 0.269024163
1403638192495097088.000000 9.628305435 8.337447166 -2.516567707 -0.709292352 -0.400273591 -0.509647012 0.277390301
1403638192895097088.000000 9.242033005 8.483648300 -2.369928598 -0.691430032 -0.380849004 -0.533865571 0.303094327
1403638193095097088.000000 9.032205582 8.511317253 -2.318701982 -0.683840036 -0.367756456 -0.536413610 0.330724180
1403638193295097088.000000 8.816778183 8.482520103 -2.250073671 -0.685937166 -0.391554117 -0.520779371 0.323982418
1403638194495097088.000000 7.475504875 7.794131279 -1.933965206 -0.697850943 -0.418108284 -0.494535834 0.305980086
1403638197145096960.000000 5.763118744 7.367155552 -1.952977896 -0.710816681 -0.421893746 -0.479778677 0.294206828
1403638197545096960.000000 5.683438778 7.531762600 -1.881275654 -0.694658697 -0.426099062 -0.502695739 0.288419783
1403638197945096960.000000 5.556628704 7.694645882 -1.754533529 -0.690233350 -0.418833017 -0.507391512 0.301182270
1403638198345096960.000000 5.391407013 7.816101551 -1.812310576 -0.691966593 -0.416996777 -0.504475176 0.304632217
1403638199445096960.000000 4.406070709 8.039238930 -2.013731003 -0.668778300 -0.441549331 -0.534423709 0.268628240
1403638199845096960.000000 3.701255083 8.134163857 -1.869512796 -0.673977017 -0.453022301 -0.506893098 0.289111257
1403638200045096960.000000 3.309103727 8.183357239 -1.810289860 -0.674229205 -0.457176238 -0.493315458 0.305032521
1403638200245096960.000000 2.909075975 8.231653214 -1.760643363 -0.651526034 -0.478207946 -0.496688157 0.316436291
1403638200445096960.000000 2.491039038 8.275019646 -1.691659927 -0.625886977 -0.501085162 -0.495880485 0.333589315
1403638200645096960.000000 2.050493002 8.308454514 -1.597314835 -0.605775535 -0.527693391 -0.492503315 0.334688157
1403638201045096960.000000 1.075221539 8.354375839 -1.405222893 -0.600402415 -0.546123743 -0.462764114 0.356532127
1403638201245096960.000000 0.558797717 8.370148659 -1.352703452 -0.605139673 -0.539251447 -0.456033796 0.367487341
1403638201445096960.000000 0.041189943 8.381083488 -1.328367352 -0.606709659 -0.538300216 -0.457742572 0.364153951
1403638201645096960.000000 -0.476853400 8.388059616 -1.332731366 -0.605929375 -0.534550726 -0.462971509 0.364366084
1403638201845096960.000000 -0.996218681 8.386690140 -1.369960189 -0.607690871 -0.530919135 -0.463667065 0.365854442
1403638202245096960.000000 -2.045159817 8.330538750 -1.450253725 -0.608966947 -0.542635858 -0.435740888 0.380572617
1403638202445096960.000000 -2.554938793 8.293540001 -1.462321758 -0.609891415 -0.547946572 -0.425992101 0.382515162
1403638202845096960.000000 -3.513131857 8.239904404 -1.549504638 -0.611330271 -0.547984302 -0.422479928 0.384056330
1403638203245096960.000000 -4.385852337 8.199410439 -1.637545824 -0.605686247 -0.544185698 -0.432466239 0.387271285
1403638203445096960.000000 -4.794833183 8.173065186 -1.652475715 -0.604802132 -0.540237486 -0.433240116 0.393269449
1403638203845096960.000000 -5.556023121 8.095443726 -1.694803476 -0.606839418 -0.540339112 -0.429814428 0.393750042
1403638204045096960.000000 -5.905869007 8.043363571 -1.681645036 -0.607077360 -0.542154491 -0.426982850 0.393968731
1403638204245096960.000000 -6.237126350 7.983477592 -1.641124368 -0.614097118 -0.542596757 -0.415044636 0.395235956
1403638204495097088.000000 -6.610399723 7.915493011 -1.571721315 -0.631554842 -0.536499918 -0.391387135 0.400152951
1403638204845096960.000000 -7.031774521 7.848224163 -1.523065090 -0.604285538 -0.561102688 -0.397726446 0.402264297
1403638205095097088.000000 -7.297682285 7.813052177 -1.536316991 -0.545585573 -0.613651276 -0.386837333 0.419672847
1403638205345096960.000000 -7.571050644 7.777789593 -1.542242765 -0.466885328 -0.671304584 -0.338059574 0.465922683
1403638205545096960.000000 -7.790074348 7.745296478 -1.510676622 -0.397226036 -0.707732499 -0.313700318 0.492867470
1403638205745096960.000000 -8.008447647 7.690289021 -1.451490402 -0.348004311 -0.723622561 -0.316092193 0.505320966
1403638206045096960.000000 -8.370162964 7.531588554 -1.330136776 -0.303108543 -0.747182488 -0.275625259 0.523330033
1403638206295097088.000000 -8.689823151 7.332551956 -1.202990294 -0.261966556 -0.760599434 -0.237914056 0.544296741
1403638206545096960.000000 -9.000824928 7.093352795 -1.109000087 -0.248996615 -0.760678291 -0.202744231 0.564149022
1403638206795097088.000000 -9.279968262 6.828039646 -1.058553696 -0.236773178 -0.762887001 -0.186962843 0.571827650
1403638207045096960.000000 -9.521586418 6.545828819 -1.047844291 -0.225523636 -0.762065411 -0.177394390 0.580453932
1403638207545096960.000000 -9.865674019 5.921693802 -1.139833212 -0.181443259 -0.766861260 -0.145134911 0.598279297
1403638207795097088.000000 -9.948659897 5.580306053 -1.163724780 -0.160691604 -0.787347019 -0.112200305 0.584528923
1403638208045096960.000000 -9.993546486 5.254001617 -1.141699314 -0.156924367 -0.799148023 -0.099128850 0.571760893
1403638208295097088.000000 -10.014698982 4.949474335 -1.132879019 -0.157196373 -0.790821135 -0.102179185 0.582623959
1403638208545096960.000000 -10.012930870 4.660155296 -1.160888791 -0.154886335 -0.798369169 -0.098470472 0.573516011
1403638208795097088.000000 -9.994612694 4.383978367 -1.159103036 -0.132881537 -0.802603245 -0.080156699 0.575973392
1403638209045096960.000000 -9.959187508 4.130071163 -1.151309967 -0.117542431 -0.802816570 -0.073190257 0.579924643
1403638209295097088.000000 -9.905501366 3.892247200 -1.185594678 -0.114591822 -0.803630173 -0.067562431 0.580071270
1403638209545096960.000000 -9.839694023 3.673027277 -1.259612322 -0.115186982 -0.801327467 -0.065332845 0.583384871
1403638209845096960.000000 -9.745299339 3.436717510 -1.470076084 -0.114832640 -0.801175952 -0.070150279 0.583103418
1403638210095097088.000000 -9.648444176 3.254271507 -1.717489362 -0.111504115 -0.791348934 -0.076439619 0.596230388
1403638210345096960.000000 -9.513063431 3.074846506 -1.939758778 -0.111187391 -0.786923647 -0.077085242 0.602035344
1403638210745096960.000000 -9.199964523 2.791060448 -2.307991028 -0.114789344 -0.784728348 -0.074550271 0.604538739
1403638211045096960.000000 -8.886487961 2.584459543 -2.557590723 -0.118371181 -0.792604566 -0.069067769 0.594134569
1403638211295097088.000000 -8.596900940 2.427325249 -2.710401535 -0.120512821 -0.798087716 -0.066109017 0.586653411
1403638211545096960.000000 -8.293424606 2.293503761 -2.848309994 -0.143064126 -0.795747578 -0.080009513 0.583023965
1403638211795097088.000000 -7.969604969 2.180198193 -3.018425703 -0.196332112 -0.784159720 -0.104477294 0.579337239
1403638212045096960.000000 -7.626652718 2.096482754 -3.176410675 -0.258032262 -0.768405735 -0.136820257 0.569431603
1403638212295097088.000000 -7.263385296 2.045792580 -3.282966375 -0.306025565 -0.750785768 -0.181524426 0.556523204
1403638212545096960.000000 -6.879562378 2.010375261 -3.338070869 -0.354640633 -0.729426026 -0.219449580 0.542226553
1403638212795097088.000000 -6.475822449 1.982160687 -3.346994162 -0.404197693 -0.705455542 -0.255463690 0.523158729
1403638213045096960.000000 -6.053440571 1.958528161 -3.319890261 -0.458787143 -0.674169123 -0.291292161 0.500159264
1403638213295097088.000000 -5.617605686 1.944197297 -3.286127567 -0.524654746 -0.638076186 -0.310230196 0.470482260
1403638213545096960.000000 -5.161700249 1.956700325 -3.289112091 -0.588332772 -0.594891310 -0.320699662 0.443982750
1403638213795097088.000000 -4.670764923 2.006665230 -3.294480562 -0.586864173 -0.571294785 -0.380753934 0.429230988
1403638214045096960.000000 -4.174647808 2.064484358 -3.266809702 -0.586335838 -0.571944058 -0.393218607 0.417695433
1403638214345096960.000000 -3.595385790 2.139731884 -3.209606886 -0.592500329 -0.590557218 -0.373531371 0.400823951
1403638215795097088.000000 -1.135250092 2.652161598 -3.405493736 -0.557492673 -0.592607737 -0.396271974 0.425425172
1403638218345096960.000000 1.093051195 2.525269270 -3.636144400 -0.595461071 -0.546313107 -0.453380466 0.376051009
1403638220695097088.000000 1.016537309 1.595326662 -3.601825237 -0.627674639 -0.523458719 -0.447213650 0.363339365
1403638220945096960.000000 1.017219424 1.461216450 -3.606915712 -0.631437778 -0.520429075 -0.445318520 0.363498688
1403638221245096960.000000 1.004400849 1.307834148 -3.644101858 -0.635169744 -0.520795703 -0.442397624 0.360021800
1403638221545096960.000000 0.982136071 1.164830565 -3.648647785 -0.641304195 -0.517671227 -0.435310960 0.362284124
1403638222045096960.000000 0.962650001 0.957138538 -3.664302349 -0.634587228 -0.515970886 -0.444422305 0.365461141
1403638222445096960.000000 0.947862685 0.808271945 -3.653142929 -0.644134581 -0.524833262 -0.431265920 0.351639658
1403638222895097088.000000 0.931579113 0.704567671 -3.707118273 -0.631948948 -0.514217675 -0.448357791 0.367690295
1403638223295097088.000000 0.904991388 0.606130302 -3.746840715 -0.646647394 -0.520637929 -0.427187085 0.358182281
1403638223595097088.000000 0.895420492 0.541217089 -3.766096354 -0.647760928 -0.506583869 -0.425824374 0.377428532
1403638223945096960.000000 0.918353140 0.475300640 -3.807026863 -0.633929133 -0.521652877 -0.446389496 0.356017739
1403638224245096960.000000 0.923318565 0.431033760 -3.856863737 -0.642841101 -0.528664589 -0.433005363 0.346085936
1403638224545096960.000000 0.913012266 0.420019180 -3.893797636 -0.634061337 -0.512601197 -0.446180463 0.368956953
1403638224845096960.000000 0.897026479 0.410598457 -3.928759336 -0.644583881 -0.523749411 -0.430837899 0.352954566
1403638225145096960.000000 0.883345068 0.421817362 -3.926286459 -0.637525380 -0.510607421 -0.438877374 0.374470651
1403638225445096960.000000 0.883850515 0.432231277 -3.915695906 -0.636144042 -0.520598292 -0.439527541 0.362096459
1403638225695097088.000000 0.880898237 0.444176316 -3.939941168 -0.618932307 -0.508294046 -0.463338941 0.379311204
1403638225945096960.000000 0.866925955 0.432528138 -4.021904469 -0.636677146 -0.524622500 -0.438337982 0.356753886
1403638226345096960.000000 0.835056782 0.451630384 -4.046487331 -0.642513931 -0.532049954 -0.426381946 0.349710286
1403638226845096960.000000 0.842721105 0.460538357 -4.023324490 -0.642409563 -0.531538367 -0.426311612 0.350763857
1403638227345096960.000000 0.847473085 0.463362217 -4.010224819 -0.642801404 -0.531822562 -0.425742865 0.350305855
1403638227845096960.000000 0.848215997 0.463775605 -4.006685734 -0.642944515 -0.532085598 -0.425391853 0.350070179
1403638228345096960.000000 0.848134518 0.465846330 -4.008020401 -0.643223047 -0.532001138 -0.425007761 0.350153208
1403638228845096960.000000 0.848156750 0.466645479 -4.008122921 0.643371820 0.531978428 0.424806833 -0.350158453
