1413394887055760384.000000 0.900098383 -1.132300973 -4.251863480 -0.528097689 -0.613033712 -0.375816077 0.451735258
1413394887905760512.000000 0.881338835 -1.157137990 -4.002621651 -0.546116471 -0.631238699 -0.368417174 0.409345090
1413394890705760512.000000 0.399259627 -0.560803235 -3.686871529 -0.498141617 -0.545086801 -0.426688015 0.522180736
1413394892305760512.000000 0.438887000 0.086674094 -3.591968775 -0.459755093 -0.620627642 -0.403734744 0.490351766
1413394894655760384.000000 -0.723164678 -1.290961266 -3.626095533 -0.081778064 -0.797452211 -0.041378364 0.596380889
1413394897605760512.000000 -1.110908985 -2.436350822 -3.915113688 -0.060939252 -0.808416963 -0.027067706 0.584821224
1413394899755760384.000000 -0.745119154 -1.095961332 -3.588340044 0.109893441 -0.829957485 0.043651670 0.545150101
1413394902605760512.000000 0.637476861 -3.672122955 -3.499912262 0.656572521 -0.400137305 0.555930316 0.315822929
1413394903905760512.000000 0.896570861 -3.369506836 -3.666483879 0.649895430 -0.486745358 0.458031654 0.361831307
1413394905655760384.000000 0.553089142 -3.663239717 -3.779504538 0.292370170 -0.838279665 0.172759682 0.426568925
1413394905755760384.000000 0.479493856 -3.700399399 -3.758025408 0.291909635 -0.806169510 0.178823426 0.482599020
1413394907555760384.000000 0.323555559 -3.293609858 -3.607107639 0.067502946 -0.868733883 0.164043620 0.462422490
1413394907655760384.000000 0.366760850 -3.220767975 -3.625476122 0.046948213 -0.886976719 0.154751211 0.432574034
1413394908555760384.000000 0.285813212 -2.596449375 -3.893773079 0.097470626 -0.879676640 0.051355008 0.462635070
1413394911105760512.000000 0.129868209 -1.577974439 -3.439358950 0.000816175 -0.761266887 0.043528818 0.646975636
1413394913305760512.000000 0.076458782 -1.050263524 -3.490314722 -0.149727181 -0.796875477 -0.124609247 0.571877539
1413394914055760384.000000 -0.233600557 -1.283886194 -3.557738066 0.110634305 -0.817423224 0.057641424 0.562367022
1413394915205760512.000000 -0.507595420 -2.355470181 -3.684085131 0.408790976 -0.695915759 0.232979089 0.542505205
1413394915355760384.000000 -0.473299384 -2.530979872 -3.715156317 0.456621915 -0.665641308 0.245492846 0.536797225
1413394915505760512.000000 -0.397678465 -2.713078976 -3.737401247 0.495896190 -0.632400334 0.270083755 0.530293941
1413394916205760512.000000 0.322442740 -3.349633694 -3.765436649 0.606876731 -0.475769907 0.495219916 0.400126189
1413394917255760384.000000 0.968649864 -3.707544565 -4.060810566 0.813612461 -0.205091983 0.526489556 0.137043476
1413394917655760384.000000 1.138075233 -3.951171398 -4.206448078 0.828976929 -0.104724638 0.535541594 0.122577354
1413394919055760384.000000 2.743502855 -3.985032082 -4.276398659 -0.789929688 -0.090188168 -0.605152130 0.040843859
1413394919155760384.000000 2.856464624 -3.981883764 -4.234357357 -0.779615879 -0.103709772 -0.614249647 0.064349078
1413394919355760384.000000 3.035183668 -3.970999479 -4.108365059 -0.754924595 -0.151047572 -0.629919708 0.102345876
1413394919555760384.000000 3.142079592 -3.957221031 -3.969021797 -0.743415892 -0.225336015 -0.621219516 0.103164449
1413394919655760384.000000 3.167040825 -3.943273783 -3.911077738 -0.757086992 -0.251299024 -0.591018319 0.119856022
1413394919755760384.000000 3.180362463 -3.922378540 -3.863447428 -0.771256983 -0.267026454 -0.557907045 0.150330529
1413394919855760384.000000 3.189872742 -3.894785404 -3.824957132 -0.782781363 -0.280205309 -0.524765432 0.182646349
1413394920055760384.000000 3.219641685 -3.821878433 -3.773930550 -0.777141571 -0.333754092 -0.481281608 0.230276585
1413394920255760384.000000 3.276409149 -3.725649595 -3.767329216 -0.750870109 -0.403487086 -0.450022966 0.266217440
1413394920555760384.000000 3.400501013 -3.520932674 -3.798513651 -0.671704888 -0.496354967 -0.466097742 0.291885763
1413394920655760384.000000 3.436866045 -3.436293602 -3.804334402 -0.649758041 -0.517810583 -0.475849748 0.288537323
1413394920755760384.000000 3.462352991 -3.343600035 -3.807700157 -0.636890531 -0.532137096 -0.480311811 0.283727229
1413394921455760384.000000 3.400288105 -2.509139299 -4.002939224 -0.717655182 -0.421861321 -0.401707441 0.381621689
1413394921555760384.000000 3.414004087 -2.381860256 -4.066567898 -0.725097120 -0.419237822 -0.399507314 0.372649580
1413394922755760384.000000 3.727421999 -1.155060291 -4.153683186 -0.584083796 -0.586171985 -0.394525051 0.399497896
1413394922855760384.000000 3.728314161 -1.072448730 -4.098253250 -0.589707851 -0.589595318 -0.382273316 0.398107052
1413394922955760384.000000 3.730798483 -0.985391974 -4.042057037 -0.592326224 -0.592822254 -0.377164513 0.394282281
1413394923055760384.000000 3.734385967 -0.891453981 -3.992084980 -0.595725238 -0.595736563 -0.372322679 0.389339536
1413394923555760384.000000 3.724201441 -0.326873481 -3.793819427 -0.576267302 -0.610151827 -0.377535820 0.391276628
1413394923655760384.000000 3.707837582 -0.198288351 -3.756158590 -0.561005831 -0.624349594 -0.369676083 0.398496777
1413394923855760384.000000 3.661229849 0.074337021 -3.707388163 -0.506693065 -0.655048132 -0.368685216 0.422191173
1413394924155760384.000000 3.542887211 0.478079855 -3.706932783 -0.435556144 -0.692864895 -0.329070359 0.471106946
1413394924255760384.000000 3.490633011 0.605261385 -3.708857298 -0.419605315 -0.702933967 -0.299016207 0.490310788
1413394924355760384.000000 3.436171770 0.729158401 -3.708285332 -0.403708220 -0.713382959 -0.266086936 0.507249653
1413394924555760384.000000 3.332174778 0.975146115 -3.699144363 -0.350195497 -0.736677766 -0.230266169 0.530703843
1413394924655760384.000000 3.281825542 1.096433640 -3.691056490 -0.316416681 -0.752100825 -0.218644887 0.535181582
1413394924755760384.000000 3.231358767 1.215207696 -3.679873228 -0.279708833 -0.764663815 -0.209278628 0.541529953
1413394925055760384.000000 3.076316357 1.526313901 -3.627234221 -0.168855146 -0.774773717 -0.219476461 0.568369448
1413394925405760512.000000 2.871862650 1.697186470 -3.563762426 -0.115969129 -0.805651903 -0.201931879 0.544701517
1413394925555760384.000000 2.758098364 1.704954624 -3.560862064 -0.120652840 -0.806512833 -0.181430668 0.549602509
1413394925755760384.000000 2.586553335 1.667228699 -3.586953640 -0.140258744 -0.804781616 -0.142383367 0.558910489
1413394926605760512.000000 1.738584757 1.319364548 -3.657367706 -0.124277376 -0.822306633 -0.079779565 0.549547136
1413394926855760384.000000 1.435853839 1.200252175 -3.660785198 -0.094788723 -0.816845238 0.022220943 0.568581820
1413394927205760512.000000 1.018401623 1.171286106 -3.700202465 0.001538141 -0.814962506 0.045522209 0.577721059
1413394927605760512.000000 0.553221762 1.239090562 -3.668391943 0.036600038 -0.824430764 0.026960006 0.564134300
1413394929055760384.000000 -0.865486562 1.092046022 -3.532823086 0.040505268 -0.801976144 0.017629432 0.595720470
1413394929405760512.000000 -1.030237436 0.980002940 -3.581434727 0.022819381 -0.785801947 0.040200524 0.616748393
1413394929855760384.000000 -1.126385331 0.885600209 -3.607171059 0.026992496 -0.817094862 0.028026735 0.575188637
1413394930155760384.000000 -1.182497263 0.839660943 -3.672191620 0.029503249 -0.791098058 0.020074937 0.610647559
1413394931605760512.000000 -1.226757884 0.729990482 -3.840353012 0.020495195 -0.803547919 0.000034892 0.594887197
1413394933305760512.000000 -0.540061116 0.141039401 -3.627511501 0.450200528 -0.682859838 0.322099030 0.476732731
1413394933455760384.000000 -0.451945245 0.120888963 -3.672907591 0.475157976 -0.659252942 0.342851490 0.471236080
1413394933655760384.000000 -0.336667776 0.095145330 -3.761108637 0.502614975 -0.629203796 0.372339398 0.461350501
1413394934155760384.000000 -0.054799110 0.091645941 -3.925564051 0.570036113 -0.569861889 0.418897510 0.418140262
1413394934305760512.000000 0.031181939 0.102296591 -3.969098091 0.590610385 -0.537621200 0.444398612 0.405774325
1413394934405760512.000000 0.088636458 0.114244640 -4.013223171 0.610291958 -0.523602068 0.455256015 0.382265121
1413394934505760512.000000 0.143661872 0.129273087 -4.068457127 0.626986563 -0.513023138 0.463189155 0.359375775
1413394934805760512.000000 0.286903471 0.173787192 -4.229851723 0.653838336 -0.483316958 0.472559839 0.339981407
1413394935005760512.000000 0.369046271 0.205610484 -4.265203953 0.652590692 -0.477481931 0.480056494 0.340120971
1413394935905760512.000000 0.587029278 0.479408741 -4.366268158 0.618989527 -0.511000633 0.458597362 0.381338030
1413394936105760512.000000 0.626566231 0.577792048 -4.388470173 0.638434410 -0.518985808 0.438686967 0.361398727
1413394936205760512.000000 0.650714874 0.625837743 -4.415740013 0.656417251 -0.511013329 0.436352491 0.342896998
1413394936305760512.000000 0.679341614 0.668697715 -4.445995331 0.671999335 -0.483105570 0.452546448 0.332005471
1413394936405760512.000000 0.712435842 0.708604634 -4.474541187 0.687492132 -0.442636162 0.478948802 0.319430500
1413394936505760512.000000 0.749006093 0.747654498 -4.499399662 0.709017158 -0.394610256 0.499892890 0.302794546
1413394936605760512.000000 0.788243949 0.789063036 -4.519888878 0.732990026 -0.347145677 0.512449205 0.282154888
1413394936705760512.000000 0.829628766 0.833721995 -4.537191868 0.752843261 -0.312585741 0.521592557 0.251909614
1413394936805760512.000000 0.873650074 0.880715668 -4.549901962 0.768043876 -0.282412350 0.528499544 0.225920692
1413394937105760512.000000 1.029720783 1.038312912 -4.578643322 0.808575809 -0.194247663 0.531945050 0.159710586
1413394937255760384.000000 1.127909899 1.121940374 -4.588015079 0.822061539 -0.153895110 0.533814430 0.124793418
1413394937305760512.000000 1.163764477 1.149556756 -4.591370106 0.825537086 -0.147202715 0.533458829 0.110641837
1413394937355760384.000000 1.201717257 1.176452756 -4.593732834 0.827316642 -0.141443431 0.534572065 0.098861918
1413394937455760384.000000 1.281190872 1.227118373 -4.598654747 0.827681005 -0.133064583 0.538632631 0.084337562
1413394937555760384.000000 1.366430640 1.273068547 -4.603368759 0.826305985 -0.127146199 0.543157995 0.077664129
1413394937655760384.000000 1.456329823 1.315002203 -4.608541489 0.823307812 -0.125256911 0.548412859 0.075620413
1413394937855760384.000000 1.645560026 1.387360454 -4.614677906 0.815770984 -0.136724353 0.557124138 0.073735781
1413394937955760384.000000 1.741768241 1.415112495 -4.615728855 0.813284457 -0.154508814 0.556084394 0.073930070
1413394938055760384.000000 1.839498520 1.435469151 -4.611333847 0.811796784 -0.177785531 0.551634490 0.071258657
1413394938255760384.000000 2.042164326 1.439382911 -4.562052727 0.808635592 -0.216646701 0.541972756 0.073744290
1413394938355760384.000000 2.145019531 1.418828368 -4.511456966 0.803820848 -0.223896429 0.542546451 0.096880898
1413394938455760384.000000 2.248390675 1.386822104 -4.448174953 0.793928921 -0.233418956 0.548735380 0.118668154
1413394938555760384.000000 2.350897789 1.347420216 -4.384837627 0.787379920 -0.242153764 0.547970533 0.145336896
1413394938655760384.000000 2.452228785 1.304466009 -4.333658218 0.784446299 -0.258997291 0.537466049 0.169394627
1413394938755760384.000000 2.553925514 1.259236693 -4.294515610 0.780321598 -0.284313053 0.524430156 0.187716290
1413394938855760384.000000 2.656810760 1.211993456 -4.265564919 0.770825863 -0.318727106 0.514492631 0.198841602
1413394939055760384.000000 2.858924389 1.103044629 -4.236535549 0.718455851 -0.411265045 0.521254182 0.207307532
1413394939255760384.000000 3.027570963 0.963609517 -4.242931366 0.668235123 -0.478651732 0.513324022 0.246683553
1413394939655760384.000000 3.252858400 0.623474360 -4.238024235 0.644831181 -0.500603735 0.466711700 0.340248436
1413394939955760384.000000 3.369380951 0.353965759 -4.139591694 0.607306063 -0.555923820 0.462330163 0.329209447
1413394940055760384.000000 3.389122009 0.258409590 -4.118688107 0.617645860 -0.559598625 0.429677635 0.347476780
1413394940255760384.000000 3.418008089 0.055775907 -4.113112926 0.589990973 -0.588172674 0.409690171 0.371641785
1413394940355760384.000000 3.427544832 -0.053735547 -4.126312256 0.563840747 -0.603934348 0.405766040 0.390769690
1413394940455760384.000000 3.432820082 -0.164012611 -4.147631645 0.535954058 -0.622072637 0.397877276 0.409234256
1413394940555760384.000000 3.432979345 -0.273943305 -4.169119358 0.513310611 -0.636240721 0.380817413 0.432074279
1413394940955760384.000000 3.449892998 -0.717289686 -4.170195580 0.464389473 -0.673185945 0.322708338 0.476468801
1413394941055760384.000000 3.465445280 -0.831550181 -4.147677898 0.446147621 -0.693174601 0.331827462 0.458641291
1413394941205760512.000000 3.476110935 -1.002191067 -4.110491753 0.419752300 -0.723210573 0.337770790 0.432071060
1413394941305760512.000000 3.467051983 -1.116595268 -4.080122948 0.411786288 -0.733866215 0.334175318 0.424499065
1413394942155760384.000000 3.073121309 -2.261789322 -3.747760773 0.328179151 -0.754111290 0.361753941 0.439031571
1413394942305760512.000000 2.926998138 -2.441198349 -3.674961329 0.289736331 -0.772213817 0.373382807 0.424645513
1413394942405760512.000000 2.792163372 -2.537091017 -3.619508743 0.269827694 -0.781711340 0.362226784 0.430014223
1413394942505760512.000000 2.627657175 -2.615925789 -3.564562798 0.250473231 -0.787635446 0.340911657 0.447965056
1413394942655760384.000000 2.343321562 -2.704531908 -3.511182070 0.214164957 -0.794757664 0.302918464 0.480347842
1413394942805760512.000000 2.028566837 -2.758103848 -3.494648457 0.189867526 -0.785456002 0.237689644 0.538992405
1413394942955760384.000000 1.712459922 -2.784970760 -3.516721725 0.180416599 -0.752643108 0.147829369 0.615731061
1413394943805760512.000000 0.955495477 -3.063674450 -3.904515982 -0.045154225 -0.786956608 -0.057679530 0.612644672
1413394943955760384.000000 0.977231085 -3.174249887 -3.959670544 -0.080040373 -0.792510629 -0.032359976 0.603716373
1413394944855760384.000000 1.149962544 -3.646819115 -4.104636669 -0.216353565 -0.842982411 -0.092176445 0.483813375
1413394945055760384.000000 1.085658073 -3.656202316 -4.162491798 -0.287793517 -0.817151248 -0.145414561 0.477800578
1413394945205760512.000000 1.001626253 -3.627372503 -4.210661411 -0.328237712 -0.786666095 -0.202347144 0.482153505
1413394945805760512.000000 0.562817276 -3.446247578 -4.350183010 -0.535483897 -0.597110510 -0.317710876 0.505742848
1413394946155760384.000000 0.499880940 -3.365249634 -4.401962757 -0.643115699 -0.494313806 -0.407535583 0.419488758
1413394946355760384.000000 0.544136226 -3.344092607 -4.419608593 -0.694248974 -0.418633521 -0.456218153 0.366918802
1413394946555760384.000000 0.624740005 -3.346641064 -4.434553146 -0.744663537 -0.331178039 -0.484477103 0.317929566
1413394946655760384.000000 0.678617597 -3.361494064 -4.438859463 -0.757328212 -0.293778837 -0.510621488 0.281804621
1413394946755760384.000000 0.739310503 -3.383370161 -4.441690922 -0.763227642 -0.258809954 -0.542040765 0.238102406
1413394946855760384.000000 0.800216138 -3.412066221 -4.444875717 -0.771343648 -0.219710052 -0.564200282 0.196047306
1413394946955760384.000000 0.858848333 -3.445691109 -4.446923733 -0.778258681 -0.177117050 -0.581888914 0.156039476
1413394947055760384.000000 0.912336111 -3.482592106 -4.445474625 -0.783592641 -0.133815974 -0.595612347 0.115419723
1413394947155760384.000000 0.958552420 -3.520812988 -4.435760498 -0.791951716 -0.091014318 -0.599019766 0.075526983
1413394947355760384.000000 1.029427886 -3.594353676 -4.368119240 -0.799487650 -0.011202515 -0.600558639 0.004833024
1413394947655760384.000000 1.093362451 -3.667451382 -4.195161343 0.815168619 -0.045818914 0.576216936 0.037079114
1413394947755760384.000000 1.109839201 -3.682831287 -4.154969692 0.835499227 -0.046788830 0.546240687 0.037054703
1413394947855760384.000000 1.133378386 -3.694174290 -4.121927261 0.850444674 -0.035932008 0.524067342 0.028395601
1413394947955760384.000000 1.171909332 -3.702606201 -4.081273079 0.856486738 -0.015327346 0.515718281 0.015170314
1413394948455760384.000000 1.586368680 -3.703475714 -3.861229658 -0.794057131 -0.081848927 -0.601272762 0.035287313
1413394948855760384.000000 1.817290545 -3.661770344 -3.738056183 -0.734892547 -0.079660095 -0.671981692 0.045032918
1413394949155760384.000000 1.761461377 -3.616084814 -3.670265436 -0.846732080 -0.077785678 -0.525887728 0.020891391
1413394949255760384.000000 1.741803050 -3.591326952 -3.668704271 -0.867903590 -0.076192662 -0.490608454 0.015536335
1413394949355760384.000000 1.741382837 -3.557805538 -3.674380779 -0.879655123 -0.073703051 -0.469716460 0.011885973
1413394949455760384.000000 1.765713573 -3.516168356 -3.683542013 -0.879746974 -0.071000881 -0.469985008 0.010877319
1413394949955760384.000000 2.027974367 -3.203968048 -3.647682667 -0.758984566 -0.052130755 -0.646563649 0.056394212
1413394950055760384.000000 2.042671919 -3.139984131 -3.640089989 -0.760137856 -0.053026769 -0.642401993 0.081843562
1413394950155760384.000000 2.040225506 -3.083272219 -3.632703304 -0.767871976 -0.057467740 -0.627955496 0.112880692
1413394950255760384.000000 2.025716305 -3.038859129 -3.629067421 -0.795192897 -0.066980556 -0.587428451 0.134572342
1413394950355760384.000000 2.010111570 -3.009792089 -3.623881578 -0.825428486 -0.092738837 -0.543833256 0.119635873
1413394950455760384.000000 2.002330542 -2.988664389 -3.614400148 -0.845628321 -0.119959883 -0.511787832 0.092712127
1413394950555760384.000000 2.009072781 -2.965393543 -3.600814819 -0.856523931 -0.135863841 -0.492303371 0.074466631
1413394950655760384.000000 2.034799099 -2.934198380 -3.581186056 -0.855581522 -0.142947122 -0.493168265 0.065814644
1413394950855760384.000000 2.131736279 -2.839997053 -3.518322468 -0.788852394 -0.154226974 -0.589178085 0.082432725
1413394950955760384.000000 2.177188635 -2.783666849 -3.484404087 -0.741334856 -0.162268043 -0.643007457 0.103117883
1413394951455760384.000000 2.023334980 -2.581998348 -3.334861755 -0.790962577 -0.244153723 -0.527936399 0.189869642
1413394951655760384.000000 1.907815218 -2.545125961 -3.265527248 -0.852417946 -0.261789799 -0.420604914 0.167156637
1413394951755760384.000000 1.891379356 -2.508417130 -3.221719742 -0.863671720 -0.262038380 -0.400563985 0.157972932
1413394951855760384.000000 1.915814757 -2.451311111 -3.162987232 -0.845040262 -0.262547761 -0.439310759 0.154860497
1413394951955760384.000000 1.966923237 -2.379469156 -3.098469019 -0.810983896 -0.257428557 -0.499800861 0.161971599
1413394952155760384.000000 2.085496664 -2.220560312 -2.982710123 -0.736535430 -0.235905156 -0.605718017 0.187002867
1413394952355760384.000000 2.167982101 -2.077881813 -2.938539743 -0.753410995 -0.233205825 -0.581449568 0.199758306
1413394952755760384.000000 2.307220936 -1.845036149 -2.870872021 -0.772583723 -0.290051520 -0.526496649 0.204415798
1413394952955760384.000000 2.402213573 -1.732256651 -2.805737495 -0.713884771 -0.288485467 -0.595520020 0.229129970
1413394953155760384.000000 2.450956583 -1.645701051 -2.777529001 -0.673685372 -0.277592450 -0.638385534 0.248101786
1413394953255760384.000000 2.444346666 -1.626387358 -2.760118484 -0.663722098 -0.273462772 -0.649019420 0.251922637
1413394953355760384.000000 2.408073187 -1.629749179 -2.720129490 -0.651804149 -0.267418832 -0.661903083 0.255974501
1413394953455760384.000000 2.344338417 -1.654673100 -2.674979448 -0.663618803 -0.268310547 -0.651351988 0.251714736
1413394953555760384.000000 2.261678934 -1.694326401 -2.655037403 -0.715058148 -0.285034686 -0.596849799 0.226312906
1413394954055760384.000000 1.850491405 -1.834394574 -2.994781494 -0.790871203 -0.310430348 -0.497598886 0.174788475
1413394954155760384.000000 1.798146248 -1.822520137 -3.082212210 -0.757858217 -0.304214329 -0.544286668 0.191980943
1413394954255760384.000000 1.743531346 -1.806818843 -3.166863203 -0.722538769 -0.295714110 -0.588437915 0.210313633
1413394954555760384.000000 1.494684935 -1.795148730 -3.371088266 -0.724490404 -0.286812186 -0.584393859 0.226575121
1413394954655760384.000000 1.384549737 -1.809200168 -3.424177408 -0.773298919 -0.289785385 -0.522224486 0.212872997
1413394954755760384.000000 1.277780652 -1.823009849 -3.477382421 -0.815048575 -0.286888897 -0.462112099 0.199606821
1413394954855760384.000000 1.188165426 -1.829443455 -3.532551765 -0.834978163 -0.282780081 -0.433627933 0.186584547
1413394954955760384.000000 1.123239398 -1.823398829 -3.586265326 -0.821342587 -0.283709466 -0.461723506 0.178091779
1413394955055760384.000000 1.073477507 -1.801939368 -3.643261433 -0.788299501 -0.286924213 -0.511567473 0.185895875
1413394955155760384.000000 1.028645873 -1.770835042 -3.700890303 -0.751538813 -0.294047773 -0.554733872 0.202474073
1413394955255760384.000000 0.977899134 -1.738141656 -3.755960941 -0.716832399 -0.306495696 -0.584707797 0.224340215
1413394956505760512.000000 0.804861367 -1.290683627 -3.730244637 -0.657291353 -0.418875277 -0.513414860 0.359049857
1413394958505760512.000000 0.800697565 -0.944185138 -3.580474377 -0.505446434 -0.597232521 -0.389493763 0.485934138
1413394959755760384.000000 0.902190685 -0.903259695 -3.386009216 -0.369475275 -0.799796879 -0.203900069 0.426893264
1413394960805760512.000000 0.479605108 -0.762506485 -3.458346367 -0.073427983 -0.860407174 -0.056448985 0.501120150
1413394961105760512.000000 0.250421703 -0.750415027 -3.487597466 -0.035291176 -0.778436303 -0.038360417 0.625555634
1413394963605760512.000000 -0.050735720 -1.731575727 -3.649622440 -0.011767282 -0.853458822 -0.025470713 0.520404398
1413394963755760384.000000 0.010452211 -1.829881549 -3.703983545 -0.011265843 -0.822739899 -0.031646732 0.567424595
1413394964955760384.000000 0.416372120 -2.658093214 -3.933177233 -0.077060007 -0.872593820 0.033154074 0.481188655
1413394965105760512.000000 0.395845234 -2.697570324 -3.904169798 -0.068571396 -0.843687057 0.016246479 0.532190084
1413394966355760384.000000 0.607167602 -2.795881033 -3.750527143 0.278992355 -0.793076098 0.184883416 0.508931994
1413394966955760384.000000 0.824943721 -2.892465591 -3.815577030 0.363179475 -0.702824473 0.287849605 0.539704740
1413394967405760512.000000 0.971586108 -2.978590965 -3.798305511 0.445341319 -0.649847925 0.346373260 0.509307683
1413394967855760384.000000 1.143944740 -2.999356747 -3.713936329 0.541552961 -0.622358620 0.379217356 0.419027776
1413394968005760512.000000 1.201863527 -3.002110958 -3.659033298 0.551914513 -0.571131229 0.425709486 0.433556080
1413394968155760384.000000 1.258969426 -2.987880468 -3.625928402 0.591576219 -0.558499396 0.425702780 0.396097362
1413394969955760384.000000 2.026877642 -3.194147348 -3.919542074 0.695851922 -0.450912744 0.437949240 0.347373545
1413394970355760384.000000 2.356621981 -3.200263262 -3.893688440 0.658238113 -0.471890688 0.487304538 0.326459944
1413394970655760384.000000 2.574782610 -3.211607933 -3.910673141 0.607294202 -0.486041099 0.553733885 0.297214925
1413394970755760384.000000 2.614844799 -3.204874992 -3.928652287 0.603006661 -0.483348012 0.557692170 0.302881598
1413394971155760384.000000 2.650621176 -3.130320549 -3.937064171 0.679746032 -0.475443900 0.445223480 0.337156534
1413394971355760384.000000 2.683533669 -3.099608421 -3.910160542 0.698912561 -0.501761973 0.408102721 0.305300325
1413394971755760384.000000 2.828741789 -3.241112709 -3.874569654 0.657217026 -0.524218976 0.456202656 0.291786611
1413394971855760384.000000 2.861391783 -3.316739082 -3.855835199 0.630523562 -0.522444248 0.482101619 0.311560929
1413394971955760384.000000 2.882401228 -3.395893812 -3.837765455 0.601287365 -0.524044871 0.502859056 0.333111495
1413394972055760384.000000 2.889516830 -3.471170187 -3.826061010 0.576347113 -0.529612660 0.508189082 0.359274626
1413394972155760384.000000 2.882773876 -3.537392378 -3.824659586 0.550706148 -0.544358730 0.503212631 0.383631796
1413394972255760384.000000 2.862375498 -3.590735435 -3.833113909 0.523436069 -0.565740168 0.490151346 0.407067984
1413394972355760384.000000 2.829214096 -3.629714727 -3.848275900 0.493745804 -0.591186941 0.470893621 0.430083990
1413394972455760384.000000 2.784385204 -3.653011322 -3.870243549 0.462713689 -0.622705042 0.445362508 0.446975023
1413394972555760384.000000 2.728921175 -3.661430597 -3.898240328 0.438383788 -0.661463380 0.404901475 0.454247385
1413394972655760384.000000 2.664020061 -3.656224966 -3.922492027 0.415065467 -0.695971429 0.356682658 0.464889288
1413394972755760384.000000 2.590294361 -3.647287607 -3.939428568 0.391932935 -0.717520058 0.304531127 0.488686442
1413394972855760384.000000 2.513660669 -3.636815548 -3.948728800 0.365628779 -0.731279135 0.255297422 0.516110241
1413394972955760384.000000 2.439421415 -3.627838135 -3.954615593 0.331309736 -0.743940115 0.216019377 0.538630366
1413394973055760384.000000 2.370041847 -3.621710300 -3.959847689 0.290352285 -0.759681106 0.185473979 0.551524758
1413394973155760384.000000 2.305820465 -3.619208813 -3.966408491 0.245546862 -0.776322603 0.160711393 0.557854652
1413394973255760384.000000 2.245548964 -3.619534969 -3.974251509 0.198172793 -0.793216586 0.140294731 0.558437526
1413394973355760384.000000 2.185767889 -3.620729446 -3.980758190 0.151835576 -0.805729270 0.117551163 0.560292721
1413394973455760384.000000 2.125258207 -3.621607304 -3.985280752 0.106789917 -0.813140333 0.091877505 0.564763069
1413394973755760384.000000 1.935336351 -3.615500689 -3.985824108 -0.022060562 -0.819466293 -0.001699669 0.572700262
1413394974205760512.000000 1.652829766 -3.589601517 -3.954478502 -0.220767274 -0.783273220 -0.121652924 0.568282962
1413394974355760384.000000 1.578227639 -3.571284533 -3.943270922 -0.286596268 -0.763326645 -0.152813792 0.558429122
1413394974805760512.000000 1.433449864 -3.438659668 -3.880005360 -0.431278825 -0.687298656 -0.268864840 0.518970907
1413394975105760512.000000 1.403041482 -3.320798159 -3.894240618 -0.480356425 -0.650807977 -0.343982637 0.476846516
1413394975555760384.000000 1.368245244 -3.210933685 -4.051401615 -0.532732368 -0.605775118 -0.397987902 0.436850697
1413394976355760384.000000 1.163401008 -3.129796743 -4.162375450 -0.528789997 -0.595464826 -0.419478089 0.435707450
1413394976505760512.000000 1.102243185 -3.142540216 -4.169385433 -0.517755091 -0.584873080 -0.431365132 0.451417029
1413394976855760384.000000 0.951249778 -3.278901577 -4.180335045 -0.547290921 -0.576857567 -0.388805181 0.465337127
1413394977005760512.000000 0.905038416 -3.370135307 -4.183398724 -0.593293250 -0.598470330 -0.329758853 0.425553203
1413394977155760384.000000 0.883669555 -3.435898542 -4.172994614 -0.631395221 -0.607566059 -0.285108268 0.388480276
1413394977505760512.000000 0.936368346 -3.337277412 -4.066371918 -0.615856767 -0.641373396 -0.323743612 0.323343039
1413394977705760512.000000 0.966791868 -3.114908934 -3.968168259 -0.609633565 -0.641746759 -0.336703688 0.321152270
1413394977905760512.000000 0.971571445 -2.786089897 -3.851897955 -0.587592602 -0.625200689 -0.374425590 0.351659864
1413394980855760384.000000 0.103543490 -0.964408755 -3.397811890 -0.582017303 -0.567607045 -0.403605759 0.419738561
1413394981155760384.000000 0.023068104 -1.263378859 -3.395656824 -0.590425968 -0.564779460 -0.389568835 0.425038248
1413394981605760512.000000 -0.018867120 -1.641722083 -3.488998652 -0.591414750 -0.570625722 -0.402164549 0.403582066
1413394982005760512.000000 -0.014401779 -1.887412429 -3.555398464 -0.636766791 -0.539219320 -0.395330608 0.384036958
1413394982355760384.000000 0.074397914 -2.013283968 -3.579775810 -0.691561818 -0.450162947 -0.415939867 0.382216752
1413394982555760384.000000 0.200818479 -2.074767113 -3.570068121 -0.721592605 -0.397004843 -0.438611686 0.359598488
1413394982655760384.000000 0.286486775 -2.109901190 -3.557473898 -0.734835207 -0.369805783 -0.450973064 0.346242994
1413394982755760384.000000 0.386611760 -2.148949385 -3.541699409 -0.745807588 -0.346420705 -0.464144915 0.329140306
1413394982855760384.000000 0.500188947 -2.192229271 -3.523948193 -0.754558921 -0.324619025 -0.479463279 0.308833539
1413394983005760512.000000 0.690096378 -2.264333725 -3.494643450 -0.764032960 -0.298584670 -0.500908077 0.276028961
1413394983105760512.000000 0.825414836 -2.315626383 -3.473574877 -0.766127348 -0.289922237 -0.513248622 0.256065816
1413394983205760512.000000 0.964497685 -2.367546320 -3.451018810 -0.765490115 -0.285964817 -0.523150921 0.241996095
1413394983305760512.000000 1.105233312 -2.419356585 -3.428342819 -0.764144838 -0.283864796 -0.529526830 0.234744042
1413394983505760512.000000 1.386145115 -2.522265434 -3.382302761 -0.756212473 -0.303073555 -0.540710211 0.209574580
1413394983605760512.000000 1.520924330 -2.570393085 -3.365632296 -0.751637459 -0.314457566 -0.544346035 0.199612111
1413394984605760512.000000 2.434606075 -2.690199375 -3.592633963 -0.734294832 -0.380974412 -0.518954694 0.215303734
1413394984905760512.000000 2.562177658 -2.565881252 -3.640322447 -0.712486446 -0.426551253 -0.496715754 0.252370000
1413394985005760512.000000 2.593814611 -2.505900621 -3.649127960 -0.698950529 -0.442983121 -0.492518991 0.269553810
1413394985405760512.000000 2.671102047 -2.203519344 -3.617081881 -0.685629547 -0.468105108 -0.456987768 0.319299042
1413394985705760512.000000 2.730561018 -1.925680041 -3.472108126 -0.681853771 -0.473721623 -0.452827394 0.324977934
1413394986205760512.000000 2.828933001 -1.394415379 -3.349534035 -0.672286451 -0.480093539 -0.469985634 0.310893506
1413394986605760512.000000 2.868620634 -0.907662213 -3.244243383 -0.682538927 -0.464857280 -0.461484998 0.324160486
1413394986705760512.000000 2.885488987 -0.780771434 -3.208895206 -0.674907386 -0.476876318 -0.471632302 0.307655603
1413394986805760512.000000 2.899046421 -0.649738193 -3.173580647 -0.668336749 -0.483372450 -0.480357081 0.298218340
1413394986905760512.000000 2.906150341 -0.513875306 -3.138350964 -0.667718947 -0.478313208 -0.482585102 0.304104418
1413394987005760512.000000 2.907661915 -0.376721501 -3.107944250 -0.671206594 -0.466282398 -0.479643673 0.319381505
1413394987105760512.000000 2.905571699 -0.241832525 -3.091170788 -0.677523553 -0.453326315 -0.471693784 0.336098433
1413394987505760512.000000 2.906897306 0.264560074 -3.097212791 -0.649373829 -0.463232934 -0.514052212 0.315403253
1413394987605760512.000000 2.895570517 0.382085741 -3.095607758 -0.641301930 -0.465514779 -0.524367273 0.311555684
1413394988105760512.000000 2.629908323 0.860731840 -3.022022247 -0.620898962 -0.444169253 -0.552474678 0.334619224
1413394988605760512.000000 2.132648945 1.020373225 -2.938559771 -0.708587289 -0.338447541 -0.506473541 0.356148630
1413394989105760512.000000 1.734439373 0.841686606 -2.990339756 -0.739338160 -0.285881579 -0.564287663 0.230717078
1413394990405760512.000000 0.698446512 0.103580743 -3.434104443 -0.638727963 -0.529904068 -0.437261969 0.346453965
1413394990805760512.000000 0.468725383 -0.020459868 -3.647715807 -0.602379560 -0.578303397 -0.396488219 0.381446093
1413394991005760512.000000 0.356046617 -0.028003011 -3.730021954 -0.603724897 -0.575859010 -0.398358822 0.381068110
1413394991405760512.000000 0.141265899 0.047102466 -3.848140478 -0.633384168 -0.538351536 -0.407222390 0.378380835
1413394991805760512.000000 -0.008277208 0.203424871 -3.918322563 -0.671383142 -0.459925532 -0.469668388 0.342234999
1413394992055760384.000000 -0.082341611 0.307419837 -3.948203564 -0.682569623 -0.418153167 -0.488998055 0.346594304
1413394992505760512.000000 -0.136170879 0.403881669 -3.974705219 -0.726806581 -0.370139927 -0.504301131 0.283600211
1413394992855760384.000000 -0.133722022 0.453143686 -3.960839033 -0.735147119 -0.336018503 -0.524932206 0.266639262
1413394993305760512.000000 -0.121959984 0.485196948 -4.019327641 -0.744367659 -0.328565300 -0.528944552 0.241203889
1413394993755760384.000000 -0.126640722 0.526725948 -4.157959938 -0.742757201 -0.329901874 -0.534258485 0.232474566
1413394993955760384.000000 -0.138498873 0.553864658 -4.241798878 -0.762438416 -0.283768833 -0.534123361 0.229945958
1413394994405760512.000000 -0.133487210 0.545692682 -4.380458832 -0.794309616 -0.170192346 -0.566272497 0.139435410
1413394994705760512.000000 -0.131770551 0.525005519 -4.368021488 -0.796278656 -0.143437967 -0.582344294 0.078999780
1413394994905760512.000000 -0.149785176 0.540415466 -4.322978497 -0.791436791 -0.132771313 -0.591472745 0.078483306
1413394995105760512.000000 -0.187630162 0.572073579 -4.315738201 -0.791398287 -0.120793402 -0.590759277 0.100505173
1413394995505760512.000000 -0.278315067 0.615144253 -4.446652412 -0.821656048 -0.123815194 -0.545551062 0.109202504
1413394995805760512.000000 -0.286134630 0.633980751 -4.518148422 -0.805492580 -0.123402938 -0.569154263 0.109622002
1413394995905760512.000000 -0.284201860 0.639044523 -4.529114723 -0.800014079 -0.120554857 -0.576849222 0.112645671
1413394996405760512.000000 -0.330384344 0.618355453 -4.466370583 -0.790715575 -0.128567576 -0.589114249 0.105753027
1413394996905760512.000000 -0.377958447 0.586262941 -4.326884270 -0.790759742 -0.130163699 -0.589071512 0.103688881
1413394997405760512.000000 -0.435370862 0.551375747 -4.149201870 -0.790798724 -0.129927576 -0.588998139 0.104103081
1413394997905760512.000000 -0.504260302 0.515060723 -3.932753563 -0.790816844 -0.129799888 -0.589021087 0.103995152
