1403636579963555584.000000 2.547443151 1.691879630 -0.938834429 -0.603631020 -0.551659584 -0.406603009 0.407400638
1403636582913555456.000000 2.545387506 1.700444818 -0.749096930 -0.612522423 -0.535099268 -0.429630369 0.392304599
1403636585013555456.000000 2.553960085 1.713751912 -0.659217119 -0.602562487 -0.524339020 -0.452173829 0.396895409
1403636587563555584.000000 2.668994427 1.650703430 -0.940536618 -0.689797938 -0.594923437 -0.294863969 0.288617849
1403636590063555584.000000 2.294834137 1.630926013 -0.945315480 -0.670589864 -0.615272701 -0.273194879 0.311630309
1403636593013555456.000000 2.630398035 1.895652652 -0.981308877 -0.648146510 -0.614957988 -0.287893772 0.344746321
1403636594063555584.000000 2.536822319 1.519907713 -0.998629749 -0.712404788 -0.552684188 -0.302129507 0.309414774
1403636594413555456.000000 2.738328934 1.556883693 -1.000261664 -0.749317706 -0.501665473 -0.342190593 0.264122039
1403636594713555456.000000 2.841789722 1.694606543 -1.002792120 -0.737642229 -0.497273475 -0.363139093 0.277007490
1403636596263555584.000000 2.669508457 1.503655791 -1.042862892 -0.702148020 -0.563513875 -0.324287176 0.290307224
1403636596663555584.000000 2.525679588 1.380389810 -1.000826240 -0.693290591 -0.564974844 -0.335789710 0.295629799
1403636597163555584.000000 2.555810452 1.527014017 -1.011599779 -0.685479224 -0.582181036 -0.330916196 0.285793483
1403636598963555584.000000 2.581298113 1.763978124 -1.145727038 -0.568918228 -0.651616931 -0.315476120 0.390131176
1403636601613555456.000000 2.607529402 1.845571160 -1.235369802 -0.540685534 -0.585164130 -0.380272776 0.469717741
1403636604113555456.000000 2.607476711 1.845366120 -1.235354662 -0.540727019 -0.585028708 -0.380302697 0.469814420
1403636606613555456.000000 2.607492924 1.845364094 -1.235461473 -0.540695965 -0.585051656 -0.380348682 0.469784319
1403636609113555456.000000 2.607393742 1.845172882 -1.235297680 -0.540762007 -0.585062504 -0.380364239 0.469682157
1403636611613555456.000000 2.607974768 1.845072985 -1.235402226 -0.540794015 -0.585188389 -0.380387992 0.469469309
1403636614113555456.000000 2.608027458 1.845070839 -1.235388875 -0.540615141 -0.584905863 -0.380642772 0.469820708
1403636616613555456.000000 2.608045816 1.845165014 -1.235495448 -0.540695190 -0.584873736 -0.380538106 0.469853431
1403636619113555456.000000 2.607974052 1.845176578 -1.235522389 -0.540851653 -0.584680736 -0.380298644 0.470107347
1403636621613555456.000000 2.608079672 1.845343828 -1.235567451 -0.540749609 -0.584791899 -0.380519897 0.469907492
1403636624413555456.000000 2.612293959 1.842620611 -1.235515594 -0.549453735 -0.586776733 -0.377073377 0.460010260
1403636627113555456.000000 2.718953609 1.854863644 -0.912177920 -0.539514482 -0.620053351 -0.373488575 0.430074692
1403636628863555584.000000 2.959830046 1.881174564 -0.751119912 -0.585725009 -0.573626578 -0.400562435 0.409180373
1403636631563555584.000000 4.016216278 2.616632462 -0.790966868 -0.665845454 -0.474035770 -0.468517929 0.335307360
1403636634513555456.000000 4.792316437 4.111881733 -0.958390296 -0.607439041 -0.545617521 -0.427510738 0.388012946
1403636635563555584.000000 5.091000557 4.826232433 -0.962882698 -0.593740106 -0.574648738 -0.395312637 0.401222557
1403636638063555584.000000 5.643127441 6.322576523 -0.607971132 -0.576806962 -0.577021182 -0.409194171 0.408534676
1403636638813555456.000000 5.697181225 6.691318989 -0.692587256 -0.587835252 -0.585222781 -0.389927238 0.399900943
1403636641563555584.000000 6.389071465 8.195215225 -0.874664307 -0.552085996 -0.597327590 -0.389764696 0.431838393
1403636642963555584.000000 6.611634731 8.459506035 -0.876394987 -0.596932173 -0.569207251 -0.405006051 0.394519031
1403636643963555584.000000 6.795118332 8.681844711 -0.801042795 -0.600661993 -0.582837462 -0.390516013 0.383409560
1403636644313555456.000000 6.872497082 8.853289604 -0.796372831 -0.598272264 -0.569249034 -0.394683331 0.402803719
1403636647213555456.000000 8.176962852 10.787299156 -0.906557798 -0.674427927 -0.458043933 -0.474213421 0.332361847
1403636647563555584.000000 8.351954460 10.948220253 -0.885980546 -0.667856574 -0.453692853 -0.475681543 0.349080920
1403636649963555584.000000 9.562788963 11.055893898 -0.651498139 -0.748911440 -0.294711262 -0.548763752 0.226131186
1403636651763555584.000000 9.828035355 10.516929626 -0.616342068 -0.785710812 -0.180142194 -0.573361397 0.146506175
1403636652063555584.000000 9.813207626 10.389129639 -0.641765475 -0.792233407 -0.133556068 -0.580867231 0.130851671
1403636654713555456.000000 9.788855553 9.119404793 -0.677041769 0.815637887 -0.055160303 0.575068414 0.031443305
1403636654963555584.000000 9.747912407 9.029691696 -0.665605605 0.813998044 -0.072821319 0.574333310 0.047388427
1403636655263555584.000000 9.697037697 8.932546616 -0.690156519 0.800205290 -0.081367008 0.591993392 0.050939798
1403636656463555584.000000 9.209614754 8.490740776 -0.821544826 0.801308215 -0.201193422 0.550448179 0.120138511
1403636657163555584.000000 8.970073700 8.149512291 -0.797440588 0.780413151 -0.184824690 0.585453510 0.118487909
1403636657513555456.000000 8.788615227 7.996678352 -0.823553622 0.793809295 -0.193924934 0.566935718 0.104134351
1403636658963555584.000000 8.054967880 7.061676502 -1.008564472 0.794558644 -0.186851472 0.558055401 0.149456859
1403636659313555456.000000 7.946506977 6.886717796 -1.107720733 0.787050068 -0.191580668 0.568968892 0.141857550
1403636659913555456.000000 7.769188404 6.678010941 -1.227979064 0.791786015 -0.194409683 0.560454786 0.145499945
1403636662063555584.000000 7.860116959 6.728243828 -1.812822342 0.781470478 -0.201624408 0.575673342 0.131345347
1403636662463555584.000000 7.818093300 6.853217602 -1.785150409 0.793719411 -0.192649856 0.557340503 0.149221942
1403636663463555584.000000 7.761106014 7.058475971 -1.945316672 0.814277887 -0.204655185 0.523911417 0.143473387
1403636663863555584.000000 7.862100124 7.045189381 -2.059120178 0.818078816 -0.184214383 0.518459499 0.167367637
1403636665313555456.000000 8.781023979 7.624336720 -2.197713852 0.800891161 -0.174444228 0.562426329 0.108715661
1403636668213555456.000000 10.008717537 8.915532112 -2.119448662 0.807220280 -0.173453733 0.552441061 0.114534572
1403636668513555456.000000 10.140418053 8.988485336 -2.180039644 0.805385888 -0.175442636 0.552081048 0.125618324
1403636669013555456.000000 10.400130272 9.141608238 -2.272519827 0.795752048 -0.167658165 0.562903225 0.147680342
1403636669863555584.000000 10.762868881 9.645645142 -2.353997946 0.770648003 -0.185840264 0.598094821 0.117675617
1403636670263555584.000000 10.771262169 9.897346497 -2.321228027 0.770159781 -0.211748198 0.598886907 0.057888635
1403636670613555456.000000 10.641695976 9.972371101 -2.294731855 0.775854111 -0.189392075 0.601741135 0.009418084
1403636673513555456.000000 9.062873840 7.719389915 -1.758605361 -0.831595719 -0.163366854 -0.524749041 0.079989277
1403636674013555456.000000 9.222290039 7.849630356 -1.763125062 -0.806184292 -0.168269709 -0.560178161 0.089178190
1403636676863555584.000000 10.442634583 9.616311073 -2.254903078 -0.720978737 -0.395799339 -0.494113803 0.281751931
1403636677663555584.000000 10.633869171 10.269141197 -2.359568119 -0.671937406 -0.431546897 -0.508038282 0.322745413
1403636680263555584.000000 10.566800117 11.049615860 -2.071044445 -0.389166445 -0.701817811 -0.333039194 0.495061815
1403636682463555584.000000 9.422407150 10.072810173 -1.969282031 -0.423898131 -0.704493642 -0.292651534 0.488215417
1403636684713555456.000000 8.207340240 8.739519119 -1.935695291 -0.411957115 -0.695045650 -0.289108306 0.513438702
1403636687463555584.000000 7.252117157 7.016828060 -1.994505048 -0.417031616 -0.698249757 -0.295363754 0.501290500
1403636689363555584.000000 6.772904873 6.099009037 -2.384769201 -0.394726783 -0.723667026 -0.267794222 0.498781592
1403636689963555584.000000 6.552525043 5.919864178 -2.257791281 -0.412997812 -0.720656574 -0.236506805 0.504134297
1403636690313555456.000000 6.451788425 5.931124210 -2.216141701 -0.404757649 -0.726548731 -0.255592257 0.492920697
1403636690563555584.000000 6.380931377 5.985345840 -2.167210579 -0.406774670 -0.721559644 -0.254397064 0.499167532
1403636691013555456.000000 6.303528309 6.162441254 -2.192586899 -0.420141846 -0.680817544 -0.232738122 0.552993059
1403636691463555584.000000 6.483716488 6.362229347 -2.171216249 -0.384090811 -0.696152568 -0.274829835 0.540661156
1403636693763555584.000000 7.705625534 6.610407352 -1.471811891 -0.396749079 -0.740792036 -0.251605511 0.480116755
1403636694113555456.000000 7.717522144 6.711094379 -1.455571055 -0.381494820 -0.718786657 -0.270246059 0.514562607
1403636695613555456.000000 7.799499989 7.091295242 -1.427898884 -0.387544125 -0.717017412 -0.281515509 0.506403625
1403636698413555456.000000 7.497224808 6.885025501 -1.428646684 -0.487007231 -0.658127308 -0.347583294 0.457032055
1403636701213555456.000000 7.175117970 6.260775089 -1.903801918 -0.747761369 -0.357349336 -0.499227852 0.252835661
1403636702763555584.000000 7.617126465 6.058038712 -2.093286514 -0.781127453 -0.277143538 -0.527628422 0.186117351
1403636705313555456.000000 8.760859489 6.359316349 -2.462456703 -0.768611014 -0.298808306 -0.530548871 0.196134061
1403636705663555584.000000 8.983110428 6.548818111 -2.498003006 -0.775233507 -0.299520224 -0.521454513 0.193354234
1403636706413555456.000000 9.480870247 7.005764008 -2.586134195 -0.761228800 -0.297606677 -0.537589192 0.207265332
1403636706913555456.000000 9.789287567 7.289011478 -2.621317863 -0.770886660 -0.302889049 -0.525454402 0.194652736
1403636707413555456.000000 10.078591347 7.640819073 -2.560859442 -0.771915078 -0.292180449 -0.532777846 0.186883628
1403636707763555584.000000 10.264816284 7.927244186 -2.467591047 -0.780103385 -0.281181753 -0.522192001 0.199226558
1403636710113555456.000000 11.353486061 9.566951752 -2.690016270 -0.762463748 -0.290773571 -0.547010899 0.186758906
1403636712813555456.000000 10.695753098 10.717094421 -2.603126526 -0.679777741 -0.413737416 -0.519174516 0.311739415
1403636715413555456.000000 9.326355934 9.762337685 -2.106040716 -0.641633987 -0.517870247 -0.436937928 0.359446198
1403636718313555456.000000 8.748683929 8.587127686 -2.079998732 -0.522170484 -0.627865374 -0.374636382 0.439056724
1403636720863555584.000000 7.907822132 7.461593628 -2.354930878 -0.498193204 -0.649038374 -0.338583589 0.464665294
1403636723363555584.000000 7.869481087 6.605585575 -2.394739151 -0.569886565 -0.581335962 -0.407463253 0.413825542
1403636725863555584.000000 7.570592403 5.811432838 -2.065921545 -0.655405641 -0.490858763 -0.455778450 0.348951459
1403636728363555584.000000 7.360607624 5.266178608 -1.569730520 -0.634841144 -0.504700541 -0.461143464 0.360001117
1403636731263555584.000000 6.460376263 4.240995884 -1.407215476 -0.612368226 -0.538838685 -0.412626058 0.405460089
1403636734063555584.000000 6.044506550 3.416807413 -1.404408216 -0.593007982 -0.559179544 -0.428742170 0.389666587
1403636736563555584.000000 5.299872875 2.704157591 -1.077363253 -0.566197276 -0.584948719 -0.413703054 0.407560468
1403636737963555584.000000 4.859911919 2.465655565 -1.040238619 -0.570910990 -0.592683375 -0.375252217 0.426582813
1403636740813555456.000000 5.146359444 2.418391228 -1.305921316 -0.710116208 -0.403971553 -0.494356096 0.296907514
1403636743713555456.000000 5.505715847 2.519458771 -2.084452152 -0.728446066 -0.389595568 -0.493206680 0.272633135
1403636746363555584.000000 6.107219696 2.972155094 -2.947581530 -0.720086992 -0.341569215 -0.552676439 0.243627027
1403636749263555584.000000 5.938024044 3.542679548 -2.385141850 -0.750836670 -0.309616864 -0.524095953 0.256330341
1403636750763555584.000000 5.911713600 3.490954161 -2.003801346 -0.733583629 -0.348026305 -0.526981950 0.251043648
1403636752263555584.000000 5.700619221 3.422406912 -1.346692204 -0.730836630 -0.370493919 -0.508477628 0.264693528
1403636754813555456.000000 5.289457321 3.339878082 -1.025178790 -0.559637308 -0.584333122 -0.419013709 0.412054002
1403636755763555584.000000 4.789089680 3.013520002 -0.981212080 -0.548506021 -0.610544443 -0.390692383 0.416816652
1403636756263555584.000000 4.484367847 2.863151312 -0.960265756 -0.544986427 -0.602755725 -0.396935642 0.426752180
1403636756713555456.000000 4.200121403 2.718551397 -0.940977633 -0.541007996 -0.603321135 -0.397010118 0.430925757
1403636757063555584.000000 3.980457544 2.571542025 -0.911426067 -0.540468395 -0.603614032 -0.393542767 0.434359461
1403636757413555456.000000 3.766366720 2.398735046 -0.906021953 -0.539275348 -0.607771456 -0.393437624 0.430119425
1403636757713555456.000000 3.575263739 2.241581917 -0.908391058 -0.537755787 -0.629953265 -0.374033540 0.417224765
1403636758063555584.000000 3.331339121 2.111805439 -0.822385848 -0.527189374 -0.633813620 -0.364920944 0.432648242
1403636758563555584.000000 2.994325161 1.971991539 -0.778353870 -0.543384790 -0.632397056 -0.336503714 0.437689692
1403636759063555584.000000 2.745320797 1.930049896 -0.815905869 -0.526780963 -0.620029628 -0.364354163 0.453112751
1403636759363555584.000000 2.648931026 1.915187001 -0.873808622 -0.538898528 -0.605443716 -0.344086707 0.473952293
1403636759663555584.000000 2.623489857 1.892963529 -0.953459382 -0.519768953 -0.622279465 -0.369470924 0.453982145
1403636760013555456.000000 2.613933086 1.846788883 -0.983850777 -0.524033666 -0.630448699 -0.362360507 0.443416327
1403636760513555456.000000 2.607035637 1.793125868 -1.046865225 -0.518066168 -0.624997914 -0.372189999 0.449955165
1403636760863555584.000000 2.600982428 1.750529885 -1.099857807 -0.516561925 -0.635350525 -0.371875823 0.437266439
1403636761213555456.000000 2.568078995 1.712046981 -1.148567438 -0.527933419 -0.645334125 -0.352985412 0.424536824
1403636761613555456.000000 2.503760576 1.721371055 -1.164600611 -0.518075764 -0.630886912 -0.368736833 0.444536150
1403636762113555456.000000 2.448901892 1.738182306 -1.137733102 -0.513311207 -0.631212413 -0.379965037 0.440124035
1403636762413555456.000000 2.413126945 1.738192916 -1.128700376 -0.527049541 -0.644099593 -0.362973928 0.419051856
1403636762713555456.000000 2.358971596 1.765986323 -1.182291269 -0.540453494 -0.611403823 -0.343454570 0.464902639
1403636763013555456.000000 2.373957634 1.758827090 -1.222645521 -0.537108123 -0.608839452 -0.371494383 0.450356930
1403636763213555456.000000 2.391675472 1.737842202 -1.236368299 -0.556508720 -0.577591419 -0.382680982 0.458521008
1403636763513555456.000000 2.393119335 1.724867940 -1.257377267 -0.560507059 -0.579038918 -0.377231061 0.456335902
1403636763813555456.000000 2.394869328 1.700639129 -1.277117014 0.560641527 0.578706026 0.377132088 -0.456674814
