#Stereo rect[ms], MP culling[ms], MP creation[ms], LBA[ms], KF culling[ms], Total[ms]
9.262695,0.054657,0.607496,0.013920,0.013920,9.949745
10.086195,0.218915,3.840088,0.004768,0.004768,14.154350
9.152581,0.343365,4.976168,0.484231,0.484231,43.369430
12.021199,0.561128,9.171365,0.551720,0.551720,58.755446
12.715289,0.608777,19.336665,0.985359,0.985359,82.536464
14.030379,0.589545,23.866395,1.332403,1.332403,94.177368
14.284848,0.653577,29.283466,1.578391,1.578391,120.353141
14.247151,0.653737,36.650741,1.571670,1.571670,122.903609
14.799287,0.755595,40.151079,2.102751,2.102751,122.459923
9.588651,0.612489,25.140909,70.454880,70.454880,175.658648
8.511132,0.409126,24.330337,2.677031,2.677031,83.678016
7.341451,0.372357,20.388233,3.090061,3.090061,80.167405
8.816096,0.483783,29.466156,3.178382,3.178382,113.027914
12.597495,0.530407,37.911047,3.687798,3.687798,124.395631
13.117694,0.453415,38.456399,3.928249,3.928249,125.433022
15.096924,0.481863,39.847843,4.241054,4.241054,130.427847
14.105805,0.472199,40.212552,4.640740,4.640740,134.278463
15.845606,0.642345,53.844751,5.107818,5.107818,174.368741
16.812757,0.607112,51.865778,5.277004,5.277004,183.329447
11.362533,0.560232,42.886415,5.846197,5.846197,150.584524
8.428955,0.283812,28.921252,6.614720,6.614720,139.750958
8.689822,0.466663,28.499998,7.852690,7.852690,144.731734
9.041027,0.381957,30.152406,7.684592,7.684592,144.680213
8.447419,0.321829,28.614047,7.859379,7.859379,142.664121
8.278616,0.373318,29.666799,7.741744,7.741744,142.918300
8.317337,0.412838,29.585613,7.119784,7.119784,142.703225
7.793041,0.402630,26.662115,7.648079,7.648079,137.308650
6.472830,0.416806,22.413798,7.258601,7.258601,345.368505
10.896062,0.849613,32.505752,6.968165,6.968165,135.857621
11.549800,1.087247,28.528287,6.860323,6.860323,171.255831
12.309139,1.441397,31.890415,1.397173,1.397173,159.164904
12.244786,1.154864,36.201102,2.130175,2.130175,180.010902
12.005551,1.076559,38.295244,2.608390,2.608390,181.001445
12.019727,1.019279,34.480245,2.091486,2.091486,157.817589
6.567519,0.474247,20.049219,2.792329,2.792329,138.470843
6.727585,0.675946,20.943152,2.786408,2.786408,141.752266
5.145899,0.585320,15.644867,4.233054,4.233054,133.655477
6.515487,0.536232,20.324071,3.682645,3.682645,138.837728
6.294236,0.448550,21.160660,4.745189,4.745189,139.415017
4.726788,0.379558,12.817562,3.272400,3.272400,125.789955
7.474125,0.364101,22.880556,3.469779,3.469779,95.748143
7.209641,0.624457,28.632160,5.024553,5.024553,173.371990
6.620960,0.854477,22.992238,5.087881,5.087881,144.765046
4.534305,0.361670,14.116173,4.249469,4.249469,126.073158
5.181291,0.439079,16.779923,4.879911,4.879911,126.874963
5.060105,0.430406,16.083498,4.978248,4.978248,124.349613
4.913511,0.330885,16.404783,5.349294,5.349294,125.384093
8.610717,0.280164,30.662045,11.290564,11.290564,95.569164
12.064656,0.384197,45.099279,4.627299,4.627299,159.118119
15.229725,0.684298,51.893394,11.404582,11.404582,192.073829
12.403412,0.709931,38.666225,6.050168,6.050168,144.333104
10.311638,0.435142,31.071043,6.216091,6.216091,140.615610
10.447287,0.647850,32.988351,5.604434,5.604434,142.692408
9.059299,0.508232,29.284521,6.244730,6.244730,137.108070
9.294279,0.546056,34.469684,5.555729,5.555729,142.686168
9.672588,0.577513,33.922700,4.387616,4.387616,142.696376
8.043989,0.535400,28.554527,6.743362,6.743362,140.225877
6.587648,0.551912,20.615563,3.829463,3.829463,126.232713
5.245036,0.565864,13.923082,4.188957,4.188957,120.114928
6.049944,0.868492,18.317290,2.868265,2.868265,136.682368
6.804099,0.715562,19.157974,2.929386,2.929386,132.907850
12.424565,0.917933,36.664820,3.247247,3.247247,162.931166
11.643113,1.152657,35.502563,3.741814,3.741814,167.732995
6.541663,0.686154,14.133837,4.605186,4.605186,125.678145
6.821891,0.636457,15.452449,4.995881,4.995881,131.273394
7.734481,0.749931,18.797553,4.626691,4.626691,133.383601
12.347283,1.006767,37.093882,3.923321,3.923321,186.314801
12.270258,1.031119,28.892196,2.100254,2.100254,166.203213
9.172838,0.920429,24.137918,3.689653,3.689653,159.732079
8.157974,0.806796,23.648055,4.371231,4.371231,165.953033
11.775211,1.279666,30.015540,4.365791,4.365791,191.601533
12.434581,1.240274,31.889295,4.753509,4.753509,193.094035
12.442453,1.328499,32.378838,1.584919,1.584919,217.651992
11.986702,1.459637,34.225713,2.094750,2.094750,196.931531
12.391444,1.123792,31.316199,2.304417,2.304417,587.862294
11.077888,2.442948,31.785805,0.886957,0.886957,199.222155
11.589257,1.216241,34.559894,1.592727,1.592727,205.830412
6.136442,0.907565,18.832081,1.659961,1.659961,164.392915
5.908022,0.854860,14.680213,2.134719,2.134719,87.810554
10.860189,1.351764,33.689929,6.307963,6.307963,196.859305
10.890078,1.456118,65.030191,7.968692,7.968692,219.345168
7.835538,1.096624,43.388726,6.198362,6.198362,123.854950
4.406176,0.683626,21.711643,6.933989,6.933989,104.817585
4.929255,0.664810,21.148531,5.502672,5.502672,90.963176
8.823200,0.598889,36.193069,5.783636,5.783636,192.389352
10.628314,0.576361,39.027062,5.975575,5.975575,192.682221
8.164311,0.522983,27.987351,7.577806,7.577806,168.330059
9.832335,0.711018,33.090112,5.864501,5.864501,173.652408
11.133601,0.714250,39.659744,5.057258,5.057258,186.325136
9.607883,0.805484,30.014708,6.969317,6.969317,171.790013
8.729534,0.767340,32.414518,7.508749,7.508749,176.502721
9.310663,0.728875,34.516276,7.214153,7.214153,191.887297
9.087364,0.740939,27.088265,4.874887,4.874887,165.047356
14.081516,1.235378,45.107663,8.283192,8.283192,202.315960
9.689260,0.823884,31.751533,7.656080,7.656080,182.605242
9.335239,0.847116,30.233111,4.874311,4.874311,179.337290
9.812303,0.676170,27.997174,9.584459,9.584459,188.589553
9.474441,0.663530,26.023162,8.119862,8.119862,175.372241
10.652090,0.634313,29.626350,6.949061,6.949061,196.091645
10.072082,0.648489,27.709938,6.871619,6.871619,180.471258
13.167167,0.709354,37.806181,8.726431,8.726431,195.814489
11.838732,0.602088,31.395272,9.884880,9.884880,192.818382
17.654688,0.760811,50.088663,8.896257,8.896257,216.238146
17.702625,0.630249,52.683581,9.492810,9.492810,224.657596
17.348892,0.787147,46.924329,10.358871,10.358871,215.410486
7.414284,0.574984,21.345942,10.217556,10.217556,166.570033
8.666813,0.665514,25.289967,9.917616,9.917616,179.147527
8.919682,0.752779,29.074502,8.208407,8.208407,182.305909
9.764398,0.579144,37.017465,8.456346,8.456346,200.635263
6.306811,0.474727,22.734794,9.833679,9.833679,172.784075
10.806813,0.585256,36.654708,8.212855,8.212855,191.144821
9.979345,0.574504,36.620275,12.059247,12.059247,205.463813
5.683314,0.352485,15.166236,9.044259,9.044259,153.173262
5.310733,0.250724,15.246237,9.577355,9.577355,154.819046
5.142123,0.301860,16.359790,9.629164,9.629164,153.202415
5.666386,0.271364,15.830726,13.485795,13.485795,156.869124
5.361358,0.229892,16.871668,14.145677,14.145677,158.094614
6.423325,0.248900,19.530651,11.136097,11.136097,161.857260
6.850531,0.332037,21.292789,10.293397,10.293397,166.613233
12.578007,0.947821,38.881620,13.620934,13.620934,196.022972
15.259262,0.865580,50.858466,10.895902,10.895902,223.448522
15.709956,0.952174,52.952160,11.438758,11.438758,214.243364
9.777998,0.541864,27.253003,11.207298,11.207298,177.112073
13.988779,0.632809,38.569744,11.457350,11.457350,201.351433
10.926046,0.442631,31.159940,14.635764,14.635764,182.874844
12.181809,0.569800,39.399804,12.477749,12.477749,200.593534
9.510474,0.574792,29.585997,13.171711,13.171711,178.935332
11.979534,0.652553,36.037643,10.930463,10.930463,203.706475
10.838589,0.617769,33.951404,14.028684,14.028684,198.566880
7.683408,0.616905,24.234911,13.305441,13.305441,166.922422
6.898021,0.315940,21.378102,16.714770,16.714770,164.403697
6.349468,0.444486,19.790527,13.915785,13.915785,157.381066
6.551455,0.423238,20.000898,17.047351,17.047351,159.252934
6.895076,0.401414,20.927472,14.106572,14.106572,155.797268
6.057784,0.462887,18.734223,12.407604,12.407604,149.509720
5.784340,0.471015,18.541357,15.840102,15.840102,153.953817
6.317212,0.403974,21.488631,11.051968,11.051968,154.565954
5.878518,0.449222,20.560074,15.492097,15.492097,158.000980
6.482878,0.535271,20.553355,12.980956,12.980956,155.834900
6.908645,0.483879,22.447397,13.293409,13.293409,158.979202
7.261961,0.396870,22.163426,12.255250,12.255250,158.233015
9.406729,0.498311,30.559195,14.888920,14.888920,186.381359
8.815168,0.486855,26.168411,9.643980,9.643980,161.292963
12.391891,0.670602,37.645634,13.232640,13.232640,195.862232
14.999801,0.636617,51.468427,11.156930,11.156930,215.657847
8.700670,0.494599,27.945109,11.431717,11.431717,169.819102
10.100307,0.578760,35.654405,14.557108,14.557108,183.308003
10.728155,0.643530,35.909448,12.185457,12.185457,185.307455
10.332438,0.587849,36.784789,12.474261,12.474261,189.737696
9.979696,0.648074,38.694321,13.907817,13.907817,203.050944
10.470967,0.704939,40.419338,12.920283,12.920283,200.996290
9.790318,0.623721,40.665134,14.554131,14.554131,205.499652
7.851794,0.549128,34.249233,15.222781,15.222781,183.407716
10.698459,0.660297,45.823289,15.476224,15.476224,202.647226
8.547260,0.487239,38.042055,20.422696,20.422696,201.417064
5.990839,0.473319,26.264701,12.724696,12.724696,172.398532
9.012770,0.556808,38.381805,12.060655,12.060655,177.156489
14.711477,0.743819,51.741902,14.926009,14.926009,211.376249
8.431546,0.579080,30.147510,13.043005,13.043005,198.001655
9.999697,0.781291,36.165645,9.242630,9.242630,197.171563
9.108388,0.733771,30.546491,9.086723,9.086723,195.719638
10.071058,0.777035,34.166992,11.952301,11.952301,201.379208
9.896432,0.702858,30.283223,9.718477,9.718477,200.213175
9.044676,0.651977,28.525598,9.384585,9.384585,201.051876
9.898640,0.606024,30.330552,9.649996,9.649996,202.065170
8.621885,0.587368,28.566302,9.318087,9.318087,196.483041
7.800945,0.691626,25.660180,9.675756,9.675756,187.315932
9.122340,1.038063,28.602239,9.598635,9.598635,200.608604
8.152695,0.869676,23.274866,7.637551,7.637551,194.536133
7.357130,0.763179,21.422423,8.650622,8.650622,195.112749
7.893426,0.747467,22.158913,6.276923,6.276923,190.753613
7.816018,0.623113,23.152271,10.999136,10.999136,200.829952
8.577885,0.625161,24.291616,10.996703,10.996703,209.871459
15.789317,1.003086,53.114242,11.858060,11.858060,254.163205
11.138594,0.630441,31.094819,12.767193,12.767193,210.126439
15.943591,0.736875,52.514714,10.843102,10.843102,260.957960
16.683026,0.716618,51.746894,10.465496,10.465496,259.392016
11.480294,0.588905,31.969647,11.678186,11.678186,210.590413
10.612122,0.566184,29.770927,10.490296,10.490296,207.339965
8.471323,0.491239,24.573604,11.604552,11.604552,205.254304
8.192247,0.550408,24.207166,10.685115,10.685115,198.665248
7.594542,0.673194,22.470053,7.696687,7.696687,197.802675
13.338145,1.028079,38.844787,10.456632,10.456632,227.088476
11.294308,1.200721,42.631146,10.425271,10.425271,255.828636
10.494584,0.935950,31.731660,11.591944,11.591944,210.211783
8.948322,0.763851,26.985031,14.187566,14.187566,201.952464
31.117027,0.931854,60.118535,13.687302,13.687302,270.946711
15.428223,0.839148,46.839559,12.274418,12.274418,224.469397
14.442546,0.966606,46.530722,13.413218,13.413218,233.885566
8.843136,0.971566,28.100728,7.537837,7.537837,137.039810
7.604271,0.970222,32.801019,11.631976,11.631976,210.145670
18.192008,1.237362,59.896708,9.134757,9.134757,255.320085
13.398178,0.882733,42.508552,16.177739,16.177739,215.530452
17.707904,0.694698,46.873032,13.281600,13.281600,225.662694
12.923739,0.638473,43.043984,12.044719,12.044719,213.567447
10.723611,0.715339,32.369269,12.932923,12.932923,199.341833
19.084660,0.927022,60.267273,12.413844,12.413844,250.198826
13.124990,0.647722,43.599256,11.576712,11.576712,217.842581
13.193407,0.693706,40.135174,16.417710,16.417710,212.887021
11.848108,0.501863,33.119872,18.351850,18.351850,200.838239
20.374791,0.776300,69.341773,23.579542,23.579542,274.832527
13.661605,0.543816,49.825522,20.058818,20.058818,231.034515
17.961572,0.914509,75.421445,17.599967,17.599967,272.883474
17.546590,0.849741,55.709383,17.500541,17.500541,242.386904
16.546448,0.951406,55.737544,17.707841,17.707841,235.142224
14.702549,1.221553,47.207532,16.291020,16.291020,235.911386
16.520399,1.057808,59.363228,13.507683,13.507683,263.106468
18.382379,1.004142,57.021818,13.762791,13.762791,244.395733
17.350172,1.169553,56.226702,17.974948,17.974948,243.051842
17.562879,0.966286,64.278179,19.560124,19.560124,263.902192
8.643869,0.750411,31.192260,14.308751,14.308751,205.302719
6.459677,0.747915,22.541319,14.440241,14.440241,188.510283
10.320821,1.274867,39.588221,13.277632,13.277632,220.534011
11.230275,1.313075,48.716418,11.487238,11.487238,232.548073
12.707128,0.950701,48.388061,18.552748,18.552748,237.367214
10.777404,0.882988,35.045244,17.007382,17.007382,217.617296
10.214868,0.656170,39.360186,14.529298,14.529298,224.130543
12.842939,0.773451,47.896726,15.262621,15.262621,250.687376
10.832893,0.747563,34.322929,20.027682,20.027682,218.687232
11.066112,0.682122,39.298457,17.367035,17.367035,221.269861
12.033711,0.688202,45.203343,16.676274,16.676274,248.996760
10.342870,0.702410,31.160707,16.025736,16.025736,214.090717
10.050802,0.685386,30.219765,18.683118,18.683118,219.608685
11.955501,0.759755,33.774953,19.620412,19.620412,227.668290
15.286301,0.893773,44.331362,19.696509,19.696509,260.297754
8.781503,0.592713,38.564463,17.923908,17.923908,233.258803
9.830478,0.883277,35.382817,17.792226,17.792226,219.955218
19.626236,1.055824,69.397741,24.436706,24.436706,270.773874
11.650345,0.903117,38.906995,21.171891,21.171891,223.872395
13.542916,0.723050,38.745489,19.751071,19.751071,223.334019
10.118387,0.653097,38.096808,21.905693,21.905693,220.657436
12.084175,0.980174,50.698878,21.331317,21.331317,239.854002
7.401675,0.948014,34.454131,20.198884,20.198884,221.139459
14.132461,1.850330,65.274930,15.269502,15.269502,263.929935
7.814609,0.945262,36.110667,18.571405,18.571405,215.902647
9.256710,0.716362,34.956315,14.041772,14.041772,210.789549
10.134771,0.516007,32.565944,20.976239,20.976239,208.970290
9.923952,0.491271,29.362505,16.608912,16.608912,203.846632
9.466921,0.690154,37.707938,20.068835,20.068835,213.334898
8.835392,0.706187,41.628571,19.495162,19.495162,216.586081
8.240695,0.784780,37.067032,17.260602,17.260602,211.837820
7.138471,0.629513,29.506155,15.934086,15.934086,195.809939
4.945832,0.562344,23.857721,17.490398,17.490398,183.175101
13.262432,0.750283,45.218383,15.167835,15.167835,212.760073
14.802231,0.714410,50.301880,19.711357,19.711357,242.394870
13.918826,0.759051,46.762213,16.011080,16.011080,227.848452
12.314290,0.938574,46.321439,15.148955,15.148955,228.882450
7.326442,1.033103,34.360657,13.296897,13.296897,147.210388
5.732403,0.786924,26.939718,15.609218,15.609218,203.500163
6.076216,0.805995,26.397502,12.325298,12.325298,130.155196
7.405579,0.541672,32.744346,15.639938,15.639938,206.140073
14.289007,1.117648,65.830778,22.808842,22.808842,267.756134
9.508874,0.570088,31.295782,18.521580,18.521580,213.281073
9.302823,0.479367,30.509594,26.462591,26.462591,217.125736
10.284277,0.598216,45.160718,19.856031,19.856031,231.239124
6.330972,0.548360,30.846302,13.115806,13.115806,134.383802
8.514651,0.658698,41.260341,14.184205,14.184205,207.360378
7.062790,0.567688,30.203222,16.445263,16.445263,205.161595
6.482302,0.620009,27.250507,13.101790,13.101790,184.651410
8.526843,0.628265,38.170601,18.811280,18.811280,210.041473
6.115000,0.645514,27.318123,20.891311,20.891311,195.448046
8.125782,0.724906,37.196891,23.836345,23.836345,213.717527
7.267689,0.550600,31.611114,19.014419,19.014419,194.053849
10.492440,0.731498,39.677823,17.865411,17.865411,207.809601
7.917299,0.578696,36.215437,20.657196,20.657196,209.562107
7.144263,0.755979,31.548169,16.820916,16.820916,207.620766
9.824335,1.075183,45.681077,15.458240,15.458240,221.492551
9.968721,0.838636,35.820198,14.154413,14.154413,205.059065
8.027924,0.641385,27.904372,17.160377,17.160377,199.207076
7.650479,0.690922,30.574394,15.897638,15.897638,199.538857
7.649007,0.624937,29.836112,17.877635,17.877635,209.141364
8.763231,0.629001,31.506536,19.141685,19.141685,206.265738
12.018030,0.621321,48.253563,15.254109,15.254109,219.877232
8.961090,0.602953,37.417182,14.900919,14.900919,206.464717
9.605195,0.759019,35.060604,15.398367,15.398367,203.495586
8.604700,0.730891,31.270725,15.437311,15.437311,201.181792
8.336953,0.716042,26.548769,18.990291,18.990291,210.583945
18.809040,1.183441,55.577477,16.189035,16.189035,236.449631
11.600264,0.946893,43.929084,19.268375,19.268375,222.511445
8.067029,0.757259,30.284694,19.060724,19.060724,206.712913
7.037990,0.598665,23.809464,14.697172,14.697172,185.223129
12.882619,0.708554,40.934705,17.436668,17.436668,218.265848
11.066048,0.789323,37.456350,15.404607,15.404607,213.442353
10.006769,0.580393,28.908194,18.719183,18.719183,212.354178
8.618205,0.579113,26.592993,14.861623,14.861623,206.982612
17.043447,1.049743,48.006871,14.778486,14.778486,234.603492
16.149834,1.314675,46.948359,12.142512,12.142512,235.384655
10.132851,0.771851,35.720805,13.436674,13.436674,214.441888
7.226825,0.688682,26.886085,9.969712,9.969712,209.381207
7.885650,0.744555,26.701538,12.545014,12.545014,190.672232
10.266069,0.747435,34.837432,11.286788,11.286788,211.452181
16.750291,1.208369,62.357703,11.009280,11.009280,259.538573
15.675523,0.992430,52.787388,10.090098,10.090098,254.064797
10.005969,0.877100,36.044266,10.907454,10.907454,215.801875
9.161892,0.813772,29.378313,12.085615,12.085615,212.109150
8.309625,0.689130,29.307944,15.328510,15.328510,216.810562
17.366588,1.022222,48.633344,16.613008,16.613008,249.559676
11.235619,1.037135,37.802371,12.327187,12.327187,229.628188
8.074645,0.787179,30.030579,11.655208,11.655208,213.817366
5.614993,0.738539,17.585214,8.374873,8.374873,200.763225
9.064611,1.262258,41.267446,13.117150,13.117150,240.970015
15.892006,1.248402,60.381290,12.710264,12.710264,262.610808
9.655244,0.733643,37.998662,13.320385,13.320385,233.408146
8.871041,0.936493,32.336340,10.465048,10.465048,220.392438
14.004778,1.098992,45.595828,15.391487,15.391487,259.826896
15.928518,1.144465,50.205206,11.436293,11.436293,264.358449
15.574561,0.872429,51.764237,12.902011,12.902011,263.169792
12.167056,0.962382,43.226226,16.449358,16.449358,256.245564
9.624075,0.549704,30.323159,10.987231,10.987231,222.674070
14.758581,0.750443,48.421117,13.061565,13.061565,259.360200
9.323399,0.566121,29.413961,12.601558,12.601558,218.660092
9.686476,0.594121,30.849278,15.144315,15.144315,225.899717
9.676108,0.503623,32.226930,16.139657,16.139657,228.107748
12.361971,0.705610,41.558041,17.586591,17.586591,240.905854
11.587048,0.649897,40.784174,15.115803,15.115803,235.468527
13.255103,0.807148,43.493717,18.673838,18.673838,239.990992
13.253088,0.698858,40.380169,19.091924,19.091924,238.647709
11.754250,0.605481,39.308537,15.297950,15.297950,237.521677
10.982655,0.691978,39.628349,15.282301,15.282301,256.876453
7.655087,0.624137,28.636190,20.918478,20.918478,227.645725
12.590070,0.971950,47.188491,19.858848,19.858848,259.515211
20.730796,0.937101,69.182089,22.154848,22.154848,285.936456
10.866909,0.478951,33.280673,14.409968,14.409968,225.308091
15.662243,0.705578,43.255346,20.463656,20.463656,244.433904
12.973884,0.640073,38.619535,22.892011,22.892011,242.925402
12.166480,0.801644,34.114381,23.964058,23.964058,237.191175
24.144061,1.059343,78.007305,23.522356,23.522356,299.202472
24.600420,1.143441,58.332875,24.712966,24.712966,280.067764
14.689876,0.677610,46.170332,25.223949,25.223949,265.189980
10.545816,0.587145,31.234404,24.405473,24.405473,229.586105
11.414150,0.981710,46.932391,18.647246,18.647246,241.139073
11.626152,0.790283,45.297039,24.567076,24.567076,243.489538
12.053103,0.890669,43.600406,23.875002,23.875002,239.902959
10.957950,0.769195,43.316435,21.105745,21.105745,233.134860
17.495101,1.105808,70.351865,26.632993,26.632993,287.123417
19.356760,1.019599,70.340697,24.989930,24.989930,280.868895
13.331233,0.755019,51.415432,23.040878,23.040878,266.551408
10.811069,0.581672,40.071491,22.148160,22.148160,237.024356
13.498244,0.623209,52.821052,22.534598,22.534598,273.034285
13.715367,0.596744,48.281819,24.423009,24.423009,267.153336
14.643379,0.608265,53.768618,24.976329,24.976329,270.458535
14.881143,0.512616,54.190927,24.710694,24.710694,265.281245
14.974552,0.511112,51.453128,20.621867,20.621867,259.508585
25.349999,0.735179,77.130363,24.563363,24.563363,300.965089
25.408111,0.687306,71.813967,21.025328,21.025328,295.794517
25.218349,0.662058,68.831971,26.228187,26.228187,296.848837
19.545274,0.598921,49.209768,20.915214,20.915214,275.758931
12.232657,0.447526,36.740020,25.840534,25.840534,246.184936
13.262495,0.506856,37.142329,26.275484,26.275484,251.108335
10.980862,0.534728,32.052848,25.404816,25.404816,250.847307
8.112149,0.638666,25.669587,22.655080,22.655080,230.695784
10.425207,0.821068,44.366401,18.857297,18.857297,270.107970
7.759568,0.744459,34.632085,21.113170,21.113170,251.725464
11.107041,1.056943,46.532225,14.815991,14.815991,269.268950
4.355679,0.602057,19.143893,12.305490,12.305490,226.862993
2.971531,0.525288,15.171515,12.911867,12.911867,152.008886
4.145372,0.270596,18.524748,14.121964,14.121964,132.723519
8.961185,0.474727,39.804160,21.178611,21.178611,264.893078
5.767155,0.522439,26.307517,14.164109,14.164109,238.939454
8.288600,0.823884,39.977314,14.209229,14.209229,273.987961
9.075651,0.648970,35.187100,19.792639,19.792639,280.032849
9.515754,0.616329,33.744296,20.441448,20.441448,283.546212
11.445861,0.884589,38.449900,18.922802,18.922802,291.661625
9.271110,0.949198,32.402133,15.205499,15.205499,279.447112
8.418746,0.800139,29.931153,12.495605,12.495605,281.939788
6.133848,0.919982,26.775683,18.919890,18.919890,285.543072
15.458911,1.212082,60.820079,30.476953,30.476953,348.297163
10.019409,0.993262,38.003206,13.894121,13.894121,271.932315
7.897202,0.816524,31.072481,18.028388,18.028388,273.606995
8.503003,0.909165,31.845516,18.631821,18.631821,275.815635
8.832831,0.802412,32.614775,19.984993,19.984993,256.169751
8.728735,0.757835,32.657688,18.149510,18.149510,251.078766
4.895655,0.713450,23.289841,11.758154,11.758154,138.491346
5.171755,0.595881,24.565347,9.425800,9.425800,122.739566
7.912403,0.683722,35.912551,14.191629,14.191629,244.602768
5.621073,0.832076,26.586304,6.641120,6.641120,131.521997
3.520051,0.499271,19.273911,9.227717,9.227717,101.903137
3.780439,0.447142,17.138840,7.887634,7.887634,88.347229
3.563603,0.399462,17.746560,7.173896,7.173896,82.413127
3.361937,0.364261,18.158855,9.797614,9.797614,84.641768
5.048585,0.517223,27.130472,10.218100,10.218100,88.649409
5.473391,0.335941,27.492109,7.758705,7.758705,82.525449
7.867377,0.530984,40.858031,13.319936,13.319936,232.155323
11.810346,0.838252,57.334301,15.849061,15.849061,259.826091
7.056198,0.688490,29.408457,15.393631,15.393631,212.233660
11.017279,0.843180,44.306368,16.880244,16.880244,233.864052
14.074603,0.849453,58.536558,16.189642,16.189642,260.954044
9.047683,0.599529,34.803255,18.199303,18.199303,220.900441
16.481518,0.964014,67.481712,17.663135,17.663135,270.529510
8.513723,0.610345,30.954559,16.845332,16.845332,209.565461
11.904620,0.620137,48.010198,17.113432,17.113432,252.928072
18.727086,0.775884,55.872391,13.506404,13.506404,237.525769
19.596923,0.942094,60.674637,16.166250,16.166250,261.392130
20.575849,0.864717,70.953057,15.513824,15.513824,261.303200
11.172769,0.600169,35.041274,18.237032,18.237032,210.362688
17.594302,0.524360,54.738583,15.238365,15.238365,231.100076
20.168259,0.669738,63.086991,14.967544,14.967544,230.686117
20.089314,0.610953,57.153050,11.040032,11.040032,226.990768
17.039127,0.496231,45.675348,16.020968,16.020968,200.227758
13.361505,0.412230,37.837795,14.376655,14.376655,180.627890
13.839688,0.399877,38.517005,13.760551,13.760551,142.581100
11.017632,0.219075,34.416241,11.529990,11.529990,129.965590
13.235583,0.325093,40.253925,15.795717,15.795717,139.083834
11.844587,0.277380,34.992665,13.760039,13.760039,127.900248
12.560726,0.212707,42.287011,12.519477,12.519477,142.382602
12.722584,0.175618,42.811755,12.613398,12.613398,149.617554
11.658857,0.083105,32.042575,14.999321,14.999321,113.527625
13.244288,0.164162,39.598428,16.856468,16.856468,146.180129
12.965755,0.094433,37.734018,13.300000,13.300000,124.447846
13.426082,0.086817,37.472734,16.473646,16.473646,142.887056
13.181183,0.108385,35.318399,12.502709,12.502709,134.254452
13.126686,0.071041,32.621495,20.443528,20.443528,139.008153
