1403715893384058112.000000 0.017521448 -2.139659166 0.540383637 -0.545193017 -0.620665550 -0.382592380 0.413717240
1403715896084058112.000000 -0.873237669 -2.244747162 1.117014885 -0.552723885 -0.604342818 -0.379469097 0.430429131
1403715898034057984.000000 0.446380854 -2.228749275 1.502773881 -0.563685715 -0.585569263 -0.363018841 0.455614418
1403715899134057984.000000 2.277534246 -2.254185677 1.389524937 -0.646259964 -0.513805687 -0.439015806 0.354424894
1403715900084058112.000000 3.426445723 -1.891413093 1.200813174 -0.619415641 -0.553035855 -0.461805701 0.311786890
1403715901234057984.000000 3.573271275 -0.905766666 1.222845793 -0.585755289 -0.481108338 -0.509229898 0.407566458
1403715901684058112.000000 3.412174940 -0.950797260 1.291051030 -0.614965022 -0.491482109 -0.480161786 0.386921376
1403715902034057984.000000 3.252987146 -1.133526802 1.336190820 -0.627260745 -0.502966046 -0.463903874 0.371970922
1403715902234057984.000000 3.151684999 -1.264711022 1.353442669 -0.621066213 -0.509290874 -0.470797896 0.365032792
1403715905184058112.000000 1.232017040 -1.481547475 1.648696780 -0.071805909 -0.781772494 -0.071092561 0.615322292
1403715905884058112.000000 1.186103463 -1.645616412 1.343983769 0.116639152 -0.816019833 0.099618077 0.557300031
1403715906184058112.000000 1.182546377 -1.752337575 1.240446448 0.250615925 -0.796918213 0.162165880 0.525181293
1403715908484058112.000000 1.719564199 -2.401085377 1.325688124 0.792126298 -0.119650483 0.592702866 0.083204851
1403715909784058112.000000 1.500474811 -1.887849569 1.290632248 -0.727658749 -0.365913510 -0.534995019 0.224500313
1403715911284058112.000000 0.468394637 -1.656451106 1.022050023 -0.316021651 -0.718832076 -0.250874907 0.566103041
1403715913184058112.000000 0.150474608 -3.054955006 1.255275965 0.164527237 -0.795376897 0.126483873 0.569480598
1403715914934057984.000000 1.284639835 -4.420516491 1.234826565 0.104012698 -0.859275043 0.150563926 0.477659136
1403715915184058112.000000 1.311363459 -4.614737988 1.251487374 0.073416628 -0.861646593 0.155541360 0.477474809
1403715915734057984.000000 1.015114903 -4.847698212 1.208960295 0.138462111 -0.817597747 0.087511867 0.551999807
1403715918384058112.000000 -0.438985914 -5.051742077 0.740598440 -0.149213970 -0.775974929 -0.088503711 0.606436610
1403715919134057984.000000 -0.005880009 -4.832736969 0.573111415 -0.194832727 -0.826503277 -0.139896557 0.509275436
1403715919634057984.000000 0.038249981 -4.695534229 0.589971483 -0.176536188 -0.804211855 -0.150395334 0.547229052
1403715919934057984.000000 -0.011576358 -4.672916889 0.474337667 -0.173739105 -0.804194689 -0.155858576 0.546620190
1403715921534057984.000000 -0.553668499 -4.783761501 0.912349224 -0.094745070 -0.819187284 -0.068064727 0.561536133
1403715923284058112.000000 -0.807513595 -4.747647762 1.979755163 -0.096278027 -0.811127305 -0.075994961 0.571863472
1403715923484058112.000000 -0.787685096 -4.773289680 2.072235584 -0.111328982 -0.813502073 -0.053369250 0.568306148
1403715923684058112.000000 -0.769043505 -4.789154053 2.113218069 -0.125359103 -0.808885336 -0.032431170 0.573531151
1403715924034057984.000000 -0.718318462 -4.759226799 2.000887632 -0.119093128 -0.790099144 -0.038488213 0.600065827
1403715924484058112.000000 -0.550838351 -4.655715942 1.734466791 -0.105692469 -0.805123389 -0.060001399 0.580521584
1403715924684058112.000000 -0.454632282 -4.604253292 1.621591449 -0.119247496 -0.813632607 -0.052678075 0.566574872
1403715924884058112.000000 -0.361469328 -4.533112526 1.513548613 -0.155273244 -0.804956436 -0.060235776 0.569479704
1403715925084058112.000000 -0.261080205 -4.434290409 1.416988134 -0.194906935 -0.781252265 -0.104049973 0.583806455
1403715925284058112.000000 -0.135899782 -4.327075958 1.365683317 -0.239475057 -0.759930432 -0.149918869 0.585390389
1403715926084058112.000000 0.607088268 -3.863437891 1.320360303 -0.452094793 -0.672568679 -0.284375370 0.512242556
1403715926434057984.000000 1.033859968 -3.663402081 1.200524092 -0.530809700 -0.585484862 -0.372445941 0.486551732
1403715927384058112.000000 2.240651608 -3.573220730 0.939441860 -0.649347842 -0.454275459 -0.534549356 0.293663353
1403715930184058112.000000 2.056683540 -4.507168293 0.935555518 -0.798292756 -0.064067267 -0.584496796 0.130336717
1403715932284058112.000000 3.538745403 -4.417993069 1.200320005 -0.757538915 -0.104831614 -0.640019059 0.074302286
1403715932534057984.000000 3.723512650 -4.366659164 1.264289737 -0.711437821 -0.098360293 -0.690760314 0.083855711
1403715932934057984.000000 3.560562372 -4.363205433 1.385133743 -0.708892703 -0.092093974 -0.694357336 0.082812361
1403715934484058112.000000 3.382861376 -4.304585457 1.973335147 -0.695198953 -0.063473463 -0.713363528 0.061498497
1403715934984058112.000000 3.143992901 -4.313376427 2.012096643 -0.720646501 -0.068310477 -0.685017109 0.082182392
1403715935834057984.000000 1.927388310 -4.527026653 1.780722737 -0.905311704 -0.086460829 -0.414052278 0.038679380
1403715936084058112.000000 1.971899152 -4.501274109 1.729750514 -0.882610381 -0.082901180 -0.461135119 0.038481008
1403715937884058112.000000 1.856996417 -4.238867283 1.283777118 -0.832828045 -0.210332587 -0.493619204 0.136006132
1403715940834057984.000000 2.299341917 -2.787548542 1.586174488 -0.835230649 -0.411078334 -0.320416540 0.175321549
1403715941634057984.000000 2.742048264 -1.865839005 1.972154975 -0.624297976 -0.296653539 -0.636877954 0.341519058
1403715942084058112.000000 2.597294569 -2.012408018 1.888183355 -0.636049211 -0.306575030 -0.624781370 0.333318979
1403715944584058112.000000 2.121636391 -2.888345957 1.057853580 -0.752487659 -0.488337159 -0.353698909 0.264927000
1403715946984058112.000000 1.834561348 -2.226937532 1.788873315 -0.482948363 -0.577910483 -0.429549247 0.498264819
1403715947234057984.000000 1.761152864 -2.181019068 1.848870039 -0.451430351 -0.528991699 -0.466918081 0.546228826
1403715947684058112.000000 1.704782128 -2.553734064 1.778913975 -0.556285977 -0.606969059 -0.354393631 0.443328053
1403715948134057984.000000 1.702508926 -2.909572124 1.528670669 -0.593922138 -0.682846606 -0.270572364 0.328279793
1403715948334057984.000000 1.682048917 -2.862057447 1.442870498 -0.584599853 -0.679699302 -0.280836761 0.342611581
1403715949784058112.000000 1.532647729 -2.382718801 1.108513951 -0.479267597 -0.746340811 -0.244816348 0.391590387
1403715950784058112.000000 0.922857642 -1.752384186 1.194339514 -0.304116249 -0.641248286 -0.320538223 0.627351046
1403715950984058112.000000 0.903000534 -1.834341407 1.223602653 -0.308947414 -0.646586239 -0.309053004 0.625271142
1403715952834057984.000000 0.405479550 -2.108402967 1.658365130 -0.127447113 -0.673599362 -0.123563297 0.717463136
1403715953834057984.000000 1.195495367 -2.180489779 1.555175066 -0.072177403 -0.912041903 -0.021763673 0.403108269
1403715954634057984.000000 0.324829280 -2.188941956 1.495029569 -0.013402811 -0.701797545 -0.029943844 0.711620688
1403715954834057984.000000 0.312074512 -2.281307220 1.473376155 -0.014893603 -0.703179121 -0.024851885 0.710422218
1403715955434057984.000000 0.818881094 -2.600170851 1.428890467 -0.046669435 -0.876394808 -0.008602254 0.479249716
1403715955634057984.000000 0.905588269 -2.683786154 1.435726404 -0.054604273 -0.902522564 0.016336245 0.426854163
1403715956034057984.000000 0.683823824 -2.759331226 1.534187913 0.044455674 -0.817005813 0.039113503 0.573581100
1403715956634057984.000000 0.484542817 -2.850803375 1.696331143 0.204189524 -0.674505532 0.156297535 0.692040503
1403715957484058112.000000 1.442708015 -2.653564692 1.678131223 0.236372977 -0.875536025 0.129510894 0.400988042
1403715957684058112.000000 1.518001676 -2.686247349 1.598907351 0.242504820 -0.891505301 0.113803282 0.365319788
1403715957884058112.000000 1.430429578 -2.809003353 1.541648626 0.242353112 -0.853556573 0.132440835 0.441775590
1403715958334057984.000000 1.077921033 -3.211464882 1.458022475 0.268099219 -0.687360108 0.229291037 0.634889424
1403715958784058112.000000 1.137551069 -3.312141418 1.341254234 0.319582254 -0.651722014 0.319761455 0.608997762
1403715960334057984.000000 1.544698238 -3.334482193 1.294584632 0.466840714 -0.535022080 0.452949286 0.539117873
1403715961184058112.000000 1.844772458 -2.709928274 1.418342233 0.580305636 -0.702264965 0.246572807 0.330561906
1403715962034057984.000000 1.999346137 -3.324257374 1.720748067 0.524394572 -0.492833614 0.494089782 0.487853259
1403715962234057984.000000 2.018121958 -3.359180689 1.719112158 -0.511813045 0.443209857 -0.547429025 -0.491867691
1403715962484058112.000000 2.022079468 -3.178371429 1.669066787 0.550623417 -0.460517019 0.561144352 0.412134677
1403715965284058112.000000 1.718537450 -2.334464788 0.825720906 0.760636985 -0.268392950 0.563548625 0.178352609
1403715968184058112.000000 1.896955490 -1.920603037 1.601799607 0.848886192 -0.245114222 0.458965600 0.093068808
1403715969484058112.000000 1.222532868 -1.665454745 1.101366878 0.880083025 -0.226919144 0.402503371 0.109328523
1403715971034057984.000000 1.610837340 -1.235584497 1.054241180 0.866445005 -0.252776235 0.429308355 0.032735735
1403715971284058112.000000 1.636632919 -1.324884415 1.145131588 0.884581029 -0.176284343 0.423508883 0.084145874
1403715973734057984.000000 1.071465850 -1.604270577 1.614639997 -0.854658067 -0.011437134 -0.514323533 0.070001155
1403715976534057984.000000 1.800524354 -3.129877567 1.566798925 -0.814843297 -0.089653797 -0.571914613 0.030104231
1403715978784058112.000000 1.799326897 -1.910394788 1.485618353 -0.526924253 -0.608414412 -0.400964916 0.437504083
1403715980434057984.000000 0.601234555 -2.374303818 1.604918718 0.083620906 -0.779066801 0.021367501 0.620971859
1403715980784058112.000000 0.645702422 -2.812160015 1.618746758 0.208804786 -0.753284395 0.159284815 0.602985561
1403715981084058112.000000 0.800397813 -3.134111643 1.617970824 0.322449356 -0.711679399 0.268971503 0.563199222
1403715981384058112.000000 1.022532105 -3.347790718 1.623830914 0.440509379 -0.638180554 0.372129291 0.510095000
1403715981684058112.000000 1.266900659 -3.413276911 1.647421837 0.542701960 -0.531289577 0.474608988 0.444918394
1403715981934057984.000000 1.454556346 -3.327393293 1.655686855 0.642758369 -0.455499738 0.499581754 0.360277385
1403715982184058112.000000 1.621611595 -3.161266804 1.665942430 0.705159664 -0.372206390 0.527656376 0.292901278
1403715982484058112.000000 1.796888232 -2.898423433 1.681947708 0.752417684 -0.271733552 0.560208201 0.214930698
1403715982784058112.000000 1.931900263 -2.572593927 1.692624092 0.784461200 -0.153313056 0.586935163 0.128929898
1403715983034057984.000000 1.997406125 -2.266574144 1.700023770 0.798976302 -0.050853338 0.597057581 0.050725162
1403715983284058112.000000 2.016467571 -1.946421862 1.705523610 -0.797926843 -0.050606523 -0.599746585 0.032493643
1403715983534057984.000000 1.983498454 -1.631148219 1.709936976 -0.773712277 -0.158244759 -0.600629389 0.124789432
1403715983784058112.000000 1.887015939 -1.354631424 1.719697237 -0.726992548 -0.247837991 -0.598862588 0.226763874
1403715984184058112.000000 1.592714548 -1.111533999 1.737095356 -0.674046278 -0.376043946 -0.537728488 0.339264989
1403715984334057984.000000 1.458930969 -1.093029976 1.747792959 -0.653618395 -0.417660147 -0.509986341 0.371829182
1403715984534057984.000000 1.279659271 -1.125881910 1.766732335 -0.617405236 -0.475025982 -0.479145437 0.404451281
1403715984634057984.000000 1.191501617 -1.163886547 1.774216652 -0.601867259 -0.511890948 -0.456382424 0.409192562
1403715984834057984.000000 1.015895367 -1.265422821 1.785511732 -0.561230719 -0.572784543 -0.401206583 0.442686319
1403715985534057984.000000 0.562782049 -1.789319754 1.824878216 -0.468351692 -0.655480981 -0.355955601 0.473589480
1403715985984058112.000000 0.311135918 -2.193488598 1.782449126 -0.562461972 -0.631652057 -0.318752319 0.427842617
1403715986234057984.000000 0.192766145 -2.338469744 1.675259113 -0.567117810 -0.609414279 -0.331090361 0.444264501
1403715986584058112.000000 0.093575522 -2.476382256 1.507433176 -0.548359454 -0.622149110 -0.357170701 0.429722607
1403715987084058112.000000 -0.023559958 -2.539378405 1.270277381 -0.552495182 -0.611688316 -0.361397207 0.435865372
1403715987434057984.000000 -0.059149392 -2.528462887 1.137984872 -0.574759007 -0.563425541 -0.389842540 0.447466731
1403715987784058112.000000 -0.036573358 -2.559543610 1.025641441 -0.575191975 -0.583130479 -0.397696614 0.413461715
1403715988084058112.000000 -0.019838959 -2.580309153 0.941451609 -0.579370975 -0.601605177 -0.380292326 0.397213042
1403715988334057984.000000 -0.014820501 -2.567749262 0.895773351 -0.561064780 -0.593746006 -0.398942441 0.416553527
1403715988834057984.000000 -0.010947302 -2.571636200 0.836754024 -0.578935087 -0.579828560 -0.374133527 0.434346884
1403715989284058112.000000 0.059632387 -2.583632708 0.826407790 -0.577637017 -0.590436280 -0.384229869 0.412417114
1403715989784058112.000000 0.149521142 -2.549472332 0.825673282 -0.568170965 -0.584084094 -0.400299370 0.419270694
1403715990234057984.000000 0.209419847 -2.528454542 0.785232127 -0.560532570 -0.592121482 -0.403912127 0.414789617
1403715990634057984.000000 0.212610871 -2.533413649 0.692810714 -0.560176611 -0.600129187 -0.400592715 0.406906158
1403715991084058112.000000 0.132962763 -2.514854193 0.568812490 -0.560205519 -0.605624616 -0.397826672 0.401400864
1403715991284058112.000000 0.108793736 -2.507539034 0.571988165 -0.552848458 -0.604915082 -0.407245189 0.403221697
1403715991634057984.000000 0.112732023 -2.509110689 0.565425932 -0.559581041 -0.597311080 -0.398785114 0.413592875
1403715991884058112.000000 0.112370074 -2.509902954 0.563686132 -0.559327304 -0.597121418 -0.399171233 0.413837314
1403715992184058112.000000 0.112022296 -2.510844946 0.563432872 -0.559836805 -0.597078800 -0.398463100 0.413892269
1403715992484058112.000000 0.111463547 -2.511739254 0.563910902 -0.559887230 -0.596946955 -0.398544759 0.413935572
1403715992984058112.000000 0.111302704 -2.513417721 0.564642012 -0.560145438 -0.596797705 -0.398310125 0.414027303
1403715993484058112.000000 0.111785240 -2.512829542 0.564931989 -0.560324132 -0.596774101 -0.398048759 0.414071053
1403715993984058112.000000 0.112773940 -2.511261463 0.564529359 0.560181618 0.596459568 0.398222059 -0.414550215
