1413393889605760512.000000 0.663897216 -0.838420630 0.462255716 -0.468039036 -0.673258781 -0.315428585 0.477668315
1413393891705760512.000000 0.253523022 -0.933554888 0.809992433 -0.414806545 -0.599529147 -0.384690881 0.566139042
1413393892755760384.000000 0.443868250 -2.359549999 0.842004955 -0.486914426 -0.692913413 -0.312081903 0.430569738
1413393894655760384.000000 -0.347361207 -1.549171925 0.975120664 -0.484074414 -0.664047897 -0.310867488 0.477570772
1413393895155760384.000000 -0.456626892 -0.880543053 0.896944523 -0.466970801 -0.657883763 -0.326636702 0.492377579
1413393898055760384.000000 0.064490430 0.841041923 0.907571971 -0.757491469 -0.307172269 -0.553810835 0.158572808
1413393900955760384.000000 -0.280310929 0.860677183 1.114478469 -0.721330643 -0.168029159 -0.647850692 0.178151235
1413393902855760384.000000 0.311325669 1.038177848 1.070223808 -0.798304558 -0.199628502 -0.555264473 0.120580502
1413393904705760512.000000 1.377458930 1.899789810 1.293489099 0.830110371 -0.006941300 0.557543397 0.003748694
1413393907205760512.000000 2.483188152 1.284090877 0.823480844 0.672667980 -0.426752418 0.514409602 0.317463487
1413393909805760512.000000 2.283768892 1.955856442 0.423515975 0.690808117 -0.470594704 0.440094888 0.328087270
1413393910105760512.000000 2.286275387 2.062412024 0.294796526 0.698637486 -0.494116217 0.409224659 0.316685885
1413393910605760512.000000 2.477383852 1.926445127 0.281127125 0.693314850 -0.534314156 0.400663465 0.270724416
1413393910905760512.000000 2.633402586 1.610321522 0.255623221 0.684406698 -0.502763450 0.444905788 0.284385651
1413393912005760512.000000 3.106570721 0.340750843 0.142816290 0.683820486 -0.470212996 0.475383103 0.292061925
1413393912205760512.000000 3.178593636 0.174625278 0.255223960 0.697345912 -0.506248116 0.440444887 0.251852840
1413393912405760512.000000 3.246879816 -0.062147416 0.383717716 0.693175256 -0.511698902 0.438351631 0.255969286
1413393912605760512.000000 3.310514450 -0.366341352 0.515532851 0.668777823 -0.492967308 0.475658715 0.288908958
1413393914155760384.000000 2.829014063 -2.173982620 0.637874603 0.356552094 -0.686508000 0.337222606 0.536524355
1413393914355760384.000000 2.640969276 -2.184466600 0.678431451 0.325683743 -0.728229523 0.255935371 0.545993626
1413393914605760512.000000 2.434545279 -2.170167208 0.744288921 0.254650891 -0.768173933 0.209611475 0.548748434
1413393917555760384.000000 0.596463382 -2.816387892 1.322295785 -0.256744742 -0.788954735 -0.104106486 0.548447311
1413393918105760512.000000 0.538089097 -2.752628088 1.295664191 -0.457029760 -0.681330860 -0.275906444 0.500787020
1413393918455760384.000000 0.573324084 -2.638941050 1.300274968 -0.576792419 -0.597266674 -0.334820092 0.445509315
1413393919405760512.000000 1.226956844 -2.307395935 1.391923666 -0.749094486 -0.158386171 -0.601102591 0.229013011
1413393922155760384.000000 1.280199885 -3.886288881 0.147340745 -0.797137260 -0.118649535 -0.588305056 0.066269830
1413393922405760512.000000 1.274023175 -3.861534119 0.003241245 -0.841050684 -0.116737284 -0.525205970 0.056257211
1413393922705760512.000000 1.359652519 -3.791276932 -0.128007203 -0.831846893 -0.079889722 -0.540206909 0.099120446
1413393922955760384.000000 1.507273912 -3.752134085 -0.208832130 -0.836539507 -0.092198893 -0.533344567 0.085114874
1413393923205760512.000000 1.722810030 -3.717829466 -0.217407584 -0.844174981 -0.114616796 -0.521415889 0.048550561
1413393924805760512.000000 3.661091805 -3.121013403 0.111078836 -0.623452902 -0.500757098 -0.571533144 0.184116051
1413393925005760512.000000 3.608354092 -2.877040386 0.250702739 -0.667068124 -0.462840021 -0.535554945 0.232336462
1413393927955760384.000000 3.064956903 0.696824253 1.429608941 -0.470175713 -0.651257396 -0.433143735 0.408882797
1413393928155760384.000000 2.975724936 0.874522686 1.529637814 -0.460170537 -0.649724305 -0.440926284 0.414349407
1413393928555760384.000000 2.633867979 1.120561719 1.623270392 -0.508289695 -0.610783517 -0.386464149 0.468220711
1413393928855760384.000000 2.365878820 1.221999645 1.644797087 -0.505540609 -0.595556736 -0.403729439 0.476175994
1413393929855760384.000000 1.430510283 0.964698732 1.846306682 -0.693549693 -0.422715902 -0.493213832 0.311512947
1413393932505760512.000000 0.553321362 -0.785237968 1.005508423 -0.741134882 -0.366038114 -0.510573149 0.236749604
1413393932955760384.000000 0.713480175 -1.018487096 0.892521739 -0.727498829 -0.357550234 -0.537855625 0.231548578
1413393935655760384.000000 1.083347440 -2.766364574 0.347036541 -0.589113891 -0.604139805 -0.402644932 0.354735136
1413393935955760384.000000 1.133587003 -2.747181177 0.387528598 -0.510548711 -0.664116263 -0.406477571 0.364781499
1413393936205760512.000000 1.048247695 -2.689208508 0.427802980 -0.485261917 -0.674974382 -0.321610361 0.453318149
1413393936455760384.000000 0.934572458 -2.598629713 0.478545457 -0.425623596 -0.709406972 -0.234533235 0.510470927
1413393939305760512.000000 1.490841746 -2.865814447 0.940200329 0.134771526 -0.778466761 0.103825763 0.604190648
1413393939555760384.000000 1.687941551 -2.962709188 0.904849648 0.140019953 -0.860644341 0.117019922 0.475386262
1413393939855760384.000000 1.746251583 -3.092249870 0.834013283 0.140725031 -0.866925001 0.102146357 0.467122853
1413393940455760384.000000 1.712995052 -3.261467934 0.785933018 0.108519919 -0.773834169 0.131657407 0.609975874
1413393941155760384.000000 1.680012345 -3.035574675 0.884660244 0.090204529 -0.759168506 0.122353077 0.632895052
1413393943105760512.000000 1.066820979 -1.867507339 1.055087566 0.123985194 -0.843839526 0.066684395 0.517799079
1413393945805760512.000000 0.701546013 -1.466706514 1.142561436 -0.180008844 -0.810144782 -0.121276215 0.544568002
1413393948355760384.000000 1.021011949 -1.888444304 0.763222396 -0.670471191 -0.400505275 -0.553844750 0.288652092
1413393951305760512.000000 1.067443967 -3.524731159 0.774295151 -0.802989185 -0.146928489 -0.570852399 0.088023327
1413393954255760384.000000 2.466864109 -3.536021471 0.638032734 -0.792064309 -0.258111864 -0.528824806 0.162347823
1413393954905760512.000000 2.741887331 -3.354487658 0.695217907 -0.765613735 -0.385073543 -0.463439137 0.225340009
1413393955205760512.000000 2.960621834 -3.115015984 0.735994101 -0.730345666 -0.395634800 -0.495422959 0.254213333
1413393955505760512.000000 3.177770376 -2.824379444 0.774128914 -0.697159410 -0.421288311 -0.492916137 0.305808246
1413393956905760512.000000 3.431942701 -1.712075830 0.736338139 -0.474175185 -0.670826674 -0.314392030 0.475717455
1413393957155760384.000000 3.418765306 -1.550237894 0.746366441 -0.412153780 -0.713052392 -0.262705505 0.502664328
1413393960105760512.000000 3.131305456 -0.542318881 0.309578001 -0.122707397 -0.811472476 -0.088856459 0.564411223
1413393961105760512.000000 3.008584976 -0.599756181 0.012550281 -0.002762615 -0.837163627 0.007655516 0.546892047
1413393961355760384.000000 2.910644770 -0.618644297 -0.003811702 -0.011911917 -0.775811195 0.033712417 0.629951358
1413393961855760384.000000 2.938496828 -0.585947931 0.218223259 0.007515588 -0.804452717 -0.000458047 0.593968987
1413393962355760384.000000 3.069604158 -0.599238396 0.789778173 0.007705504 -0.839368761 0.001489479 0.543505669
1413393962605760512.000000 3.069910526 -0.623930693 1.046593666 -0.005481670 -0.867943645 -0.014403713 0.496423542
1413393962855760384.000000 2.977899551 -0.654866993 1.211003661 -0.045656398 -0.847222149 -0.087306827 0.522022724
1413393963105760512.000000 2.816551208 -0.732216835 1.315628529 -0.117958114 -0.805796862 -0.173086181 0.553911984
1413393963355760384.000000 2.627883911 -0.886140227 1.349444389 -0.221566647 -0.763324499 -0.213339895 0.568093359
1413393963605760512.000000 2.438410282 -1.096498489 1.315373421 -0.306820273 -0.731968164 -0.253779531 0.552883208
1413393963855760384.000000 2.257803679 -1.346411228 1.227910876 -0.363788754 -0.702633739 -0.300069571 0.532843292
1413393965105760512.000000 1.558565855 -2.895216465 0.579756379 -0.668945193 -0.522214651 -0.334438711 0.409823179
1413393965355760384.000000 1.640936852 -3.108498573 0.537203968 -0.716059029 -0.509174168 -0.322847426 0.351810634
1413393967105760512.000000 1.477829695 -2.188236237 0.850671232 -0.631328225 -0.490305662 -0.465621173 0.379765719
1413393969755760384.000000 0.202774778 -1.749862909 0.613565326 -0.811018646 -0.084758252 -0.559238017 0.149390966
1413393972605760512.000000 -0.791259408 -1.698814750 0.843038321 -0.826510727 -0.109642893 -0.550095558 0.047469471
1413393973905760512.000000 -1.474084258 -1.507487655 0.692714572 -0.794072509 -0.050610948 -0.585821033 0.153951958
1413393974155760384.000000 -1.724371195 -1.520467758 0.683129609 -0.874609292 -0.042068128 -0.452506036 0.168900013
1413393974655760384.000000 -1.557221532 -1.686577201 0.846006095 -0.866725266 -0.191793233 -0.460366488 -0.008090125
1413393974905760512.000000 -1.217339635 -1.555107355 0.951185882 -0.801771224 -0.188018620 -0.566928029 0.020113973
1413393975405760512.000000 -0.641172886 -1.085615396 0.943158150 -0.778662264 -0.129809663 -0.606838942 0.092633635
1413393978205760512.000000 -0.187617928 0.075365201 1.010274649 -0.807074368 -0.126616135 -0.570007563 0.087697335
1413393981055760384.000000 -0.290005982 -1.049498200 1.068495393 0.732434571 -0.407972902 0.480316788 0.257669508
1413393981555760384.000000 -0.103149347 -1.601276159 1.208012462 0.730776072 -0.402405083 0.490382373 0.252114385
1413393983805760512.000000 1.710208654 -2.897491932 1.166914463 -0.688030422 -0.432179093 -0.543719530 0.210248426
1413393984105760512.000000 1.715687037 -2.626474857 1.212934256 -0.620723426 -0.518333912 -0.513050199 0.287770450
1413393984705760512.000000 1.224395514 -2.064089537 1.346062660 -0.510751545 -0.621063292 -0.428517997 0.412050486
1413393985005760512.000000 0.840408206 -1.837403059 1.326982737 -0.559468746 -0.598582864 -0.362402231 0.444249958
1413393987705760512.000000 -0.278216332 -0.226816833 1.111589551 -0.809278548 -0.085666843 -0.579569757 0.042759240
1413393990655760384.000000 -0.161070228 1.604891062 0.947032154 0.766417384 -0.334236979 0.531546652 0.135456055
1413393991355760384.000000 -0.042254176 1.344363093 0.955462277 0.689293385 -0.277125537 0.604463637 0.287575841
1413393993605760512.000000 -0.223475263 1.252052903 1.192815661 0.783887684 -0.324694574 0.479165316 0.224709004
1413393994405760512.000000 -0.164128631 1.451545715 1.241198540 0.716604173 -0.328768969 0.578533590 0.209017619
1413393994705760512.000000 -0.344609559 1.695828915 1.200832367 0.813261271 -0.378078043 0.416316092 0.149479300
1413393995205760512.000000 -0.324411809 1.688322306 1.087581158 0.743631303 -0.348954469 0.530483127 0.209358439
1413393995505760512.000000 -0.259056717 1.601498485 0.989983559 0.750534058 -0.308441669 0.566447377 0.143873930
1413393995755760384.000000 -0.250145972 1.484338641 0.935798883 0.772570610 -0.203918427 0.589870989 0.116637290
1413393996055760384.000000 -0.295150608 1.341554880 0.889268339 0.779216349 -0.077995807 0.619556546 0.053742263
1413393996355760384.000000 -0.425376505 1.205973864 0.833924592 0.798942685 -0.034931570 0.600391030 0.001016037
1413393996655760384.000000 -0.593807995 1.056688666 0.724136293 0.826239288 -0.018814351 0.562997103 0.003009522
1413393996955760384.000000 -0.721205056 0.919237137 0.619000614 -0.828196108 -0.014047503 -0.560254097 0.003035945
1413393997355760384.000000 -0.808214664 0.784314752 0.542533517 -0.818329811 -0.050761491 -0.572090268 0.021731991
1413393997705760512.000000 -0.850591004 0.712592959 0.411814004 -0.810406864 -0.056928862 -0.582416415 0.028123975
1413393998005760512.000000 -0.890421510 0.689185381 0.333464861 -0.815124989 -0.055675104 -0.576136351 0.023207331
1413393998355760384.000000 -0.927543223 0.712454021 0.282114595 -0.815689385 -0.044952907 -0.576538920 0.015265841
1413393998705760512.000000 -0.943322659 0.784483254 0.273135185 -0.819270432 -0.012495436 -0.571539342 0.044525903
1413393999005760512.000000 -0.939490736 0.820635915 0.251377881 -0.813193977 -0.017736116 -0.580405176 0.039124984
1413393999305760512.000000 -0.936928093 0.837478042 0.210759953 -0.821568310 -0.034014381 -0.568895817 0.015042130
1413393999605760512.000000 -0.915708959 0.870108008 0.165379092 -0.822970033 -0.008748664 -0.566084743 0.046818953
1413393999855760384.000000 -0.873424113 0.872412741 0.124205217 -0.818957746 -0.002097978 -0.571036041 0.056760445
1413394000255760384.000000 -0.846277952 0.858714223 0.096253358 -0.803613663 -0.034074511 -0.594174981 0.000452424
1413394000555760384.000000 -0.849141240 0.850720227 0.078775302 -0.804656148 -0.013531282 -0.593350053 0.016765155
1413394001055760384.000000 -0.847700000 0.851407588 0.077735417 -0.804250777 -0.012694195 -0.593887508 0.017810043
1413394001555760384.000000 -0.847367227 0.851456881 0.077508919 -0.804304242 -0.012312027 -0.593808234 0.018301560
1413394002055760384.000000 -0.848397493 0.851515532 0.077192150 -0.804259360 -0.011966052 -0.593862832 0.018728081
1413394002555760384.000000 -0.848012149 0.851485074 0.077353925 -0.804252803 -0.011792056 -0.593867183 0.018975837
1413394003055760384.000000 -0.848100066 0.851499975 0.077386618 -0.804368556 -0.011459906 -0.593707323 0.019274702
