#LBA time[ms],KF opt[#],KF fixed[#],MP[#],Edges[#]
0.016256,3,1,0,2441
0.005057,4,1,0,3056
0.363173,5,1,0,3735
1.222704,6,1,0,4357
1.726935,7,1,0,4863
1.626614,8,1,0,5449
2.179390,9,1,0,5944
2.772358,10,1,0,6371
3.690290,0,0,0,0
163.205673,0,0,0,0
4.423932,0,0,0,0
4.987524,0,0,0,0
5.603084,0,0,0,0
7.029760,0,0,0,0
6.384183,0,0,0,0
7.519014,0,0,0,0
7.979660,0,0,0,0
9.067931,0,0,0,0
9.744292,0,0,0,0
10.537039,0,0,0,0
11.287737,0,0,0,0
13.050034,0,0,0,0
12.682028,0,0,0,0
12.158277,0,0,0,0
12.278630,0,0,0,0
14.016671,0,0,0,0
14.912426,0,0,0,0
11.425755,0,0,0,0
14.826089,0,0,0,0
11.344314,0,0,0,0
13.791515,0,0,0,0
11.452251,0,0,0,0
14.106240,0,0,0,0
11.172183,0,0,0,0
13.209395,0,0,0,0
10.840115,0,0,0,0
11.997251,0,0,0,0
12.149477,0,0,0,0
11.122487,0,0,0,0
12.511050,0,0,0,0
12.586891,0,0,0,0
12.052995,0,0,0,0
12.353192,0,0,0,0
11.657662,0,0,0,0
13.025680,0,0,0,0
8.928249,0,0,0,0
11.013429,0,0,0,0
8.974970,0,0,0,0
12.345255,0,0,0,0
9.195453,0,0,0,0
11.989571,0,0,0,0
8.473107,0,0,0,0
11.252697,0,0,0,0
8.720662,0,0,0,0
11.159288,0,0,0,0
7.959980,0,0,0,0
9.346975,0,0,0,0
6.734364,0,0,0,0
7.644840,0,0,0,0
7.427653,0,0,0,0
11.554780,0,0,0,0
11.009493,0,0,0,0
12.623915,0,0,0,0
8.549172,0,0,0,0
9.444256,0,0,0,0
10.953525,0,0,0,0
7.395749,0,0,0,0
6.723707,0,0,0,0
8.595317,0,0,0,0
6.584730,0,0,0,0
9.420608,0,0,0,0
8.843448,0,0,0,0
7.215234,0,0,0,0
6.604570,0,0,0,0
5.941872,0,0,0,0
7.081792,0,0,0,0
8.298256,0,0,0,0
4.869698,0,0,0,0
7.720905,0,0,0,0
9.159164,0,0,0,0
7.992236,0,0,0,0
8.881593,0,0,0,0
10.817458,0,0,0,0
8.987162,0,0,0,0
9.699683,0,0,0,0
10.812914,0,0,0,0
8.574453,0,0,0,0
9.143259,0,0,0,0
11.996194,0,0,0,0
13.852764,0,0,0,0
11.318969,0,0,0,0
12.481801,0,0,0,0
13.348788,0,0,0,0
15.630708,0,0,0,0
15.910455,0,0,0,0
15.124844,0,0,0,0
11.711230,0,0,0,0
16.477311,0,0,0,0
14.396163,0,0,0,0
15.158893,0,0,0,0
14.105823,0,0,0,0
13.353589,0,0,0,0
14.860809,0,0,0,0
14.618086,0,0,0,0
19.098435,0,0,0,0
12.118916,0,0,0,0
14.561029,0,0,0,0
16.834148,0,0,0,0
17.902930,0,0,0,0
14.327010,0,0,0,0
15.202061,0,0,0,0
14.009822,0,0,0,0
18.217303,0,0,0,0
14.165088,0,0,0,0
16.407934,0,0,0,0
17.357579,0,0,0,0
13.312884,0,0,0,0
14.389859,0,0,0,0
13.231539,0,0,0,0
13.266292,0,0,0,0
13.221587,0,0,0,0
12.978735,0,0,0,0
12.928719,0,0,0,0
14.273377,0,0,0,0
12.441577,0,0,0,0
10.773170,0,0,0,0
10.857843,0,0,0,0
10.793394,0,0,0,0
20.475540,0,0,0,0
13.368821,0,0,0,0
12.585546,0,0,0,0
12.545770,0,0,0,0
16.701442,0,0,0,0
12.837069,0,0,0,0
14.537348,0,0,0,0
15.981368,0,0,0,0
11.443803,0,0,0,0
15.253615,0,0,0,0
9.173180,0,0,0,0
7.491525,0,0,0,0
11.871329,0,0,0,0
8.812407,0,0,0,0
13.226003,0,0,0,0
11.369466,0,0,0,0
10.205226,0,0,0,0
10.152969,0,0,0,0
14.243745,0,0,0,0
11.002133,0,0,0,0
15.545362,0,0,0,0
15.996952,0,0,0,0
15.471121,0,0,0,0
15.448497,0,0,0,0
11.120247,0,0,0,0
15.897846,0,0,0,0
12.765580,0,0,0,0
18.312695,0,0,0,0
18.052276,0,0,0,0
17.856305,0,0,0,0
18.511290,0,0,0,0
19.575272,0,0,0,0
15.159468,0,0,0,0
18.459609,0,0,0,0
12.261573,0,0,0,0
15.486161,0,0,0,0
16.954021,0,0,0,0
17.592941,0,0,0,0
17.210569,0,0,0,0
18.531867,0,0,0,0
15.660980,0,0,0,0
19.214083,0,0,0,0
15.357455,0,0,0,0
15.593139,0,0,0,0
15.593842,0,0,0,0
17.830161,0,0,0,0
15.605107,0,0,0,0
14.638405,0,0,0,0
17.762288,0,0,0,0
19.218531,0,0,0,0
16.742753,0,0,0,0
16.082265,0,0,0,0
16.706465,0,0,0,0
13.268723,0,0,0,0
11.702814,0,0,0,0
11.154102,0,0,0,0
10.731761,0,0,0,0
14.334146,0,0,0,0
13.331092,0,0,0,0
15.781556,0,0,0,0
8.281743,0,0,0,0
7.802186,0,0,0,0
13.223090,0,0,0,0
10.618671,0,0,0,0
13.450293,0,0,0,0
17.451467,0,0,0,0
9.892741,0,0,0,0
15.090507,0,0,0,0
10.317707,0,0,0,0
15.929878,0,0,0,0
13.989212,0,0,0,0
17.099942,0,0,0,0
29.866930,0,0,0,0
18.817790,0,0,0,0
36.045734,0,0,0,0
19.711306,0,0,0,0
20.383923,0,0,0,0
19.917261,0,0,0,0
19.359301,0,0,0,0
18.079411,0,0,0,0
14.736902,0,0,0,0
9.110779,0,0,0,0
14.011837,0,0,0,0
8.077356,0,0,0,0
8.320560,0,0,0,0
14.067869,0,0,0,0
14.782855,0,0,0,0
14.586756,0,0,0,0
11.662974,0,0,0,0
10.459149,0,0,0,0
12.545033,0,0,0,0
14.893865,0,0,0,0
10.083912,0,0,0,0
10.544334,0,0,0,0
9.104539,0,0,0,0
11.508347,0,0,0,0
10.363147,0,0,0,0
18.737436,0,0,0,0
16.647904,0,0,0,0
14.836136,0,0,0,0
18.295446,0,0,0,0
14.138142,0,0,0,0
13.960603,0,0,0,0
13.300083,0,0,0,0
17.471403,0,0,0,0
13.443028,0,0,0,0
17.339369,0,0,0,0
17.910033,0,0,0,0
15.139115,0,0,0,0
15.574513,0,0,0,0
15.699283,0,0,0,0
17.024741,0,0,0,0
15.474768,0,0,0,0
15.533169,0,0,0,0
13.721977,0,0,0,0
14.693126,0,0,0,0
12.731787,0,0,0,0
9.233212,0,0,0,0
13.942748,0,0,0,0
13.162129,0,0,0,0
14.402018,0,0,0,0
12.716011,0,0,0,0
14.860776,0,0,0,0
9.772291,0,0,0,0
11.100661,0,0,0,0
10.418348,0,0,0,0
14.352801,0,0,0,0
13.373204,0,0,0,0
9.625762,0,0,0,0
12.686891,0,0,0,0
9.895813,0,0,0,0
13.229234,0,0,0,0
16.822083,0,0,0,0
13.189073,0,0,0,0
0.000000,0,0,0,0
41.528270,0,0,0,0
23.620221,0,0,0,0
13.410580,0,0,0,0
20.674358,0,0,0,0
21.249662,0,0,0,0
22.437454,0,0,0,0
27.908439,0,0,0,0
27.347056,0,0,0,0
30.009939,0,0,0,0
27.766453,0,0,0,0
23.200343,0,0,0,0
25.980893,0,0,0,0
22.531183,0,0,0,0
29.868306,0,0,0,0
25.214899,0,0,0,0
28.883876,0,0,0,0
23.454203,0,0,0,0
27.534930,0,0,0,0
26.917130,0,0,0,0
22.078664,0,0,0,0
29.822512,0,0,0,0
25.946045,0,0,0,0
31.889101,0,0,0,0
25.741882,0,0,0,0
30.133909,0,0,0,0
27.160492,0,0,0,0
21.675395,0,0,0,0
24.958639,0,0,0,0
33.097628,0,0,0,0
31.106658,0,0,0,0
29.465452,0,0,0,0
23.160215,0,0,0,0
26.714247,0,0,0,0
30.546362,0,0,0,0
26.543045,0,0,0,0
27.513585,0,0,0,0
30.199158,0,0,0,0
29.093607,0,0,0,0
25.727353,0,0,0,0
25.979229,0,0,0,0
24.517705,0,0,0,0
22.593968,0,0,0,0
20.774358,0,0,0,0
26.688102,0,0,0,0
18.373047,0,0,0,0
22.007368,0,0,0,0
23.962081,0,0,0,0
22.239338,0,0,0,0
23.820479,0,0,0,0
21.095099,0,0,0,0
20.806327,0,0,0,0
21.848357,-1406693427,-1904549560,710125096,1752629657
23.698654,1092716040,1088902326,1095716097,1093860306
20.965306,759549716,1947047241,-37429603,-1256985124
