1413394887055760384.000000 -0.596323431 0.226607054 -2.156443119 -0.517331541 -0.622598410 -0.367199749 0.458152473
1413394888455760384.000000 -0.738132119 0.313880980 -1.754791617 -0.525530159 -0.637660325 -0.368129283 0.426248968
1413394891355760384.000000 -0.968695700 0.756112874 -1.669715166 -0.564564526 -0.677917480 -0.302918911 0.360464960
1413394892405760512.000000 -1.138666868 1.455858588 -1.481375813 -0.431114227 -0.642624557 -0.378863811 0.507579029
1413394893255760384.000000 -1.466980219 1.297642112 -1.413311481 -0.219986379 -0.798814714 -0.171586692 0.532971919
1413394895155760384.000000 -2.281021833 -0.622879565 -1.680818200 -0.032456942 -0.815436184 0.009913796 0.577851415
1413394897805760512.000000 -2.543901682 -0.755850136 -1.799668550 -0.038283683 -0.801014364 -0.024771735 0.596906006
1413394899155760384.000000 -2.198738813 0.677016020 -1.429665804 0.113398872 -0.832162082 -0.050894488 0.540422797
1413394901755760384.000000 -1.702636838 -2.178471088 -1.352816105 0.540677726 -0.565857112 0.437664270 0.442632288
1413394902655760384.000000 -0.709106684 -2.300713539 -1.396688581 0.661288142 -0.395636916 0.567939520 0.289161265
1413394902755760384.000000 -0.617614090 -2.253598213 -1.402697325 0.659391701 -0.411538005 0.575322568 0.254643261
1413394905555760384.000000 -0.799336135 -2.290997744 -1.686251760 0.298778474 -0.834838152 0.197181344 0.418205976
1413394905705760512.000000 -0.880683541 -2.328616619 -1.667136908 0.307331264 -0.820717156 0.179854050 0.446792305
1413394908605760512.000000 -1.167174220 -1.244839787 -1.794179440 0.117110610 -0.865770519 0.059430454 0.482902288
1413394911205760512.000000 -1.283180237 -0.186823219 -1.367356777 0.026400784 -0.808141112 0.035343233 0.587334633
1413394913855760384.000000 -1.640077710 0.154002011 -1.378368258 0.072768919 -0.816432536 -0.011786220 0.572716117
1413394915955760384.000000 -1.368736982 -1.878465533 -1.661394000 0.567139149 -0.512684226 0.466196716 0.445161492
1413394917155760384.000000 -0.450909853 -2.287090063 -1.911329508 0.796716452 -0.236892313 0.538836896 0.137039527
1413394917355760384.000000 -0.398297668 -2.409709692 -1.999239206 0.830691159 -0.150837302 0.523249626 0.115802854
1413394918755760384.000000 1.002432108 -2.569874287 -2.218565702 -0.826035738 -0.027313998 -0.560881138 0.048284464
1413394918955760384.000000 1.277233362 -2.577193499 -2.205677032 -0.801938653 -0.091123335 -0.589310408 0.036114480
1413394919155760384.000000 1.524263144 -2.565880775 -2.137923241 -0.777781844 -0.119802058 -0.612223029 0.076719880
1413394919355760384.000000 1.710230112 -2.547679901 -2.012296677 -0.751800060 -0.166980997 -0.627387285 0.115322351
1413394919555760384.000000 1.823339224 -2.530051947 -1.872842193 -0.738338768 -0.241583347 -0.618847072 0.116282687
1413394919655760384.000000 1.850854397 -2.515755653 -1.815036058 -0.751452267 -0.267839134 -0.588282108 0.132309839
1413394919855760384.000000 1.877196074 -2.467668533 -1.729379654 -0.776546240 -0.297302455 -0.520666778 0.193631843
1413394919955760384.000000 1.890216112 -2.434100389 -1.699579477 -0.777323604 -0.320094675 -0.495643586 0.218276784
1413394920055760384.000000 1.908464670 -2.394943714 -1.679202914 -0.769822001 -0.350871533 -0.476102144 0.239979222
1413394920155760384.000000 1.933116436 -2.349761724 -1.670648098 -0.758306682 -0.383815914 -0.458256602 0.260110229
1413394920355760384.000000 2.003150463 -2.237280607 -1.685740709 -0.716671407 -0.455132425 -0.444313228 0.286046207
1413394920455760384.000000 2.044682741 -2.166818619 -1.698080659 -0.688893199 -0.485017240 -0.450307250 0.295648098
1413394920655760384.000000 2.118290663 -2.001131058 -1.716853857 -0.638287425 -0.532226026 -0.469623953 0.297956556
1413394920855760384.000000 2.148788691 -1.805368066 -1.726236343 -0.627784729 -0.547943056 -0.466049433 0.297393113
1413394922655760384.000000 2.320577621 0.230277792 -2.124149561 -0.565816641 -0.598626494 -0.401199341 0.400670677
1413394922855760384.000000 2.316428661 0.396302581 -2.014521837 -0.577265203 -0.602346301 -0.373025477 0.405950576
1413394923455760384.000000 2.298775911 1.034811616 -1.752167463 -0.563691497 -0.612148404 -0.387490600 0.396708161
1413394923655760384.000000 2.258126259 1.286530614 -1.677501321 -0.547738612 -0.636461496 -0.360640109 0.406002373
1413394924055760384.000000 2.113003969 1.832041502 -1.626751661 -0.440952450 -0.692052007 -0.339317143 0.459879071
1413394924255760384.000000 2.001530409 2.089130402 -1.634557009 -0.404185563 -0.712273359 -0.287887990 0.496408373
1413394924455760384.000000 1.882140636 2.333831787 -1.631112456 -0.361694813 -0.733913898 -0.234413594 0.524973869
1413394924655760384.000000 1.769364834 2.574677944 -1.618489742 -0.299908847 -0.759275258 -0.206082240 0.539523780
1413394924855760384.000000 1.656643867 2.803934574 -1.593297124 -0.221831352 -0.776666880 -0.195172429 0.556315780
1413394925305760512.000000 1.397376776 3.138242722 -1.510090709 -0.108001769 -0.804220259 -0.193677753 0.551411152
1413394925655760384.000000 1.133603692 3.147901297 -1.503347993 -0.105734438 -0.809750378 -0.155235603 0.555901527
1413394926105760512.000000 0.727259278 2.980879068 -1.560042262 -0.126646698 -0.811651707 -0.100769550 0.561273336
1413394926705760512.000000 0.095105499 2.676298141 -1.590804100 -0.094821140 -0.822510242 -0.032745007 0.559833586
1413394926955760384.000000 -0.204398334 2.564993858 -1.593311548 -0.058168776 -0.817311704 0.073175080 0.568562627
1413394927205760512.000000 -0.501837552 2.552042246 -1.629804850 0.020308092 -0.814833462 0.058899138 0.576337516
1413394929255760384.000000 -2.473041296 2.315744877 -1.493172646 0.051382329 -0.788356364 0.039039832 0.611825228
1413394931055760384.000000 -2.699429750 2.062726021 -1.857249498 0.046524420 -0.796382368 0.019604590 0.602682650
1413394931255760384.000000 -2.749471903 2.051424265 -1.863213658 0.044305094 -0.775481045 0.017933985 0.629559100
1413394931755760384.000000 -2.671259880 1.971147776 -1.749779224 0.061248753 -0.817380250 0.001750242 0.572830856
1413394934155760384.000000 -1.521947503 1.407897353 -1.864157796 0.582506299 -0.557131290 0.427793354 0.409003735
1413394934305760512.000000 -1.436701655 1.422022820 -1.908311486 0.602415025 -0.524314702 0.453032017 0.396172047
1413394934455760384.000000 -1.352294683 1.444589615 -1.979393244 0.630387902 -0.504361212 0.467971683 0.359490365
1413394935105760512.000000 -1.068177819 1.554347396 -2.203913689 0.656630993 -0.463657230 0.493554711 0.332056642
1413394935555760384.000000 -0.957805216 1.669879317 -2.251955032 0.631032407 -0.483533710 0.484318882 0.365278751
1413394935755760384.000000 -0.924998641 1.754838824 -2.303810596 0.633826375 -0.493523508 0.468461156 0.367753774
1413394936005760512.000000 -0.883043051 1.872023821 -2.310798407 0.634140432 -0.501259565 0.460120529 0.367278963
1413394936205760512.000000 -0.841177642 1.973195434 -2.356570482 0.667378008 -0.496783733 0.443848103 0.332883388
1413394936405760512.000000 -0.781952441 2.060982466 -2.414851665 0.696944118 -0.428061843 0.485667616 0.308478594
1413394936605760512.000000 -0.709239781 2.148812294 -2.459041119 0.740354896 -0.331797719 0.518270075 0.270520061
1413394936805760512.000000 -0.627322614 2.249525309 -2.488362074 0.773904324 -0.266591579 0.533075988 0.214081973
1413394937005760512.000000 -0.532301605 2.361187935 -2.506318569 0.799847424 -0.208994225 0.536138117 0.170650214
1413394937205760512.000000 -0.414810449 2.480840683 -2.519540787 0.821290851 -0.147124931 0.536430359 0.126799494
1413394937305760512.000000 -0.347117722 2.541052341 -2.526417732 0.828379333 -0.130315110 0.535699069 0.099157333
1413394937455760384.000000 -0.233570412 2.625618935 -2.534451246 0.830127537 -0.116118766 0.540444255 0.072971307
1413394937655760384.000000 -0.062663719 2.722587109 -2.545238018 0.825724900 -0.108240709 0.549872100 0.064055309
1413394937855760384.000000 0.123764113 2.803692102 -2.552006721 0.818405330 -0.119650178 0.558626890 0.061908621
1413394938055760384.000000 0.316567212 2.860135555 -2.548654795 0.815412223 -0.160630152 0.552974939 0.059326291
1413394938255760384.000000 0.518981516 2.873626471 -2.501692533 0.813032269 -0.199005678 0.543633878 0.061948396
1413394938455760384.000000 0.728917122 2.827297211 -2.387122393 0.798718214 -0.215687677 0.551499963 0.106657803
1413394938655760384.000000 0.937843919 2.750687599 -2.272490978 0.789680421 -0.241588309 0.541491210 0.157566771
1413394938855760384.000000 1.147622108 2.664635658 -2.204692602 0.777239025 -0.301857322 0.519180477 0.187705427
1413394939055760384.000000 1.355969906 2.562207460 -2.176153183 0.726781011 -0.395652413 0.526194394 0.195877686
1413394939255760384.000000 1.532091737 2.427590847 -2.183086872 0.678150535 -0.464135140 0.518924415 0.235388935
1413394939655760384.000000 1.773770332 2.091996670 -2.178684711 0.655288994 -0.486605316 0.474319786 0.329897553
1413394939855760384.000000 1.870771170 1.916099310 -2.108641863 0.620287120 -0.531164050 0.486647516 0.310294718
1413394940055760384.000000 1.928179741 1.728983521 -2.056005955 0.629611969 -0.546167016 0.437090844 0.337997049
1413394940255760384.000000 1.966469884 1.526258707 -2.050285339 0.602580905 -0.575312972 0.417632073 0.362621963
1413394940455760384.000000 1.990610123 1.305839181 -2.085339785 0.549354494 -0.610360801 0.406630367 0.400401145
1413394940655760384.000000 1.996854424 1.085546851 -2.124752760 0.514893830 -0.634041667 0.360330373 0.450596988
1413394941005760512.000000 2.044269800 0.693694949 -2.103219748 0.470227242 -0.672708154 0.337452561 0.460951209
1413394941205760512.000000 2.071784019 0.466735572 -2.053689003 0.435675770 -0.713740587 0.346615225 0.424992770
1413394941405760512.000000 2.047070265 0.234267503 -1.988397002 0.430385590 -0.729234636 0.331344336 0.416168422
1413394941755760384.000000 1.902053833 -0.227133259 -1.843079329 0.456340820 -0.695372403 0.275465906 0.482005030
1413394941905760512.000000 1.844030499 -0.449559152 -1.785550237 0.422182351 -0.707822680 0.302507013 0.478788644
1413394942555760384.000000 1.202326894 -1.225098372 -1.480797052 0.256695241 -0.784937263 0.338690400 0.450854450
1413394942705760512.000000 0.908437788 -1.315750718 -1.440531015 0.220170468 -0.790717244 0.297097057 0.487877488
1413394942855760384.000000 0.589953363 -1.373438358 -1.435083866 0.204573333 -0.771620333 0.219982818 0.560677707
1413394944955760384.000000 -0.195557371 -2.296117544 -2.076793194 -0.236429214 -0.839442551 -0.102943659 0.478372365
1413394946005760512.000000 -0.835798919 -2.061018705 -2.331074715 -0.594207108 -0.546441019 -0.346113771 0.478043348
1413394946205760512.000000 -0.829381645 -2.025084257 -2.350123882 -0.643842041 -0.492244363 -0.415069640 0.413376570
1413394946455760384.000000 -0.762197554 -2.007770777 -2.368401051 -0.713052392 -0.391325295 -0.462942511 0.352285415
1413394946655760384.000000 -0.667216897 -2.025688410 -2.376061201 -0.750735700 -0.310123861 -0.504608572 0.292556584
1413394946755760384.000000 -0.608369827 -2.046112299 -2.377320290 -0.757384837 -0.275298327 -0.536942899 0.249542311
1413394946855760384.000000 -0.549273491 -2.073316097 -2.378870726 -0.766343057 -0.236392647 -0.559982538 0.207981929
1413394946955760384.000000 -0.492699295 -2.105401993 -2.378955841 -0.774559438 -0.193693057 -0.578027546 0.168597102
1413394947055760384.000000 -0.441273123 -2.141086340 -2.375138521 -0.780845344 -0.150547609 -0.592595160 0.128246143
1413394947155760384.000000 -0.397233486 -2.178147793 -2.362990379 -0.790255606 -0.107735671 -0.596727729 0.088347100
1413394947255760384.000000 -0.360443711 -2.214805126 -2.335750341 -0.800998509 -0.066374384 -0.592806935 0.050752625
1413394947855760384.000000 -0.238833815 -2.347003222 -2.032606602 0.851761043 -0.017884016 0.523340583 0.017263355
1413394948055760384.000000 -0.150236905 -2.356111288 -1.935149550 -0.860645294 -0.027849404 -0.508287013 0.012592154
1413394948655760384.000000 0.372547358 -2.306080818 -1.695075035 -0.729497313 -0.098378390 -0.673902810 0.063328683
1413394948755760384.000000 0.417656153 -2.292630196 -1.661831975 -0.715717375 -0.096032098 -0.688778281 0.064116336
1413394949155760384.000000 0.374241620 -2.235995054 -1.558001041 -0.845920861 -0.095747434 -0.523635566 0.032500017
1413394949755760384.000000 0.552395999 -1.941804886 -1.545113921 -0.775888383 -0.079613633 -0.624709070 0.037381660
1413394949955760384.000000 0.635711551 -1.795964718 -1.528947473 -0.759306729 -0.067601167 -0.643433392 0.069835015
1413394950155760384.000000 0.650675774 -1.664177060 -1.513657808 -0.768061519 -0.073010899 -0.623520315 0.126386166
1413394950355760384.000000 0.628066003 -1.580678701 -1.505925536 -0.824518204 -0.110108048 -0.539192080 0.131597698
1413394950555760384.000000 0.633907497 -1.528816104 -1.484465361 -0.854606450 -0.154361084 -0.488401264 0.085350901
1413394950755760384.000000 0.710610688 -1.445155144 -1.438067198 -0.828475356 -0.167491198 -0.528517842 0.079020195
1413394950955760384.000000 0.810955107 -1.323109627 -1.373203754 -0.739411831 -0.178369269 -0.638516068 0.117268153
1413394951055760384.000000 0.837096274 -1.260278702 -1.341198683 -0.700107098 -0.189513162 -0.674049258 0.139973223
1413394951155760384.000000 0.833745241 -1.203757405 -1.310215235 -0.682398975 -0.200925305 -0.682159424 0.169172227
1413394951255760384.000000 0.799770355 -1.158956647 -1.281954885 -0.695933104 -0.216990009 -0.655469060 0.197364867
1413394951555760384.000000 0.607901633 -1.095422745 -1.204589725 -0.825287580 -0.275806010 -0.456120849 0.186508209
1413394951655760384.000000 0.561087966 -1.072860599 -1.169623733 -0.848151863 -0.279909074 -0.413916856 0.175960913
1413394951755760384.000000 0.546732485 -1.034540176 -1.126939297 -0.859547377 -0.280210108 -0.393763810 0.166164711
1413394951955760384.000000 0.620485961 -0.897498548 -1.005606055 -0.807134211 -0.274965107 -0.493244201 0.172159329
1413394953155760384.000000 1.069889784 -0.122286364 -0.685280502 -0.669696391 -0.292231739 -0.630801558 0.261145413
1413394953255760384.000000 1.060960293 -0.101626635 -0.667461693 -0.659925580 -0.287955821 -0.641292036 0.265187323
1413394953355760384.000000 1.023584366 -0.104561597 -0.627091050 -0.648301184 -0.281693816 -0.654091895 0.269291520
1413394953455760384.000000 0.959878981 -0.129842743 -0.581285238 -0.660172224 -0.282874376 -0.643488586 0.264721185
1413394953555760384.000000 0.878274977 -0.170533180 -0.560851276 -0.710431278 -0.300440073 -0.589997292 0.238592595
1413394954055760384.000000 0.466579735 -0.319844306 -0.907698393 -0.785403311 -0.327277929 -0.491807699 0.184813723
1413394954255760384.000000 0.355367690 -0.292682886 -1.082305789 -0.717529535 -0.311319560 -0.582131326 0.222159073
1413394954655760384.000000 -0.006573748 -0.306019217 -1.342603326 -0.767602861 -0.307837665 -0.515681744 0.223817512
1413394954855760384.000000 -0.202453047 -0.335415453 -1.451593280 -0.828933179 -0.302926898 -0.427549392 0.195720688
1413394955055760384.000000 -0.318402767 -0.317165494 -1.562656403 -0.782753944 -0.305755436 -0.505345821 0.196049988
1413394955255760384.000000 -0.418272018 -0.269132197 -1.674520731 -0.711269498 -0.323710442 -0.577663004 0.235823601
1413394955455760384.000000 -0.556499481 -0.236187935 -1.763027430 -0.728254199 -0.346946985 -0.508658707 0.300898731
1413394957505760512.000000 -0.713993132 0.504639208 -1.552371740 -0.578105628 -0.461916894 -0.504355907 0.445030212
1413394959905760512.000000 -0.607255042 0.513512909 -1.264603257 -0.300044447 -0.808931649 -0.211299986 0.459298521
1413394960205760512.000000 -0.777097404 0.604868829 -1.253318906 -0.207206294 -0.738876998 -0.191553012 0.611910045
1413394962505760512.000000 -1.929109454 0.210131422 -1.416037083 -0.029532310 -0.775304556 -0.037827577 0.629761696
1413394964955760384.000000 -1.018862367 -1.314259410 -1.845593452 -0.064002790 -0.873057783 0.043040302 0.481478393
1413394965205760512.000000 -1.067676425 -1.370899439 -1.782661080 -0.037164431 -0.804033995 0.017098593 0.593174398
1413394967155760384.000000 -0.528987765 -1.544649720 -1.737441182 0.442170441 -0.719497979 0.276349097 0.458736569
1413394967955760384.000000 -0.236796945 -1.616377831 -1.585560918 0.556499124 -0.577633262 0.418894202 0.425648063
1413394968205760512.000000 -0.140855312 -1.594866276 -1.531352639 0.613517404 -0.548724473 0.427098662 0.374278724
1413394968455760384.000000 -0.049098060 -1.578780651 -1.535313845 0.642911911 -0.524946928 0.436053365 0.347782195
1413394968705760512.000000 0.043948092 -1.598070264 -1.555209160 0.669638038 -0.505245805 0.435027301 0.327204794
1413394968955760384.000000 0.152720600 -1.660394311 -1.556980848 0.668779969 -0.482900262 0.450450510 0.341518760
1413394969255760384.000000 0.310943127 -1.750159383 -1.575034857 0.659711599 -0.453800201 0.501316428 0.327914476
1413394969555760384.000000 0.436514318 -1.804300904 -1.692951560 0.664211035 -0.426519126 0.508065999 0.344636440
1413394969855760384.000000 0.562501729 -1.788913488 -1.803801656 0.703209043 -0.422609419 0.445879310 0.357896626
1413394970155760384.000000 0.783196330 -1.757180333 -1.835951567 0.697340846 -0.463015348 0.448615462 0.313171923
1413394970455760384.000000 1.044083118 -1.769022107 -1.799514890 0.639839828 -0.457814246 0.528508306 0.318889022
1413394970755760384.000000 1.218034983 -1.754815221 -1.841147184 0.611233175 -0.471114874 0.563554108 0.294706017
1413394971055760384.000000 1.245460033 -1.700455308 -1.865414619 0.679301620 -0.454296708 0.467857569 0.336560905
1413394971355760384.000000 1.283702612 -1.646145582 -1.819744229 0.707851470 -0.487764865 0.413880318 0.299557626
1413394971655760384.000000 1.392737031 -1.721788526 -1.799138188 0.693221688 -0.511961579 0.427855104 0.272541791
1413394971955760384.000000 1.494526267 -1.941870570 -1.746151328 0.611295223 -0.510649979 0.509616196 0.325339854
1413394972155760384.000000 1.500844002 -2.085461617 -1.734142065 0.561029315 -0.531919420 0.511046469 0.375685364
1413394972355760384.000000 1.451318026 -2.182233334 -1.759235263 0.504812956 -0.579991519 0.479598165 0.422799319
1413394972755760384.000000 1.216054440 -2.214463949 -1.855444908 0.404886812 -0.708686292 0.314541787 0.484658509
1413394973205760512.000000 0.907629013 -2.205501080 -1.895026326 0.235416397 -0.780171990 0.162584722 0.556306541
1413394973405760512.000000 0.791822433 -2.214147329 -1.910757065 0.143310100 -0.805941641 0.117043793 0.562335432
1413394973755760384.000000 0.578900635 -2.218999386 -1.917436004 -0.007478281 -0.818798244 0.010143782 0.573943138
1413394974055760384.000000 0.396091640 -2.211138487 -1.907878995 -0.139258251 -0.802159250 -0.074199505 0.575883687
1413394974555760384.000000 0.158032298 -2.146357775 -1.862102509 -0.351868391 -0.739435673 -0.183127671 0.543955684
1413394975055760384.000000 0.067182168 -1.965452313 -1.831313014 -0.462150723 -0.668523371 -0.320313692 0.486715913
1413394975355760384.000000 0.038182668 -1.872028232 -1.924078465 -0.494364172 -0.622137547 -0.374867916 0.477517515
1413394975805760512.000000 -0.019107297 -1.815378547 -2.060501099 -0.539573550 -0.619440973 -0.385234475 0.420413703
1413394976055760384.000000 -0.084523976 -1.781543493 -2.083953857 -0.526164949 -0.605823159 -0.402786940 0.440331072
1413394976355760384.000000 -0.187538669 -1.769690990 -2.104875326 -0.516750038 -0.605847716 -0.409224510 0.445480853
1413394977005760512.000000 -0.433943719 -2.027125120 -2.132517099 -0.581058204 -0.609872818 -0.319827884 0.433747172
1413394977205760512.000000 -0.453412145 -2.098911047 -2.113305807 -0.628601849 -0.621061623 -0.265746385 0.385384381
1413394977405760512.000000 -0.424657106 -2.053551912 -2.054672718 -0.615329206 -0.644773841 -0.296100676 0.343454778
1413394977605760512.000000 -0.391991019 -1.882573247 -1.960816741 -0.598387539 -0.654776394 -0.324057132 0.328918368
1413394978005760512.000000 -0.412184656 -1.231717944 -1.723422647 -0.558788598 -0.624831259 -0.389663249 0.381449789
1413394980955760384.000000 -1.379457355 0.287485927 -1.310195804 -0.570534527 -0.580772996 -0.391556501 0.428808391
1413394981205760512.000000 -1.430548549 0.045755729 -1.326534867 -0.580286741 -0.576652884 -0.376270652 0.434924424
1413394981505760512.000000 -1.448964000 -0.208845899 -1.396358132 -0.576955378 -0.583007872 -0.390828907 0.417704552
1413394981755760384.000000 -1.447074413 -0.388421148 -1.442056298 -0.590746343 -0.582904518 -0.388718456 0.400173873
1413394982455760384.000000 -1.278627515 -0.677330315 -1.501078010 -0.697597504 -0.439031780 -0.418707222 0.381173462
1413394982855760384.000000 -0.897216260 -0.805570483 -1.451227069 -0.747745395 -0.340919852 -0.472462088 0.318481088
1413394983005760512.000000 -0.702894211 -0.867211342 -1.422946692 -0.757791102 -0.315146148 -0.494523823 0.286149919
1413394983205760512.000000 -0.422139019 -0.955931544 -1.380200505 -0.759699583 -0.302379012 -0.517390847 0.252448648
1413394984505760512.000000 1.030464768 -1.233465791 -1.497665882 -0.729525805 -0.386054635 -0.520107746 0.219640449
1413394984805760512.000000 1.169622898 -1.132674575 -1.558560014 -0.712642133 -0.428282201 -0.498793423 0.244787306
1413394985005760512.000000 1.230489016 -1.016372800 -1.583496213 -0.689817369 -0.458049536 -0.485829145 0.279844105
1413394987405760512.000000 1.436370492 1.630748391 -1.038594007 -0.650374293 -0.470485717 -0.490530908 0.339169472
1413394987705760512.000000 1.382446527 1.981291413 -1.029710650 -0.622940660 -0.477715641 -0.526573896 0.326270759
1413394988005760512.000000 1.208653212 2.264981747 -0.982600033 -0.610571742 -0.465945125 -0.543970227 0.337925732
1413394988405760512.000000 0.808748901 2.467504025 -0.888791561 -0.654055774 -0.409641027 -0.505304456 0.386099339
1413394988805760512.000000 0.451969147 2.422851562 -0.877749860 -0.726458311 -0.317046434 -0.527334094 0.306037128
1413394989305760512.000000 0.046792902 2.163317680 -0.944273710 -0.741202354 -0.304684132 -0.550963163 0.232865497
1413394989405760512.000000 -0.043978900 2.104147434 -0.952046990 -0.745070159 -0.303198576 -0.544231117 0.238230020
1413394989505760512.000000 -0.135846317 2.043707371 -0.960460544 -0.747520924 -0.302157819 -0.538574576 0.244643837
1413394989605760512.000000 -0.227452993 1.981257200 -0.975830793 -0.750191867 -0.301693767 -0.532087684 0.251148760
1413394990005760512.000000 -0.558909893 1.725184798 -1.125958204 -0.735198438 -0.374880999 -0.472018331 0.310074627
1413394990355760384.000000 -0.769201934 1.520356655 -1.331334710 -0.639459789 -0.526314437 -0.436673075 0.351284802
1413394990605760512.000000 -0.911407888 1.411642909 -1.475758910 -0.597514689 -0.581596136 -0.399722278 0.380715370
1413394991055760384.000000 -1.169569731 1.349324107 -1.675464392 -0.591424406 -0.588424206 -0.390825331 0.388882637
1413394991355760384.000000 -1.337235212 1.398519039 -1.763091803 -0.614024222 -0.560249507 -0.395158499 0.391081303
1413394991705760512.000000 -1.487333417 1.518695951 -1.831888318 -0.658252239 -0.495764494 -0.439908385 0.356934518
1413394992155760384.000000 -1.627672434 1.692858100 -1.885890365 -0.687377810 -0.417785466 -0.475054801 0.356777281
1413394992405760512.000000 -1.660085559 1.743709326 -1.901028633 -0.715983450 -0.388399005 -0.481540591 0.323469728
1413394992905760512.000000 -1.661820173 1.812677026 -1.883998513 -0.731906235 -0.344257802 -0.516328931 0.281432569
1413394993405760512.000000 -1.648150563 1.847110152 -1.979561329 -0.734037876 -0.351509929 -0.526897788 0.244965196
1413394993855760384.000000 -1.666491747 1.899348378 -2.126359463 -0.745251179 -0.326422960 -0.527361929 0.244822964
1413394994305760512.000000 -1.671536684 1.919296741 -2.292601109 -0.786789715 -0.204691038 -0.552322328 0.184400707
1413394994505760512.000000 -1.661289811 1.898481965 -2.308179379 -0.794430077 -0.176300406 -0.568186641 0.122323066
1413394994905760512.000000 -1.667874455 1.912999272 -2.246853590 -0.790363312 -0.150333270 -0.586874306 0.091127396
1413394995305760512.000000 -1.737232804 1.984868050 -2.314883709 -0.808059871 -0.132191077 -0.558993638 0.130732521
1413394995705760512.000000 -1.755457401 2.030680656 -2.468627453 -0.813364506 -0.143966317 -0.551199377 0.117860921
1413394995905760512.000000 -1.732652783 2.055950880 -2.516715288 -0.799240410 -0.138129503 -0.571429372 0.124913812
1413394996305760512.000000 -1.725433826 2.073995590 -2.530819893 -0.787641883 -0.146115005 -0.586813927 0.117982954
1413394996805760512.000000 -1.696587086 2.087362051 -2.505688190 -0.789770365 -0.147624195 -0.583923101 0.116205186
1413394997305760512.000000 -1.662941694 2.108431339 -2.475648165 -0.790067971 -0.147306696 -0.583489418 0.116762251
1413394997805760512.000000 -1.623599648 2.136012077 -2.444425106 -0.790148437 -0.147106051 -0.583457708 0.116629325
1413394998305760512.000000 -1.577478886 2.171133995 -2.412519455 -0.790149629 -0.146850869 -0.583474994 0.116855815
