#LBA time[ms],KF opt[#],KF fixed[#],MP[#],Edges[#]
0.014688,3,1,0,397
0.004672,4,1,0,542
0.216419,5,1,0,672
0.340517,6,1,0,1139
0.419430,7,1,0,1667
0.634216,8,1,0,2214
0.510439,9,1,0,2591
0.850059,10,1,0,2930
1.010670,0,0,0,0
78.185572,0,0,0,0
1.289073,0,0,0,0
1.290449,0,0,0,0
1.212496,0,0,0,0
1.459860,0,0,0,0
1.542037,0,0,0,0
1.760824,0,0,0,0
1.671415,0,0,0,0
2.201374,0,0,0,0
2.464673,0,0,0,0
2.633124,0,0,0,0
2.739877,0,0,0,0
4.136664,0,0,0,0
4.011543,0,0,0,0
4.476637,0,0,0,0
4.257498,0,0,0,0
4.267834,0,0,0,0
4.437852,0,0,0,0
4.017078,0,0,0,0
3.320781,0,0,0,0
4.398652,0,0,0,0
3.902165,0,0,0,0
4.202681,0,0,0,0
5.473386,0,0,0,0
4.430396,0,0,0,0
4.671071,0,0,0,0
6.043666,0,0,0,0
8.698422,0,0,0,0
4.603902,0,0,0,0
7.103840,0,0,0,0
4.910498,0,0,0,0
6.780860,3,1,0,487
6.221076,4,1,0,631
0.005024,5,1,0,766
0.004768,6,1,0,894
0.364357,7,1,0,1005
0.486214,8,1,0,1142
0.728202,9,1,0,1290
0.769835,10,1,0,1435
0.753642,0,0,0,0
0.881324,3,1,0,485
1.077102,4,1,0,633
51.012147,5,1,0,763
1.365011,6,1,0,893
0.005504,7,1,0,1018
0.004512,8,1,0,1156
0.468263,9,1,0,1285
0.590216,10,1,0,1411
0.734986,0,0,0,0
0.776843,3,1,0,684
0.856620,4,1,0,1062
0.921517,5,1,0,1387
1.097103,6,1,0,2088
57.210856,7,1,0,2780
1.362579,8,1,0,3242
0.005504,9,1,0,3836
0.004832,10,1,0,4523
0.296516,0,0,0,0
0.879884,0,0,0,0
0.968685,0,0,0,0
1.102159,0,0,0,0
1.233841,0,0,0,0
1.435891,0,0,0,0
1.594518,0,0,0,0
113.485282,0,0,0,0
1.505077,0,0,0,0
1.949595,0,0,0,0
2.028507,0,0,0,0
2.148701,0,0,0,0
2.393952,0,0,0,0
2.742822,0,0,0,0
2.830918,0,0,0,0
2.795974,0,0,0,0
2.854854,0,0,0,0
3.691826,0,0,0,0
3.933621,0,0,0,0
5.345704,0,0,0,0
5.339849,0,0,0,0
5.662573,0,0,0,0
5.576427,0,0,0,0
4.073047,0,0,0,0
3.642673,0,0,0,0
5.139238,0,0,0,0
4.481309,0,0,0,0
7.032672,0,0,0,0
3.919157,0,0,0,0
7.250818,0,0,0,0
4.611103,0,0,0,0
3.800820,0,0,0,0
3.188235,0,0,0,0
7.860043,0,0,0,0
3.590096,0,0,0,0
6.612058,0,0,0,0
5.423977,0,0,0,0
4.976867,0,0,0,0
3.436207,0,0,0,0
7.380708,0,0,0,0
8.030029,0,0,0,0
5.210022,0,0,0,0
3.606481,0,0,0,0
7.937388,0,0,0,0
5.306504,0,0,0,0
7.222914,0,0,0,0
6.503000,0,0,0,0
5.214470,0,0,0,0
6.631706,0,0,0,0
8.267632,0,0,0,0
3.368526,0,0,0,0
8.444691,0,0,0,0
4.328283,0,0,0,0
6.065970,0,0,0,0
4.430876,0,0,0,0
9.465472,0,0,0,0
8.692086,0,0,0,0
7.292323,0,0,0,0
6.054258,0,0,0,0
6.373974,0,0,0,0
5.966609,0,0,0,0
5.037828,0,0,0,0
4.434717,0,0,0,0
6.119443,0,0,0,0
5.296872,0,0,0,0
6.390999,0,0,0,0
5.102597,0,0,0,0
5.748270,0,0,0,0
7.395364,0,0,0,0
5.947217,0,0,0,0
7.655048,0,0,0,0
6.261685,0,0,0,0
7.840202,0,0,0,0
6.566329,0,0,0,0
6.843005,0,0,0,0
9.097915,0,0,0,0
10.490350,0,0,0,0
8.822360,0,0,0,0
12.036099,0,0,0,0
8.608085,0,0,0,0
7.903083,0,0,0,0
10.508398,0,0,0,0
12.070052,0,0,0,0
13.758395,0,0,0,0
13.758523,0,0,0,0
9.213661,0,0,0,0
10.577519,0,0,0,0
10.579759,0,0,0,0
12.012386,0,0,0,0
12.862510,0,0,0,0
10.379213,0,0,0,0
14.047198,0,0,0,0
12.520554,0,0,0,0
12.688811,0,0,0,0
11.932321,0,0,0,0
11.971010,0,0,0,0
12.283303,0,0,0,0
10.971668,0,0,0,0
10.027048,0,0,0,0
10.961909,0,0,0,0
8.814935,0,0,0,0
10.941108,0,0,0,0
11.980674,0,0,0,0
10.491023,0,0,0,0
11.604413,0,0,0,0
10.251179,0,0,0,0
10.661681,0,0,0,0
10.731858,0,0,0,0
7.859979,0,0,0,0
10.154601,0,0,0,0
11.305465,0,0,0,0
10.745905,0,0,0,0
10.717681,0,0,0,0
7.983948,0,0,0,0
5.891376,0,0,0,0
5.715661,0,0,0,0
7.055392,0,0,0,0
5.571787,0,0,0,0
10.311820,0,0,0,0
5.766798,0,0,0,0
5.689997,0,0,0,0
8.808983,0,0,0,0
10.214634,0,0,0,0
9.200092,0,0,0,0
9.685604,0,0,0,0
7.763817,0,0,0,0
9.622178,0,0,0,0
6.437335,0,0,0,0
9.734372,0,0,0,0
6.888669,0,0,0,0
6.512184,0,0,0,0
7.542310,0,0,0,0
12.659211,0,0,0,0
9.868549,0,0,0,0
9.524802,0,0,0,0
9.129691,0,0,0,0
10.459982,0,0,0,0
8.873048,0,0,0,0
5.386825,0,0,0,0
11.010805,0,0,0,0
8.942393,0,0,0,0
9.911910,0,0,0,0
9.462273,0,0,0,0
7.204034,0,0,0,0
8.536051,0,0,0,0
5.895279,0,0,0,0
10.174890,0,0,0,0
9.613698,0,0,0,0
9.668899,0,0,0,0
7.992429,0,0,0,0
4.959139,0,0,0,0
3.705075,0,0,0,0
5.206118,0,0,0,0
5.346568,0,0,0,0
9.292894,0,0,0,0
5.484106,0,0,0,0
5.673868,0,0,0,0
4.551037,0,0,0,0
5.873776,0,0,0,0
6.259413,0,0,0,0
6.352566,0,0,0,0
6.567065,0,0,0,0
6.953567,0,0,0,0
8.491091,0,0,0,0
6.280629,0,0,0,0
6.385175,0,0,0,0
6.170708,0,0,0,0
7.085024,0,0,0,0
9.110235,0,0,0,0
6.506616,0,0,0,0
11.800992,0,0,0,0
6.515640,0,0,0,0
8.915705,0,0,0,0
6.695994,0,0,0,0
8.043725,0,0,0,0
6.366038,0,0,0,0
6.556409,0,0,0,0
7.030879,0,0,0,0
9.544129,0,0,0,0
10.167626,0,0,0,0
12.399496,0,0,0,0
8.333041,0,0,0,0
9.943559,0,0,0,0
8.898937,0,0,0,0
13.692538,0,0,0,0
8.535316,0,0,0,0
11.125974,0,0,0,0
8.228655,0,0,0,0
8.061389,0,0,0,0
10.380333,0,0,0,0
7.564423,0,0,0,0
9.898374,0,0,0,0
7.614439,0,0,0,0
9.907398,0,0,0,0
9.579873,0,0,0,0
8.122766,0,0,0,0
10.471790,0,0,0,0
10.350508,0,0,0,0
8.867736,0,0,0,0
12.519274,0,0,0,0
13.249940,0,0,0,0
14.496165,0,0,0,0
15.045803,0,0,0,0
12.392392,0,0,0,0
14.869673,0,0,0,0
17.307114,0,0,0,0
12.888142,0,0,0,0
13.346837,0,0,0,0
12.644588,0,0,0,0
16.051833,0,0,0,0
11.889377,0,0,0,0
15.673140,0,0,0,0
15.440785,0,0,0,0
12.678284,0,0,0,0
14.901770,0,0,0,0
14.224672,0,0,0,0
14.856393,0,0,0,0
12.493225,0,0,0,0
14.663751,0,0,0,0
18.981249,0,0,0,0
12.560426,0,0,0,0
17.176552,0,0,0,0
13.183443,0,0,0,0
16.688802,0,0,0,0
14.789545,0,0,0,0
14.876809,0,0,0,0
14.508196,0,0,0,0
18.499674,0,0,0,0
16.021753,0,0,0,0
19.733163,0,0,0,0
17.090408,0,0,0,0
18.955457,0,0,0,0
13.609912,0,0,0,0
15.313487,0,0,0,0
17.466284,0,0,0,0
17.721872,0,0,0,0
18.713949,0,0,0,0
21.595172,0,0,0,0
17.569614,0,0,0,0
18.636284,0,0,0,0
21.778023,0,0,0,0
13.500663,0,0,0,0
20.647255,0,0,0,0
17.603150,0,0,0,0
21.870697,0,0,0,0
18.775038,0,0,0,0
16.903493,0,0,0,0
15.806006,0,0,0,0
15.754614,0,0,0,0
13.845564,0,0,0,0
21.345473,0,0,0,0
19.484520,0,0,0,0
18.242519,0,0,0,0
18.675709,0,0,0,0
17.208137,0,0,0,0
19.193220,0,0,0,0
20.079024,0,0,0,0
15.050700,0,0,0,0
20.303699,0,0,0,0
17.959059,0,0,0,0
17.414188,0,0,0,0
19.257861,0,0,0,0
18.558299,0,0,0,0
17.529389,0,0,0,0
19.606857,0,0,0,0
19.252133,0,0,0,0
18.770174,0,0,0,0
16.907621,0,0,0,0
17.108936,0,0,0,0
11.633150,0,0,0,0
17.061575,0,0,0,0
13.062065,0,0,0,0
12.499401,0,0,0,0
18.433465,0,0,0,0
18.699101,0,0,0,0
18.824959,0,0,0,0
10.025672,0,0,0,0
17.682479,0,0,0,0
18.316440,0,0,0,0
18.923457,0,0,0,0
20.370740,0,0,0,0
26.364805,0,0,0,0
23.502943,0,0,0,0
23.561055,0,0,0,0
16.208796,0,0,0,0
24.173095,0,0,0,0
22.011978,0,0,0,0
27.027566,0,0,0,0
22.450544,0,0,0,0
22.171820,0,0,0,0
22.891222,0,0,0,0
16.885093,0,0,0,0
18.768510,0,0,0,0
26.927501,0,0,0,0
20.393812,0,0,0,0
24.797136,0,0,0,0
24.919410,0,0,0,0
23.228314,0,0,0,0
19.056770,0,0,0,0
15.485010,0,0,0,0
17.651631,0,0,0,0
18.432538,0,0,0,0
24.442763,0,0,0,0
21.746183,0,0,0,0
17.683375,0,0,0,0
19.530761,0,0,0,0
21.724102,0,0,0,0
22.919478,0,0,0,0
25.815774,0,0,0,0
21.623749,0,0,0,0
28.754469,0,0,0,0
28.107197,0,0,0,0
33.523814,0,0,0,0
26.434278,0,0,0,0
26.645800,0,0,0,0
26.495335,0,0,0,0
27.435156,0,0,0,0
26.071937,0,0,0,0
22.370127,0,0,0,0
27.170256,0,0,0,0
31.362504,0,0,0,0
28.948296,0,0,0,0
30.273466,0,0,0,0
29.129706,1090841550,65520,0,1080227275
24.198888,990206343,1536413056,1536220784,-682796721
22.139052,-1052420984,65535,65535,1080134675
22.984311,-1325811834,1536412864,3,-1977196785
23.801507,1090525682,65535,0,1080179216
21.925353,-1680505772,1536412992,417,-250138895
23.868803,-1055797542,65535,0,1080172189
22.917815,1939482584,5,1541512400,-849097855
