1403637149738319104.000000 0.444772899 -0.411979854 -0.926110804 -0.598095775 -0.538968563 -0.409720004 0.428863585
1403637150838319104.000000 0.615070581 -0.259952664 -0.720826328 -0.609065711 -0.549220860 -0.423690051 0.384554535
1403637153688318976.000000 1.116479874 0.335400611 -0.351490617 -0.603243947 -0.556713462 -0.419143945 0.387924254
1403637156338319104.000000 1.912201881 1.250482440 -0.457544118 -0.737213433 -0.347684681 -0.499772549 0.293017268
1403637159188318976.000000 4.400838852 0.525618076 -0.747316241 -0.807945132 -0.146956921 -0.554303646 0.135557890
1403637160538319104.000000 5.835278511 -0.567781866 -0.937902808 -0.817756355 -0.021740118 -0.574292243 0.031470660
1403637163038319104.000000 7.695952892 -2.966145515 -0.805259764 0.769566834 -0.161089092 0.611622632 0.087948784
1403637164738319104.000000 6.189144135 -4.907657146 -0.772537947 0.748933971 -0.325580537 0.551159561 0.171226457
1403637166888318976.000000 3.789237022 -7.059210777 -0.957611620 0.754951835 -0.314276218 0.491122395 0.300128460
1403637168138319104.000000 4.340556145 -6.031694412 -1.068417192 0.771828234 -0.309519976 0.507923663 0.224704474
1403637170838319104.000000 6.786211491 -2.056139946 -1.768243313 -0.762303233 -0.099758461 -0.634702802 0.078066409
1403637173288318976.000000 4.503803730 0.817965686 -1.771123648 -0.843068421 -0.114050180 -0.504826009 0.146214902
1403637173638319104.000000 4.312301636 0.856570661 -1.840905309 -0.838235795 -0.028157704 -0.533764482 0.107997000
1403637173938319104.000000 4.262397289 0.780462861 -1.946880102 0.855772972 -0.036339432 0.509175718 -0.084096521
1403637174388318976.000000 4.413626194 0.471448809 -1.926116347 0.807893038 -0.026732413 0.588048935 -0.028154533
1403637175038319104.000000 4.550536633 -0.205979481 -1.771629333 0.800053835 -0.128979743 0.584450006 0.041187610
1403637177988318976.000000 2.459902763 -4.539300442 -1.860430837 0.816188931 -0.215901345 0.507568359 0.172036856
1403637180788318976.000000 5.064320087 -4.824050426 -2.297522068 0.774286151 -0.272581100 0.527981758 0.217751831
1403637183488318976.000000 7.458020210 -1.141095281 -1.442871690 0.713016331 -0.324761271 0.595575809 0.177277729
1403637183888318976.000000 7.155940533 -0.547568202 -1.542847753 0.715884984 -0.343689561 0.588985860 0.149939671
1403637185138319104.000000 5.159076214 0.298051953 -1.728108525 0.780847311 -0.329151899 0.500951886 0.176022246
1403637185438319104.000000 4.764049053 0.276121676 -1.676001430 0.792419493 -0.325406492 0.482525289 0.182623133
1403637186388318976.000000 3.993813038 -0.145192295 -1.358402848 0.758526683 -0.307745248 0.532680213 0.214899823
1403637186888318976.000000 3.697138548 -0.364610434 -1.134766936 0.752824843 -0.334628701 0.536615074 0.182545483
1403637187288318976.000000 3.415674448 -0.601613224 -1.081419587 0.749830246 -0.343856901 0.534911335 0.182720929
1403637187638319104.000000 3.149054289 -0.886384666 -1.094205618 0.765191853 -0.348858088 0.501788557 0.202454090
1403637189588318976.000000 2.366264105 -3.117730379 -1.627100706 0.709470987 -0.407107532 0.513795793 0.258705109
1403637191838319104.000000 1.267262816 -5.109508514 -1.509424925 0.739382744 -0.355768442 0.508383632 0.261319935
1403637192038319104.000000 1.184434891 -5.190830231 -1.459576249 0.745790303 -0.349189162 0.495802641 0.275760144
1403637192338319104.000000 1.125700235 -5.284951210 -1.337401986 0.755400240 -0.350380033 0.478297830 0.278989941
1403637192838319104.000000 1.222051740 -5.418363094 -1.184381723 0.751416504 -0.372815549 0.483714968 0.249803126
1403637193988318976.000000 1.846557379 -6.016417980 -0.857536614 0.743868470 -0.360186219 0.497908860 0.262702227
1403637194388318976.000000 2.160457373 -6.244187355 -0.845991969 0.740843892 -0.362943470 0.501302600 0.260994554
1403637195188318976.000000 2.940895796 -6.652181149 -0.728603125 0.732036948 -0.366254032 0.510001242 0.264345855
1403637197588318976.000000 5.639181137 -5.342197895 -0.803882122 0.779791594 -0.221660078 0.557433248 0.179052919
1403637199938319104.000000 6.197721004 0.278436720 -0.439778179 -0.739307344 -0.200043932 -0.611541748 0.198554188
1403637200088318976.000000 6.046518326 0.624394476 -0.522082388 -0.711416960 -0.230770290 -0.611770034 0.257620752
1403637200238319104.000000 5.872596264 0.917201757 -0.614376724 -0.691703737 -0.277870148 -0.600255072 0.289876044
1403637203138319104.000000 3.837395430 1.341850281 -0.818958521 -0.761846840 -0.298089713 -0.537000895 0.205820620
1403637205638319104.000000 3.882450342 0.610362589 -0.910805583 -0.756909490 -0.306279391 -0.538684368 0.207605675
1403637208138319104.000000 3.326386929 0.457790375 -0.825253546 -0.762944639 -0.296423525 -0.534512103 0.210583374
1403637209138319104.000000 3.170805454 0.291848928 -0.776821196 -0.752339542 -0.308506310 -0.550668299 0.188609362
1403637211938319104.000000 4.533465385 2.907319307 -1.371808052 -0.768947423 -0.326847494 -0.488362670 0.251778871
1403637212338319104.000000 5.042844296 3.437880278 -1.385424972 -0.742873192 -0.325341254 -0.529145241 0.249595284
1403637212538319104.000000 5.285738468 3.676850796 -1.359042168 -0.745563328 -0.325271100 -0.527649105 0.244786814
1403637212738319104.000000 5.517410278 3.900986195 -1.320042491 -0.755408764 -0.329018205 -0.515340805 0.235645026
1403637212938319104.000000 5.749344826 4.125116348 -1.270659208 -0.756005347 -0.334577888 -0.514365673 0.227906808
1403637213138319104.000000 5.978601456 4.353944778 -1.217547655 -0.755998552 -0.336733580 -0.511847377 0.230410188
1403637213538319104.000000 6.429087162 4.817528248 -1.174141645 -0.750499666 -0.336011678 -0.517680883 0.236331940
1403637213738319104.000000 6.645652771 5.045517445 -1.181468725 -0.743279099 -0.348883629 -0.527328968 0.218496159
1403637213988318976.000000 6.886887550 5.340140820 -1.220252514 -0.741239667 -0.355666369 -0.528188705 0.212324992
1403637214438319104.000000 7.222634792 5.919148922 -1.213615298 -0.701807320 -0.391411811 -0.532935977 0.265033156
1403637214638319104.000000 7.315563679 6.161213875 -1.170936584 -0.666924357 -0.437982619 -0.536161542 0.275524884
1403637214838319104.000000 7.354146004 6.392533779 -1.108092308 -0.642223537 -0.465075672 -0.540982962 0.280340910
1403637215038319104.000000 7.326626301 6.611691952 -1.051509380 -0.636067152 -0.469605386 -0.539886892 0.288810730
1403637216638319104.000000 5.573376179 7.213607311 -0.745754182 -0.552413642 -0.558703959 -0.425201416 0.449324787
1403637216938319104.000000 5.230849266 7.068540573 -0.724326611 -0.545763195 -0.543271780 -0.442670017 0.459392577
1403637217288318976.000000 4.884556293 6.744351864 -0.677469730 -0.575954437 -0.533201277 -0.412752062 0.462178051
1403637217688318976.000000 4.619380474 6.243108273 -0.711638749 -0.563013673 -0.540408075 -0.419289529 0.463865250
1403637217938319104.000000 4.507241726 5.859128952 -0.729319036 -0.509877026 -0.588793278 -0.420500576 0.465324789
1403637218188318976.000000 4.398833275 5.410595894 -0.720632851 -0.491275847 -0.617026925 -0.392910600 0.472807735
1403637218438319104.000000 4.295853138 4.922358513 -0.735728085 -0.484245658 -0.625351906 -0.385505766 0.475212127
1403637218588318976.000000 4.235632420 4.611195087 -0.749218881 -0.483151466 -0.625920296 -0.386635154 0.474659503
1403637219038319104.000000 4.054443359 3.620059013 -0.822327495 -0.485981911 -0.637036920 -0.394573987 0.449796498
1403637219188318976.000000 3.978272915 3.282437086 -0.878401816 -0.485888600 -0.637604713 -0.396145254 0.447706759
1403637220538319104.000000 2.934016228 0.456823945 -0.723830581 -0.529673100 -0.631231904 -0.347035021 0.447838634
1403637222788318976.000000 1.930919409 -1.529370666 -0.963069320 -0.647664011 -0.504093885 -0.442295909 0.361655951
1403637222988318976.000000 1.911845565 -1.585194111 -0.969038606 -0.656254530 -0.512446404 -0.428352743 0.351059347
1403637225388318976.000000 1.863959312 -1.532667756 -0.880405009 -0.624497592 -0.516342640 -0.455571264 0.368575454
1403637227488318976.000000 1.309901118 -1.634291887 -0.755876184 -0.641139328 -0.516492844 -0.433896363 0.365936548
1403637228488318976.000000 1.252273917 -1.510158181 -0.834872186 -0.621513128 -0.512007654 -0.459843874 0.374317229
1403637228988318976.000000 1.187643409 -1.543630004 -0.786470830 -0.631632745 -0.517399192 -0.446179241 0.366418153
1403637230338319104.000000 1.074146152 -1.691608191 -0.996612012 -0.756628036 -0.336938113 -0.511740327 0.228272930
1403637230788318976.000000 1.093413115 -1.668015361 -0.934955597 -0.758272648 -0.283917576 -0.545550108 0.216306388
1403637231188318976.000000 1.115977287 -1.686681032 -0.892748833 -0.814346433 -0.177760541 -0.532235503 0.148210868
1403637231388318976.000000 1.156884551 -1.707522273 -0.944647789 -0.825413048 -0.100731164 -0.545459926 0.104976371
1403637231888318976.000000 1.320215106 -1.838866830 -1.251512527 0.830194712 -0.093269564 0.549413025 0.014928496
1403637232288318976.000000 1.519834995 -2.057124138 -1.376816630 0.792002857 -0.199780822 0.571212769 0.080840379
1403637232688318976.000000 1.658539295 -2.371850491 -1.393296480 0.768603623 -0.300358683 0.549253047 0.131735563
1403637233138319104.000000 1.730000854 -2.888854265 -1.311629415 0.775999606 -0.360537142 0.488508314 0.170872316
1403637235838319104.000000 5.286984921 -4.083164215 -2.126665831 0.807742774 -0.090071380 0.572304487 0.109116010
1403637236088318976.000000 5.645307541 -3.810261250 -2.087454796 0.803451180 -0.024186455 0.584323227 0.111568697
1403637236338319104.000000 5.972298622 -3.438597441 -2.005348444 -0.805149257 -0.026148491 -0.586376071 -0.084935106
1403637239138319104.000000 4.255228996 0.203550518 -0.452582717 0.865284741 -0.186566994 0.463384658 -0.041831546
1403637239438319104.000000 4.035851002 -0.357096136 -0.347946286 0.843034804 -0.192193404 0.501698971 0.025535621
1403637239688318976.000000 3.929755211 -0.921640575 -0.351366043 0.819849551 -0.241654545 0.513809681 0.073820122
1403637239938319104.000000 3.858340502 -1.541993618 -0.446182489 0.775980294 -0.279689223 0.544678450 0.151505828
1403637240438319104.000000 3.692056179 -2.757750988 -0.753659964 0.740888774 -0.380527645 0.497923583 0.241567329
1403637240838319104.000000 3.612699986 -3.704165697 -0.922934890 0.739830017 -0.382871032 0.483360827 0.269116461
1403637241088318976.000000 3.619286776 -4.279095650 -0.975295365 0.729956150 -0.368760109 0.503748834 0.278239518
1403637241338319104.000000 3.652591705 -4.811854839 -1.060969114 0.737423122 -0.357006013 0.500166774 0.280333817
1403637241588318976.000000 3.720732212 -5.294158936 -1.153079033 0.740801156 -0.334647208 0.499414116 0.299684018
1403637241838319104.000000 3.841585875 -5.696292877 -1.208209395 0.728085756 -0.321824253 0.520416021 0.309010446
1403637242288318976.000000 4.100138187 -6.156877995 -1.216511250 0.716859221 -0.326444089 0.534772813 0.305884272
1403637242738319104.000000 4.377986908 -6.269077778 -1.215196609 0.721809983 -0.298363954 0.541923761 0.310303181
1403637243138319104.000000 4.643271923 -6.044748783 -1.159098387 0.731172979 -0.269730896 0.562914968 0.275242060
1403637243538319104.000000 4.870628357 -5.608480930 -1.163686514 0.745691419 -0.282954305 0.549549222 0.248750478
1403637243938319104.000000 5.081823349 -5.063346386 -1.111602545 0.754679203 -0.323583245 0.534090400 0.201247469
1403637244188318976.000000 5.194357395 -4.745883942 -1.000437498 0.752852201 -0.328479737 0.532633841 0.203999877
1403637244488318976.000000 5.307647705 -4.410561085 -0.819771349 0.759388566 -0.327673644 0.524985552 0.200870931
1403637244738319104.000000 5.401182175 -4.166414738 -0.663842976 0.780025184 -0.288429022 0.517023683 0.202623114
1403637245038319104.000000 5.545544624 -3.897987843 -0.528258801 0.792848289 -0.270314634 0.515537560 0.180395812
1403637245488318976.000000 5.845510006 -3.597796917 -0.413125396 0.798310876 -0.261187941 0.512940943 0.177122235
1403637245938319104.000000 6.267808437 -3.381462336 -0.391108304 0.802188158 -0.185631782 0.550537109 0.137637034
1403637246388318976.000000 6.719858646 -3.135725021 -0.471533895 0.811087251 -0.015646948 0.583923876 0.030425390
1403637246588318976.000000 6.900439739 -3.005382061 -0.534869313 -0.800298631 -0.073540993 -0.594952345 0.012063755
1403637247038319104.000000 7.157568455 -2.639608622 -0.667208970 -0.776814520 -0.212960631 -0.582585812 0.108631931
1403637247488318976.000000 7.237952232 -2.209220886 -0.772520721 -0.763069391 -0.224984422 -0.587560356 0.147918671
1403637247838319104.000000 7.197830677 -1.862657428 -0.891406417 -0.747493505 -0.260991156 -0.593417764 0.144888148
1403637248088318976.000000 7.074184418 -1.606472731 -0.936435580 -0.741204739 -0.285303980 -0.579516232 0.182697266
1403637248338319104.000000 6.889140606 -1.356659055 -0.969608903 -0.748339117 -0.312774360 -0.549170196 0.201427221
1403637248588318976.000000 6.679923058 -1.110057235 -1.025362968 -0.739318728 -0.315113932 -0.555433691 0.213552088
1403637248888318976.000000 6.389111519 -0.829271317 -1.052468777 -0.751421452 -0.314561307 -0.543860555 0.201575845
1403637249688318976.000000 5.521770954 -0.037266642 -0.968442082 -0.755071521 -0.299790889 -0.548236787 0.198567107
1403637249938319104.000000 5.226689816 0.214359149 -1.010548830 -0.742252409 -0.307099849 -0.556772113 0.211556062
1403637252738319104.000000 3.263944149 1.485084057 -0.693196297 -0.703281581 -0.420210153 -0.475311786 0.320775807
1403637254238319104.000000 3.024016619 1.201335192 -0.663913369 -0.683902323 -0.433239281 -0.498827279 0.309439510
1403637255138319104.000000 2.739481688 0.924466550 -0.563834608 -0.664340794 -0.461007625 -0.483897209 0.334614486
1403637256288318976.000000 2.219093084 0.486497939 -0.482251644 -0.581155479 -0.569019437 -0.425021023 0.397281140
1403637256788318976.000000 1.935760260 0.275007784 -0.488838822 -0.596493542 -0.563847184 -0.408721328 0.399022251
1403637257088318976.000000 1.768733621 0.150083274 -0.521335244 -0.585183501 -0.568570316 -0.410272002 0.407387942
1403637257588318976.000000 1.502607226 -0.050887980 -0.478970796 -0.565210521 -0.593782961 -0.402830571 0.407045811
1403637257888318976.000000 1.331122041 -0.154281169 -0.492379487 -0.567452073 -0.605928004 -0.381943762 0.406163007
1403637258138319104.000000 1.182987809 -0.213021502 -0.523331702 -0.547130227 -0.624808192 -0.361956716 0.423379987
1403637258488318976.000000 0.975569069 -0.251951724 -0.537212968 -0.505687177 -0.644244850 -0.349863976 0.454779357
1403637258938319104.000000 0.737586796 -0.281981170 -0.618110299 -0.500987113 -0.641009986 -0.342743844 0.469728380
1403637259288318976.000000 0.595003247 -0.298477322 -0.603616953 -0.505004227 -0.636635900 -0.343067974 0.471136898
1403637259638319104.000000 0.499676496 -0.317858368 -0.569942653 -0.513097405 -0.627361596 -0.336346388 0.479603708
1403637260138319104.000000 0.469967723 -0.345911294 -0.595707119 -0.507002831 -0.634040236 -0.346572578 0.469924033
1403637260588318976.000000 0.485128015 -0.384371936 -0.685674787 -0.498268485 -0.653552473 -0.356004745 0.444812715
1403637260838319104.000000 0.469146222 -0.401908457 -0.742204010 -0.500100911 -0.650096416 -0.352397531 0.450654805
1403637261288318976.000000 0.414709836 -0.429872155 -0.841406107 -0.504901290 -0.655832529 -0.343627781 0.443709701
1403637261738319104.000000 0.344330549 -0.430951595 -0.869118750 -0.509334862 -0.655713677 -0.338750571 0.442567229
1403637262088318976.000000 0.287163675 -0.395089447 -0.862152338 -0.500993073 -0.639053345 -0.354394913 0.463703603
1403637262538319104.000000 0.273936123 -0.395449430 -0.905523777 -0.526861012 -0.596628547 -0.362912476 0.484506339
1403637262988318976.000000 0.277446389 -0.395362914 -0.910564840 -0.528671622 -0.597976863 -0.364939749 0.479321420
1403637263488318976.000000 0.277510166 -0.394978762 -0.910628438 -0.528532982 -0.598228931 -0.365507573 0.478726864
1403637263988318976.000000 0.277469426 -0.395247906 -0.910083830 -0.528849065 -0.598029315 -0.365076154 0.478956193
1403637264488318976.000000 0.277512819 -0.395620227 -0.910198927 -0.528956711 -0.598040402 -0.364898145 0.478959113
1403637264988318976.000000 0.277812779 -0.395645261 -0.909873962 -0.529220581 -0.598008156 -0.364598572 0.478936136
1403637265488318976.000000 0.277598262 -0.395404518 -0.910197318 0.529175460 0.598022044 0.364568770 -0.478991359
