1403715893384058112.000000 -0.613169551 -2.816276312 -0.529844284 -0.553295970 -0.613569021 -0.388129115 0.408353269
1403715893884058112.000000 -0.633759975 -2.833103657 -0.475870550 -0.546552539 -0.600968719 -0.391144037 0.432577580
1403715896834057984.000000 -1.655138373 -2.919611931 0.201391786 -0.586122215 -0.556955993 -0.341239154 0.479391903
1403715897134057984.000000 -1.473065257 -2.947214127 0.263097227 -0.603092670 -0.548789978 -0.311072171 0.488203764
1403715899984058112.000000 2.712351322 -2.734716415 0.140225798 -0.634022236 -0.540515542 -0.459146678 0.308290780
1403715900134057984.000000 2.840032101 -2.620941162 0.129229456 -0.624960005 -0.545414388 -0.468773127 0.303644329
1403715901584058112.000000 2.854200840 -1.687068224 0.205880448 -0.619798481 -0.480589271 -0.487167418 0.384124547
1403715901984058112.000000 2.672754288 -1.869486213 0.262887090 -0.634448588 -0.494140327 -0.469521552 0.364485651
1403715902184058112.000000 2.569590569 -1.994344354 0.282531917 -0.629274189 -0.497152388 -0.474855155 0.362444758
1403715902334057984.000000 2.484512806 -2.095988750 0.290836960 -0.628969312 -0.507086813 -0.474331528 0.349671572
1403715904984058112.000000 0.701400995 -2.192484379 0.658386409 -0.158577800 -0.783190846 -0.126082584 0.587850630
1403715907834057984.000000 0.804954827 -3.174787283 0.165973797 0.727274597 -0.349825591 0.519425631 0.280875057
1403715908484058112.000000 1.065709114 -3.101545095 0.256938577 0.790322840 -0.130624875 0.591636479 0.091066867
1403715911434057984.000000 -0.229812175 -2.422587156 -0.062468018 -0.287952811 -0.735113025 -0.220331296 0.572840452
1403715913084058112.000000 -0.517587364 -3.658069849 0.197585091 0.116629072 -0.805111170 0.093760274 0.573936224
1403715915034057984.000000 0.590246081 -5.215192795 0.170162320 0.073943734 -0.863653958 0.147597596 0.476286888
1403715915284058112.000000 0.552960992 -5.375624657 0.192366317 0.069585554 -0.852175057 0.135726005 0.500533640
1403715915684058112.000000 0.317481905 -5.528912544 0.148399919 0.124094635 -0.818787634 0.080981851 0.554643333
1403715916184058112.000000 -0.059919223 -5.732008934 -0.004475126 0.120640956 -0.822050869 0.087580837 0.549552381
1403715918934057984.000000 -0.848909080 -5.576773167 -0.513730586 -0.214126468 -0.805400908 -0.137419999 0.535345733
1403715919384058112.000000 -0.688623428 -5.417969704 -0.459570765 -0.170614049 -0.815741956 -0.184401155 0.521010637
1403715919884058112.000000 -0.733559489 -5.346616745 -0.578878224 -0.185254797 -0.800211191 -0.164808780 0.546059370
1403715920134057984.000000 -0.802014709 -5.354532719 -0.658172011 -0.190256968 -0.811403036 -0.152758971 0.531123459
1403715922934057984.000000 -1.568962812 -5.380796909 0.793979943 -0.110547505 -0.799454391 -0.082703941 0.584646940
1403715923234057984.000000 -1.549939394 -5.392829895 0.884548604 -0.106626987 -0.807260692 -0.087006435 0.573925853
1403715923634057984.000000 -1.512986660 -5.437048435 1.040448666 -0.134445384 -0.808667839 -0.044615176 0.570955634
1403715923984058112.000000 -1.466584206 -5.419842243 0.955027640 -0.132970661 -0.790597498 -0.043980408 0.596104026
1403715924184058112.000000 -1.413532376 -5.380613327 0.840712249 -0.121344507 -0.787163794 -0.060300779 0.601674795
1403715924584058112.000000 -1.236544251 -5.289911747 0.605351448 -0.120131560 -0.810339987 -0.067928612 0.569476306
1403715924784058112.000000 -1.139586449 -5.234110832 0.494296461 -0.147655860 -0.808659911 -0.060820110 0.566187084
1403715924984058112.000000 -1.040398479 -5.151859760 0.389751017 -0.187718377 -0.793085754 -0.086028695 0.573040783
1403715925184058112.000000 -0.923662424 -5.049254894 0.313361049 -0.225034565 -0.765466928 -0.140565187 0.586226225
1403715925384058112.000000 -0.777414203 -4.949039459 0.285904676 -0.281590283 -0.751340806 -0.169209003 0.572330415
1403715926184058112.000000 0.030118674 -4.489501476 0.228562176 -0.485676706 -0.639860213 -0.315336764 0.505232513
1403715926334057984.000000 0.216952905 -4.406351566 0.173229620 -0.520748019 -0.601753712 -0.350821257 0.493597418
1403715926484058112.000000 0.417070329 -4.340475082 0.104740649 -0.546040714 -0.565963268 -0.395525515 0.474431008
1403715927684058112.000000 1.759157777 -4.342435837 -0.150576055 -0.672293782 -0.357995361 -0.578499079 0.291889131
1403715930634057984.000000 1.369631886 -5.118944645 -0.164229095 -0.830447495 -0.050166894 -0.545803487 0.099694215
1403715932334057984.000000 2.891808033 -5.171938896 0.137667507 -0.746674180 -0.092621103 -0.655327618 0.066669397
1403715932584058112.000000 3.041782141 -5.130120277 0.203595474 -0.704068959 -0.086642049 -0.700770617 0.075502560
1403715932934057984.000000 2.864592075 -5.128964901 0.310116738 -0.709941804 -0.081952699 -0.695702195 0.072559237
1403715934584058112.000000 2.740347624 -5.050382614 0.905937254 -0.671255827 -0.052857921 -0.737247765 0.055565342
1403715934984058112.000000 2.447860479 -5.066220760 0.939967036 -0.721411228 -0.057812836 -0.686310887 0.072117098
1403715936284058112.000000 1.427238941 -5.172074795 0.649034679 -0.812314451 -0.065185972 -0.578564525 0.034045532
1403715936734057984.000000 1.663274407 -5.057070732 0.596038520 -0.746287704 -0.035658088 -0.662162542 0.057653643
1403715938034057984.000000 1.143260002 -4.923512459 0.137711912 -0.832807004 -0.228039697 -0.483678877 0.143126234
1403715940984058112.000000 1.706839323 -3.391400099 0.596751273 -0.820823133 -0.394788057 -0.369950831 0.183107287
1403715941634057984.000000 2.111632347 -2.618947506 0.895421922 -0.628460407 -0.287353128 -0.641920984 0.332269818
1403715942134057984.000000 1.917655230 -2.827347755 0.790345609 -0.662518442 -0.310042560 -0.607227206 0.310190469
1403715944784058112.000000 1.463745117 -3.627116442 0.023763329 -0.736850381 -0.525561869 -0.324035227 0.275385976
1403715946884058112.000000 1.227267146 -3.009117842 0.692417026 -0.502894104 -0.578872085 -0.426149011 0.480001777
1403715947134057984.000000 1.148262024 -2.899830103 0.758438051 -0.473604828 -0.545719564 -0.457299381 0.518426478
1403715947584058112.000000 1.063865542 -3.163383961 0.751719952 -0.534586608 -0.575447083 -0.402757138 0.469962239
1403715948084058112.000000 1.043053031 -3.619028568 0.487206250 -0.603025079 -0.668392897 -0.281509936 0.332210809
1403715948384058112.000000 1.013903141 -3.546885729 0.358738750 -0.586822271 -0.662362933 -0.300282210 0.356013596
1403715949784058112.000000 0.886474311 -3.097210407 0.038688734 -0.490431011 -0.739223421 -0.250831246 0.387440056
1403715952734057984.000000 -0.282342166 -2.786435843 0.556834877 -0.147557229 -0.688131511 -0.133343503 0.697797596
1403715952884058112.000000 -0.203423977 -2.788294554 0.601557195 -0.136721000 -0.676324069 -0.132263973 0.711617470
1403715953684058112.000000 0.580857635 -2.918758392 0.494951338 -0.116666272 -0.904159367 -0.033965178 0.409549892
1403715954784058112.000000 -0.347974390 -2.929233789 0.410173804 -0.024950650 -0.693805993 -0.036142308 0.718821704
1403715955534057984.000000 0.223174900 -3.337172031 0.360780060 -0.066543110 -0.890230715 -0.003934884 0.450606167
1403715955784058112.000000 0.219286501 -3.413269281 0.387185723 -0.039992169 -0.899246335 0.015333671 0.435340703
1403715955984058112.000000 0.068626978 -3.439258337 0.448315382 0.014465869 -0.836763203 0.028237602 0.546645045
1403715956584058112.000000 -0.201308832 -3.529240370 0.612596095 0.187933967 -0.683826923 0.135048687 0.691970706
1403715956934057984.000000 0.105980769 -3.489856482 0.688790679 0.216754928 -0.737811506 0.167706013 0.616868138
1403715957384058112.000000 0.694751799 -3.369708300 0.644989371 0.223152280 -0.861829877 0.132477567 0.435777515
1403715957584058112.000000 0.842004180 -3.368790150 0.567746460 0.225752890 -0.890169501 0.115435980 0.378561050
1403715958484058112.000000 0.357117504 -3.991318703 0.352237225 -0.269962549 0.649447083 -0.252521127 -0.664508760
1403715958734057984.000000 0.428297549 -4.018908501 0.288045049 0.300700247 -0.645605683 0.303054929 0.633190751
1403715961234057984.000000 1.215125084 -3.403048754 0.360900342 0.569254756 -0.717740238 0.236932844 0.323513329
1403715961484058112.000000 1.293900371 -3.513372898 0.450616837 0.538391948 -0.703916132 0.303804159 0.349770337
1403715961734057984.000000 1.315501332 -3.777146101 0.571708381 0.531544089 -0.612759531 0.400416195 0.426208228
1403715961984058112.000000 1.322153926 -4.012228489 0.640331864 0.524664402 -0.517702758 0.469212502 0.486364990
1403715964784058112.000000 1.012231588 -3.009886503 -0.423035771 0.760096371 -0.303928018 0.545114994 0.180916503
1403715967434057984.000000 1.521264195 -3.108761311 0.403263927 -0.664094031 0.261934727 -0.647534549 -0.266586572
1403715969284058112.000000 0.761438191 -2.422384739 0.108139880 0.835056782 -0.229949176 0.483609557 0.126196131
1403715969534057984.000000 0.588559389 -2.355521917 0.006832208 0.881780505 -0.235611126 0.390072733 0.121629909
1403715971034057984.000000 1.008246899 -1.940098643 -0.020919990 0.862547517 -0.265995651 0.428636342 0.039102405
1403715971334057984.000000 1.062597036 -2.063386440 0.095009051 0.875068843 -0.165068567 0.442776203 0.104671568
1403715973734057984.000000 0.462430507 -2.295222998 0.538059175 -0.854791582 0.001069462 -0.515207112 0.062385760
1403715976384058112.000000 1.085327268 -3.831047773 0.479325980 -0.817661166 -0.065528184 -0.571413398 0.024963405
1403715978184058112.000000 1.502804160 -3.060898542 0.466483980 -0.665597022 -0.460370123 -0.518954396 0.275184304
1403715978434057984.000000 1.410782814 -2.870128393 0.452920437 -0.607037485 -0.531039536 -0.489741266 0.331143498
1403715980334057984.000000 -0.024260290 -2.941995382 0.526262581 0.036858909 -0.781936586 -0.025519293 0.621743798
1403715980634057984.000000 -0.047990166 -3.312061787 0.544993997 0.141474277 -0.766798079 0.093895458 0.619022906
1403715980934057984.000000 0.048997954 -3.666975260 0.548523605 0.254903316 -0.742293060 0.204044953 0.585141897
1403715981234057984.000000 0.234091237 -3.942360401 0.551166534 0.371917367 -0.683208823 0.311479598 0.545787275
1403715981484058112.000000 0.429489881 -4.077563763 0.562077582 0.467599928 -0.614143968 0.401298404 0.493089288
1403715981734057984.000000 0.631480157 -4.099012375 0.582915425 0.553824902 -0.521345794 0.477836400 0.439487189
1403715981984058112.000000 0.818640530 -3.997119188 0.588639319 0.652121186 -0.448758990 0.498800635 0.352918267
1403715982284058112.000000 1.019770861 -3.785335541 0.601967514 0.717623293 -0.350100696 0.535688043 0.274744958
1403715982584058112.000000 1.193748951 -3.507679462 0.616111040 0.761032879 -0.244650081 0.567283094 0.197902188
1403715982884058112.000000 1.323333383 -3.168830156 0.623971760 0.790492535 -0.123110846 0.590568125 0.105804712
1403715983184058112.000000 1.386379838 -2.794788122 0.628771484 0.800167024 -0.002118882 0.599672318 0.011017871
1403715983484058112.000000 1.378369212 -2.413248062 0.631629944 -0.783803463 -0.126964241 -0.600457907 0.094777070
1403715983784058112.000000 1.281326652 -2.072811842 0.642950773 -0.730316877 -0.237516731 -0.602227092 0.218049750
1403715984084058112.000000 1.078390837 -1.857505918 0.656675696 -0.688642085 -0.336001396 -0.563750982 0.308318228
1403715984234057984.000000 0.949666560 -1.810295343 0.664768457 -0.673779011 -0.381304592 -0.532229424 0.342579156
1403715984434057984.000000 0.769601822 -1.806238055 0.682597816 -0.641179204 -0.435995847 -0.501805544 0.383390337
1403715984584058112.000000 0.634466887 -1.844913483 0.696237564 -0.616935313 -0.484361440 -0.473519295 0.400704801
1403715984734057984.000000 0.499774486 -1.909624100 0.706430078 -0.590950727 -0.538698792 -0.435770035 0.413140744
1403715984834057984.000000 0.410384059 -1.961086869 0.712005436 -0.569250762 -0.564874887 -0.407466203 0.436853766
1403715984934057984.000000 0.325509280 -2.017510176 0.718121827 -0.543748975 -0.588308454 -0.382995516 0.459940016
1403715986184058112.000000 -0.425895721 -2.990225077 0.630609870 -0.576029956 -0.603746951 -0.335108012 0.437472135
1403715986484058112.000000 -0.525371552 -3.113444805 0.491710544 -0.554554880 -0.603133500 -0.369298518 0.438540310
1403715986734057984.000000 -0.585062444 -3.199016094 0.356238693 -0.567001820 -0.632068336 -0.343754470 0.401037931
1403715987234057984.000000 -0.696477771 -3.202102900 0.142849952 -0.574207902 -0.569806933 -0.376883388 0.451180965
1403715987534057984.000000 -0.700787902 -3.206744194 0.034041926 -0.583040118 -0.561414361 -0.403118610 0.427052081
1403715987784058112.000000 -0.683304429 -3.233766317 -0.043112427 -0.583355784 -0.574875534 -0.403501958 0.407922000
1403715988034057984.000000 -0.669308662 -3.255510092 -0.115722612 -0.589803278 -0.593455791 -0.385151386 0.389359444
1403715988284058112.000000 -0.661945403 -3.246136189 -0.165104270 -0.572695613 -0.587046802 -0.401246876 0.407917678
1403715988784058112.000000 -0.662876487 -3.244461775 -0.229399949 -0.585574150 -0.568477511 -0.381818414 0.433763713
1403715989034057984.000000 -0.632030964 -3.258999586 -0.241669104 -0.586005747 -0.581268966 -0.385558873 0.412393063
1403715989284058112.000000 -0.588705242 -3.262218714 -0.243789583 -0.585818589 -0.582091093 -0.390332341 0.406973183
1403715989784058112.000000 -0.497325122 -3.228873730 -0.245372400 -0.576142967 -0.575935245 -0.406542152 0.413619816
1403715990234057984.000000 -0.436667830 -3.208502531 -0.286751568 -0.568658650 -0.584058881 -0.410099030 0.409049481
1403715990634057984.000000 -0.433348686 -3.214196920 -0.380468577 -0.568410039 -0.592086196 -0.406663269 0.401209444
1403715991084058112.000000 -0.511854053 -3.194130182 -0.505840778 -0.568510830 -0.597595870 -0.403827429 0.395724654
1403715991184058112.000000 -0.531113029 -3.186899900 -0.507453203 -0.566415966 -0.592904747 -0.406777114 0.402702570
1403715991634057984.000000 -0.531656504 -3.188048601 -0.509901226 -0.567738473 -0.589316785 -0.404944837 0.407919705
1403715991984058112.000000 -0.531848371 -3.188537836 -0.511774540 -0.567639589 -0.589129508 -0.405053198 0.408220261
1403715992484058112.000000 -0.532214761 -3.188834190 -0.511320412 -0.567975283 -0.588993311 -0.404716909 0.408283263
1403715992984058112.000000 -0.532273889 -3.189481020 -0.510910988 -0.568201542 -0.588851631 -0.404501468 0.408386379
1403715993184058112.000000 -0.532225013 -3.189532757 -0.510813653 -0.568252206 -0.588892281 -0.404385656 0.408371806
1403715993684058112.000000 -0.531907916 -3.188845634 -0.510669231 -0.568537772 -0.588807762 -0.403976977 0.408500731
