#LBA time[ms],KF opt[#],KF fixed[#],MP[#],Edges[#]
0.008546,3,1,0,795
0.003284,4,1,0,1124
0.195596,5,1,0,1325
0.474371,6,1,0,1661
0.844907,7,1,0,1893
0.742580,8,1,0,1931
0.985492,9,1,0,2202
0.829533,10,1,0,2603
0.814966,0,0,0,0
48.037704,0,0,0,0
0.953798,0,0,0,0
1.316655,0,0,0,0
1.323366,0,0,0,0
1.391814,0,0,0,0
1.330780,0,0,0,0
1.559055,0,0,0,0
2.207405,0,0,0,0
1.641288,0,0,0,0
2.155199,0,0,0,0
2.545842,0,0,0,0
2.283615,0,0,0,0
3.114244,0,0,0,0
2.738543,0,0,0,0
3.236499,0,0,0,0
3.591272,0,0,0,0
3.108284,0,0,0,0
3.178054,0,0,0,0
3.564977,0,0,0,0
3.499719,0,0,0,0
4.468471,0,0,0,0
3.336654,0,0,0,0
3.995158,0,0,0,0
4.457761,0,0,0,0
3.019865,0,0,0,0
4.447420,0,0,0,0
4.415907,0,0,0,0
2.885294,0,0,0,0
3.958512,0,0,0,0
4.435426,0,0,0,0
2.998926,0,0,0,0
4.532259,0,0,0,0
4.527501,0,0,0,0
4.026518,0,0,0,0
4.981866,0,0,0,0
2.647555,0,0,0,0
3.705376,0,0,0,0
3.395992,0,0,0,0
3.904305,0,0,0,0
4.484724,0,0,0,0
4.391308,0,0,0,0
4.639283,0,0,0,0
4.787822,0,0,0,0
2.172024,0,0,0,0
4.316084,0,0,0,0
2.761368,0,0,0,0
2.819931,0,0,0,0
3.455087,0,0,0,0
4.420326,0,0,0,0
2.702340,0,0,0,0
4.031190,0,0,0,0
3.538736,0,0,0,0
3.102972,0,0,0,0
2.693197,0,0,0,0
4.720694,0,0,0,0
3.001973,0,0,0,0
3.220945,0,0,0,0
4.535558,0,0,0,0
2.693133,0,0,0,0
3.641802,0,0,0,0
3.926395,0,0,0,0
4.786677,0,0,0,0
4.415397,0,0,0,0
5.733597,0,0,0,0
2.873935,0,0,0,0
7.050775,0,0,0,0
3.325274,0,0,0,0
5.463128,0,0,0,0
5.057519,0,0,0,0
4.916940,0,0,0,0
3.449326,0,0,0,0
3.450773,0,0,0,0
4.484935,0,0,0,0
4.346782,0,0,0,0
4.348877,0,0,0,0
4.682085,0,0,0,0
2.664818,0,0,0,0
3.462236,0,0,0,0
5.136778,0,0,0,0
2.481208,0,0,0,0
3.368469,0,0,0,0
3.859665,0,0,0,0
3.626561,0,0,0,0
5.244329,0,0,0,0
1.782712,0,0,0,0
2.562379,0,0,0,0
3.664294,0,0,0,0
3.319633,0,0,0,0
2.402943,0,0,0,0
4.298457,0,0,0,0
3.318934,0,0,0,0
3.393947,0,0,0,0
4.591683,0,0,0,0
4.118135,0,0,0,0
3.096567,0,0,0,0
4.785763,0,0,0,0
4.799884,0,0,0,0
4.581904,0,0,0,0
3.569793,0,0,0,0
4.024340,0,0,0,0
5.652372,0,0,0,0
4.178465,0,0,0,0
5.232510,0,0,0,0
4.024559,0,0,0,0
2.563099,0,0,0,0
4.263770,0,0,0,0
2.914755,0,0,0,0
3.440918,0,0,0,0
4.869631,0,0,0,0
4.518240,0,0,0,0
4.047715,0,0,0,0
3.398756,0,0,0,0
4.225154,0,0,0,0
3.410054,0,0,0,0
5.319327,0,0,0,0
4.352371,0,0,0,0
3.847258,0,0,0,0
3.646042,0,0,0,0
6.887353,0,0,0,0
3.752501,0,0,0,0
3.053026,0,0,0,0
4.823097,0,0,0,0
3.922414,0,0,0,0
5.129862,0,0,0,0
5.327172,0,0,0,0
5.001857,0,0,0,0
4.517569,0,0,0,0
3.985588,0,0,0,0
3.469844,0,0,0,0
3.303360,0,0,0,0
5.452541,0,0,0,0
4.427536,0,0,0,0
5.456264,0,0,0,0
6.286697,0,0,0,0
4.366485,0,0,0,0
5.233425,0,0,0,0
6.403713,0,0,0,0
5.679922,0,0,0,0
6.925778,0,0,0,0
7.837981,0,0,0,0
8.589397,0,0,0,0
7.678849,0,0,0,0
8.853356,0,0,0,0
7.581122,0,0,0,0
8.114952,0,0,0,0
7.288640,0,0,0,0
8.244573,0,0,0,0
7.448779,0,0,0,0
8.722100,0,0,0,0
10.738647,0,0,0,0
7.487274,0,0,0,0
5.877467,0,0,0,0
9.736714,0,0,0,0
9.206798,0,0,0,0
7.909992,0,0,0,0
6.268747,0,0,0,0
9.572090,0,0,0,0
6.627191,0,0,0,0
6.902202,0,0,0,0
10.607672,0,0,0,0
7.949997,0,0,0,0
7.651871,0,0,0,0
8.607451,0,0,0,0
7.265183,0,0,0,0
9.709101,0,0,0,0
5.969193,0,0,0,0
7.122605,0,0,0,0
7.037756,0,0,0,0
6.786843,0,0,0,0
6.991285,0,0,0,0
5.400054,0,0,0,0
6.894060,0,0,0,0
9.037480,0,0,0,0
6.545665,0,0,0,0
8.241239,0,0,0,0
7.744313,0,0,0,0
6.992679,0,0,0,0
7.841990,0,0,0,0
6.790015,0,0,0,0
9.528610,0,0,0,0
8.888717,0,0,0,0
7.627588,0,0,0,0
7.117054,0,0,0,0
7.636838,0,0,0,0
7.439185,0,0,0,0
10.438184,0,0,0,0
6.211653,0,0,0,0
8.017691,0,0,0,0
6.276294,0,0,0,0
9.135942,0,0,0,0
6.813498,0,0,0,0
6.856141,0,0,0,0
8.404301,0,0,0,0
9.171998,0,0,0,0
6.419848,0,0,0,0
7.046132,0,0,0,0
8.917984,0,0,0,0
7.088387,0,0,0,0
7.803668,0,0,0,0
8.851413,0,0,0,0
8.498035,0,0,0,0
8.524977,0,0,0,0
10.308539,0,0,0,0
11.302217,0,0,0,0
11.645978,0,0,0,0
7.618755,0,0,0,0
7.865051,0,0,0,0
9.135275,0,0,0,0
8.673502,0,0,0,0
7.882138,0,0,0,0
10.546466,0,0,0,0
8.540634,0,0,0,0
10.357342,0,0,0,0
12.273462,0,0,0,0
8.697431,0,0,0,0
8.411507,0,0,0,0
10.797220,0,0,0,0
10.103554,0,0,0,0
10.949628,0,0,0,0
10.058543,0,0,0,0
9.882074,0,0,0,0
7.745227,0,0,0,0
11.584897,0,0,0,0
11.566160,0,0,0,0
11.181129,0,0,0,0
10.669849,0,0,0,0
9.275738,0,0,0,0
10.932826,0,0,0,0
11.204062,0,0,0,0
12.432853,0,0,0,0
12.918728,0,0,0,0
10.958481,0,0,0,0
9.766247,0,0,0,0
9.207633,0,0,0,0
9.321527,0,0,0,0
10.659364,0,0,0,0
9.837529,0,0,0,0
10.298213,0,0,0,0
9.630639,0,0,0,0
7.322166,0,0,0,0
12.195811,0,0,0,0
9.272658,0,0,0,0
8.390911,0,0,0,0
9.188682,0,0,0,0
10.434491,0,0,0,0
8.229939,0,0,0,0
11.856290,0,0,0,0
9.443672,0,0,0,0
11.774086,0,0,0,0
11.888059,0,0,0,0
11.879924,0,0,0,0
9.287955,0,0,0,0
9.335999,0,0,0,0
9.819685,0,0,0,0
9.872912,0,0,0,0
9.092618,0,0,0,0
9.295594,0,0,0,0
9.755262,0,0,0,0
9.982352,0,0,0,0
8.425086,0,0,0,0
9.168084,0,0,0,0
8.438533,0,0,0,0
7.871375,0,0,0,0
8.267490,0,0,0,0
9.441004,0,0,0,0
9.011632,0,0,0,0
9.535198,0,0,0,0
6.672580,0,0,0,0
13.170525,0,0,0,0
5.736805,0,0,0,0
5.458528,0,0,0,0
8.167162,0,0,0,0
6.283767,0,0,0,0
7.793058,0,0,0,0
7.912404,0,0,0,0
8.915067,0,0,0,0
8.088513,0,0,0,0
5.667389,0,0,0,0
5.083615,0,0,0,0
6.670942,0,0,0,0
9.307399,0,0,0,0
5.962670,0,0,0,0
7.129072,0,0,0,0
7.850574,0,0,0,0
8.398017,0,0,0,0
7.622583,0,0,0,0
5.743690,0,0,0,0
5.907814,0,0,0,0
5.816020,0,0,0,0
7.795678,0,0,0,0
7.906074,0,0,0,0
6.132133,0,0,0,0
6.000334,0,0,0,0
10.361667,0,0,0,0
6.484731,0,0,0,0
7.963853,0,0,0,0
10.642321,0,0,0,0
8.161234,0,0,0,0
7.936257,0,0,0,0
8.091135,0,0,0,0
8.012883,0,0,0,0
11.149442,0,0,0,0
7.117885,0,0,0,0
8.462106,0,0,0,0
9.054096,0,0,0,0
6.993346,0,0,0,0
6.980905,0,0,0,0
9.388058,0,0,0,0
9.146663,0,0,0,0
9.514983,0,0,0,0
8.736407,0,0,0,0
12.928816,0,0,0,0
12.122675,0,0,0,0
9.086687,0,0,0,0
9.457147,0,0,0,0
8.619181,0,0,0,0
8.136479,0,0,0,0
8.309210,0,0,0,0
11.239727,0,0,0,0
6.276748,0,0,0,0
11.062789,0,0,0,0
9.198505,0,0,0,0
11.901799,0,0,0,0
7.054829,0,0,0,0
11.070301,0,0,0,0
8.826385,0,0,0,0
8.914464,0,0,0,0
8.240416,0,0,0,0
7.668483,0,0,0,0
11.985648,0,0,0,0
10.436342,0,0,0,0
10.203610,0,0,0,0
8.788218,0,0,0,0
10.527356,0,0,0,0
15.650790,0,0,0,0
10.518563,0,0,0,0
12.624358,0,0,0,0
10.714636,0,0,0,0
10.549637,0,0,0,0
8.001834,0,0,0,0
8.666371,0,0,0,0
10.090599,0,0,0,0
8.809952,0,0,0,0
10.653184,0,0,0,0
12.153541,0,0,0,0
8.956588,0,0,0,0
10.500134,0,0,0,0
9.002726,0,0,0,0
9.672172,0,0,0,0
8.996605,0,0,0,0
11.012167,0,0,0,0
9.643959,0,0,0,0
10.629328,0,0,0,0
9.252349,0,0,0,0
12.274130,0,0,0,0
8.877391,0,0,0,0
10.556133,0,0,0,0
9.113429,0,0,0,0
8.500418,0,0,0,0
9.071904,0,0,0,0
10.790440,0,0,0,0
10.671997,0,0,0,0
9.788392,0,0,0,0
11.523014,0,0,0,0
10.933063,0,0,0,0
12.012605,0,0,0,0
11.969705,0,0,0,0
11.234078,0,0,0,0
11.283313,0,0,0,0
12.795006,0,0,0,0
9.147877,0,0,0,0
10.813232,0,0,0,0
13.970396,0,0,0,0
10.515485,0,0,0,0
11.979251,0,0,0,0
12.677144,0,0,0,0
18.786521,0,0,0,0
22.440195,0,0,0,0
20.509306,0,0,0,0
15.824171,0,0,0,0
14.374283,0,0,0,0
14.037231,0,0,0,0
13.619088,0,0,0,0
14.287229,0,0,0,0
12.456927,0,0,0,0
21.256899,0,0,0,0
19.732527,0,0,0,0
18.157232,0,0,0,0
15.312546,0,0,0,0
15.265240,0,0,0,0
14.177884,0,0,0,0
15.834249,0,0,0,0
15.896853,0,0,0,0
16.700464,0,0,0,0
16.985964,0,0,0,0
14.071073,0,0,0,0
15.982727,0,0,0,0
17.589918,0,0,0,0
15.631205,0,0,0,0
19.613717,0,0,0,0
20.773914,0,0,0,0
18.042555,0,0,0,0
13.726263,0,0,0,0
20.981622,0,0,0,0
19.568054,0,0,0,0
18.313524,0,0,0,0
18.286728,0,0,0,0
13.961015,0,0,0,0
15.342485,0,0,0,0
19.245646,0,0,0,0
13.095866,0,0,0,0
13.253096,0,0,0,0
19.267142,0,0,0,0
17.975830,0,0,0,0
21.335295,0,0,0,0
20.055280,0,0,0,0
17.587727,0,0,0,0
17.621990,0,0,0,0
19.193839,0,0,0,0
24.604997,0,0,0,0
18.931209,0,0,0,0
21.308500,0,0,0,0
21.871389,0,0,0,0
25.552175,0,0,0,0
23.571508,0,0,0,0
24.834400,0,0,0,0
20.491420,0,0,0,0
20.888899,0,0,0,0
20.615755,0,0,0,0
22.825680,0,0,0,0
21.046691,0,0,0,0
20.546279,0,0,0,0
21.768536,0,0,0,0
22.555612,0,0,0,0
19.321761,0,0,0,0
22.825113,0,0,0,0
22.172214,0,0,0,0
20.778537,0,0,0,0
22.140070,0,0,0,0
17.673544,0,0,0,0
21.648872,0,0,0,0
22.440830,0,0,0,0
24.944177,0,0,0,0
19.976616,0,0,0,0
22.696123,0,0,0,0
23.040120,0,0,0,0
18.588258,0,0,0,0
25.300091,0,0,0,0
23.159636,0,0,0,0
22.465902,0,0,0,0
23.610871,0,0,0,0
23.765002,0,0,0,0
20.856998,0,0,0,0
22.947199,0,0,0,0
22.836778,0,0,0,0
16.646750,0,0,0,0
20.417113,0,0,0,0
17.881179,0,0,0,0
19.336748,0,0,0,0
21.193194,0,0,0,0
20.363357,0,0,0,0
17.178237,0,0,0,0
15.061487,0,29318,1056172246,1080143308
15.632390,14,0,-1572692560,1121226982
