#LBA time[ms],KF opt[#],KF fixed[#],MP[#],Edges[#]
0.014496,3,1,0,397
0.004736,4,1,0,542
0.212162,5,1,0,672
0.331813,6,1,0,1141
0.426438,7,1,0,1830
0.660040,8,1,0,2342
1.116014,9,1,0,2678
0.901195,10,1,0,3019
0.845163,0,0,0,0
73.877620,0,0,0,0
2.152283,0,0,0,0
1.044013,0,0,0,0
1.282864,0,0,0,0
1.652149,0,0,0,0
1.242767,0,0,0,0
1.757910,0,0,0,0
1.975673,0,0,0,0
2.247452,0,0,0,0
2.087738,0,0,0,0
2.524096,0,0,0,0
2.671553,0,0,0,0
4.028018,0,0,0,0
4.107219,0,0,0,0
4.165364,0,0,0,0
4.211412,0,0,0,0
4.332758,0,0,0,0
4.013266,0,0,0,0
4.155604,0,0,0,0
4.211444,0,0,0,0
3.855023,0,0,0,0
4.505015,0,0,0,0
3.360362,0,0,0,0
3.583692,0,0,0,0
4.767963,0,0,0,0
5.507972,0,0,0,0
4.332053,0,0,0,0
5.883017,0,0,0,0
4.675610,0,0,0,0
7.159225,0,0,0,0
4.459351,0,0,0,0
7.547613,0,0,0,0
4.282869,0,0,0,0
7.197498,3,1,0,467
5.984266,4,1,0,590
0.005120,5,1,0,742
0.005632,6,1,0,863
0.368997,7,1,0,976
0.575496,8,1,0,1064
0.722985,9,1,0,1195
0.803210,10,1,0,1317
0.867051,0,0,0,0
0.983148,3,1,0,488
1.085901,4,1,0,633
42.209899,5,1,0,775
1.253104,6,1,0,908
0.005888,7,1,0,1023
0.004288,8,1,0,1127
0.475942,9,1,0,1260
0.617415,10,1,0,1386
0.788553,0,0,0,0
0.896363,3,1,0,684
0.869675,4,1,0,1076
0.911052,5,1,0,1415
1.024077,6,1,0,2116
50.571860,7,1,0,2719
1.447346,8,1,0,3215
0.005280,9,1,0,3837
0.004929,10,1,0,4522
0.329668,0,0,0,0
0.957740,0,0,0,0
0.914731,0,0,0,0
1.273456,0,0,0,0
1.510163,0,0,0,0
1.600116,0,0,0,0
1.641076,0,0,0,0
112.946873,0,0,0,0
1.599252,0,0,0,0
1.708342,0,0,0,0
2.025369,0,0,0,0
2.227292,0,0,0,0
2.373566,0,0,0,0
2.617857,0,0,0,0
2.843491,0,0,0,0
3.312105,0,0,0,0
2.986693,0,0,0,0
3.614029,0,0,0,0
3.941745,0,0,0,0
5.295937,0,0,0,0
5.244545,0,0,0,0
5.237825,0,0,0,0
6.053483,0,0,0,0
5.368610,0,0,0,0
5.199872,0,0,0,0
5.618790,0,0,0,0
5.131775,0,0,0,0
4.175988,0,0,0,0
4.776763,0,0,0,0
4.549752,0,0,0,0
5.748487,0,0,0,0
4.737595,0,0,0,0
4.415702,0,0,0,0
4.072082,0,0,0,0
3.431723,0,0,0,0
3.274793,0,0,0,0
3.896912,0,0,0,0
3.653166,0,0,0,0
3.615309,0,0,0,0
3.531755,0,0,0,0
4.984317,0,0,0,0
5.542789,0,0,0,0
8.476297,0,0,0,0
7.233273,0,0,0,0
4.028050,0,0,0,0
4.179476,0,0,0,0
3.119206,0,0,0,0
4.096691,0,0,0,0
5.393251,0,0,0,0
4.432631,0,0,0,0
4.371798,0,0,0,0
6.452208,0,0,0,0
4.472951,0,0,0,0
6.351695,0,0,0,0
5.922505,0,0,0,0
4.773147,0,0,0,0
6.437648,0,0,0,0
8.011748,0,0,0,0
4.879580,0,0,0,0
6.412464,0,0,0,0
7.263546,0,0,0,0
6.436784,0,0,0,0
7.426812,0,0,0,0
6.582834,0,0,0,0
5.222400,0,0,0,0
6.674611,0,0,0,0
5.759911,0,0,0,0
7.411132,0,0,0,0
5.820680,0,0,0,0
5.198624,0,0,0,0
7.398172,0,0,0,0
6.020331,0,0,0,0
6.957430,0,0,0,0
8.269286,0,0,0,0
10.844742,0,0,0,0
11.670033,0,0,0,0
9.154770,0,0,0,0
7.164409,0,0,0,0
9.640023,0,0,0,0
8.486441,0,0,0,0
7.866146,0,0,0,0
9.234803,0,0,0,0
8.122757,0,0,0,0
9.807961,0,0,0,0
9.567287,0,0,0,0
9.407317,0,0,0,0
11.548688,0,0,0,0
7.392732,0,0,0,0
14.296817,0,0,0,0
11.901299,0,0,0,0
11.980916,0,0,0,0
12.924161,0,0,0,0
16.380011,0,0,0,0
12.041302,0,0,0,0
12.426458,0,0,0,0
12.752382,0,0,0,0
8.136197,0,0,0,0
12.728062,0,0,0,0
7.515198,0,0,0,0
7.675071,0,0,0,0
8.776077,0,0,0,0
10.900200,0,0,0,0
9.575895,0,0,0,0
10.209279,0,0,0,0
12.495451,0,0,0,0
10.247456,0,0,0,0
10.889223,0,0,0,0
9.976411,0,0,0,0
11.576336,0,0,0,0
8.204102,0,0,0,0
7.462557,0,0,0,0
9.210066,0,0,0,0
9.564375,0,0,0,0
7.239610,0,0,0,0
5.190625,0,0,0,0
9.886907,0,0,0,0
9.628855,0,0,0,0
8.442313,0,0,0,0
5.274849,0,0,0,0
5.253217,0,0,0,0
9.692184,0,0,0,0
9.615256,0,0,0,0
7.730496,0,0,0,0
9.613175,0,0,0,0
9.537430,0,0,0,0
8.593803,0,0,0,0
8.508042,0,0,0,0
8.194374,0,0,0,0
9.392948,0,0,0,0
9.783929,0,0,0,0
6.903701,0,0,0,0
9.133297,0,0,0,0
10.638276,0,0,0,0
10.250239,0,0,0,0
4.922141,0,0,0,0
7.531518,0,0,0,0
5.682855,0,0,0,0
7.152249,0,0,0,0
10.540515,0,0,0,0
5.567845,0,0,0,0
9.101489,0,0,0,0
6.430512,0,0,0,0
7.096249,0,0,0,0
9.475765,0,0,0,0
10.283615,0,0,0,0
6.007370,0,0,0,0
5.797480,0,0,0,0
7.286298,0,0,0,0
3.101735,0,0,0,0
8.800685,0,0,0,0
5.715175,0,0,0,0
8.336391,0,0,0,0
7.620222,0,0,0,0
5.331426,0,0,0,0
5.121888,0,0,0,0
7.793953,0,0,0,0
5.339555,0,0,0,0
4.613785,0,0,0,0
5.779463,0,0,0,0
6.232717,0,0,0,0
4.881372,0,0,0,0
8.054212,0,0,0,0
8.182278,0,0,0,0
5.145376,0,0,0,0
6.268398,0,0,0,0
7.862466,0,0,0,0
6.844277,0,0,0,0
5.462980,0,0,0,0
6.524785,0,0,0,0
8.894927,0,0,0,0
12.789470,0,0,0,0
6.000362,0,0,0,0
9.212018,0,0,0,0
9.773466,0,0,0,0
7.928643,0,0,0,0
6.228525,0,0,0,0
6.693972,0,0,0,0
5.489316,0,0,0,0
12.742814,0,0,0,0
6.390287,0,0,0,0
10.709029,0,0,0,0
6.892245,0,0,0,0
8.487593,0,0,0,0
7.756544,0,0,0,0
7.715328,0,0,0,0
9.626807,0,0,0,0
9.236467,0,0,0,0
6.861813,0,0,0,0
7.755360,0,0,0,0
9.295731,0,0,0,0
9.644728,0,0,0,0
7.198074,0,0,0,0
9.224082,0,0,0,0
7.602655,0,0,0,0
8.906542,0,0,0,0
7.662720,0,0,0,0
10.505315,0,0,0,0
10.732965,0,0,0,0
11.402861,0,0,0,0
10.664164,0,0,0,0
11.258412,0,0,0,0
15.232733,0,0,0,0
8.375848,0,0,0,0
10.203806,0,0,0,0
9.534103,0,0,0,0
13.598601,0,0,0,0
9.026352,0,0,0,0
16.865490,0,0,0,0
12.674173,0,0,0,0
13.355846,0,0,0,0
14.179248,0,0,0,0
13.229732,0,0,0,0
16.554509,0,0,0,0
11.887636,0,0,0,0
17.513561,0,0,0,0
13.146083,0,0,0,0
11.936340,0,0,0,0
14.358931,0,0,0,0
14.840856,0,0,0,0
11.597072,0,0,0,0
16.184905,0,0,0,0
18.424453,0,0,0,0
14.575989,0,0,0,0
11.144491,0,0,0,0
14.628278,0,0,0,0
17.968351,0,0,0,0
14.488884,0,0,0,0
16.066727,0,0,0,0
18.729256,0,0,0,0
15.399487,0,0,0,0
15.936998,0,0,0,0
16.573614,0,0,0,0
16.471468,0,0,0,0
16.493708,0,0,0,0
12.448954,0,0,0,0
13.473224,0,0,0,0
20.471710,0,0,0,0
18.368196,0,0,0,0
19.452178,0,0,0,0
21.144454,0,0,0,0
21.202247,0,0,0,0
13.883789,0,0,0,0
15.879813,0,0,0,0
21.574444,0,0,0,0
21.671149,0,0,0,0
19.940664,0,0,0,0
19.012556,0,0,0,0
19.193007,0,0,0,0
16.645327,0,0,0,0
14.463092,0,0,0,0
16.560397,0,0,0,0
19.386097,0,0,0,0
17.346488,0,0,0,0
16.611566,0,0,0,0
16.179145,0,0,0,0
17.897855,0,0,0,0
19.039245,0,0,0,0
18.044896,0,0,0,0
19.356561,0,0,0,0
15.079867,0,0,0,0
17.857054,0,0,0,0
17.931423,0,0,0,0
13.079235,0,0,0,0
15.258654,0,0,0,0
13.739755,0,0,0,0
18.671496,0,0,0,0
16.029287,0,0,0,0
14.220017,0,0,0,0
17.199733,0,0,0,0
15.267454,0,0,0,0
10.524418,0,0,0,0
10.976616,0,0,0,0
19.612276,0,0,0,0
14.032686,0,0,0,0
12.133879,0,0,0,0
12.863648,0,0,0,0
14.182128,0,0,0,0
20.737569,0,0,0,0
20.752162,0,0,0,0
23.779463,0,0,0,0
16.685455,0,0,0,0
22.951965,0,0,0,0
29.009224,0,0,0,0
22.893597,0,0,0,0
20.346557,0,0,0,0
23.999018,0,0,0,0
22.600921,0,0,0,0
21.680974,0,0,0,0
17.185846,0,0,0,0
20.060857,0,0,0,0
22.770779,0,0,0,0
22.369525,0,0,0,0
25.692063,0,0,0,0
22.389526,0,0,0,0
22.329494,0,0,0,0
18.305251,0,0,0,0
18.270435,0,0,0,0
21.028742,0,0,0,0
24.345967,0,0,0,0
18.511558,0,0,0,0
17.059540,0,0,0,0
19.657844,0,0,0,0
24.298957,0,0,0,0
25.096055,0,0,0,0
25.172153,0,0,0,0
24.710803,0,0,0,0
24.897813,0,0,0,0
22.758875,0,0,0,0
26.249190,0,0,0,0
26.734028,0,0,0,0
23.738855,0,0,0,0
24.134444,0,0,0,0
25.204506,0,0,0,0
32.554132,0,0,0,0
35.639995,0,0,0,0
26.330375,0,0,0,0
29.789522,0,0,0,0
27.123537,0,0,0,0
29.010473,0,0,0,0
31.018850,0,0,0,0
25.596094,0,0,0,0
31.325413,0,0,0,0
29.360749,0,0,0,0
29.478670,0,0,0,0
29.479023,0,0,0,0
26.478217,0,-1056723613,1085723409,1080190911
23.245024,1318927856,-1975411699,-1560141584,1945860703
22.265045,65535,-1057943630,1098977710,1080166353
20.819970,5,1739961876,-607470625,901049779
23.920746,0,1084221685,1092885633,1080168738
24.350286,1318927600,-37464218,-432683615,-1436511942
19.466642,65535,1088539598,-1050317651,1080204825
24.712115,6,195141586,192,-213030378
