1413393889605760512.000000 -0.659926713 -0.128591508 0.778895795 -0.556971431 -0.602065384 -0.378699630 0.428820252
1413393892405760512.000000 -1.210695744 -1.059336305 1.202315569 -0.559753001 -0.603401780 -0.389618397 0.413256019
1413393895155760384.000000 -1.750056028 0.143295407 1.209891915 -0.553929090 -0.586747348 -0.391934931 0.441901654
1413393895505760512.000000 -1.674892902 0.566891134 1.161967516 -0.551794469 -0.585115731 -0.396641582 0.442535877
1413393895705760512.000000 -1.623487115 0.779615581 1.116103053 -0.564004719 -0.571528435 -0.409120083 0.433445215
1413393897655760384.000000 -0.991940856 1.424463630 1.180333376 -0.792099059 -0.204215169 -0.565088809 0.107471146
1413393900605760512.000000 -1.122912049 1.918456078 1.548533678 -0.801309049 -0.101690754 -0.588912129 0.027299933
1413393901655760384.000000 -1.290509820 1.373736501 1.292056203 -0.873221636 -0.108509198 -0.474783838 0.017026965
1413393904355760384.000000 0.623363972 2.434501410 1.505609632 0.804508030 -0.110990606 0.583239734 0.016716620
1413393907105760512.000000 1.673084378 1.432468891 1.180554271 0.596207857 -0.523227096 0.480802923 0.373628527
1413393910055760384.000000 1.672181964 2.206193447 0.635669470 0.624232173 -0.582544565 0.363514006 0.372603834
1413393910305760512.000000 1.732367635 2.205919504 0.576809943 0.621000171 -0.599761844 0.352561653 0.361032993
1413393910605760512.000000 1.827383280 2.032708406 0.601582289 0.612575352 -0.625652373 0.358908623 0.323257297
1413393910855760384.000000 1.882632732 1.752690554 0.585506082 0.607389629 -0.601162136 0.394308716 0.337938845
1413393913405760512.000000 1.737191081 -1.573670149 0.918227971 0.468066305 -0.644210935 0.427540034 0.427920163
1413393913655760384.000000 1.552087784 -1.823265314 0.888075352 0.386674076 -0.684405386 0.394306719 0.476019681
1413393914255760384.000000 0.950425327 -1.983067870 0.968527734 0.242616236 -0.749294341 0.213012844 0.578204930
1413393914455760384.000000 0.782984614 -1.930884123 1.015663743 0.192624658 -0.781855881 0.152439162 0.573026657
1413393914705760512.000000 0.597995877 -1.857443810 1.085695505 0.113439918 -0.802630723 0.119942620 0.573174596
1413393917555760384.000000 -1.274649858 -2.005610704 1.634633660 -0.364392519 -0.745463669 -0.179488033 0.528475225
1413393918105760512.000000 -1.311943531 -1.927815080 1.606461883 -0.547597706 -0.610930085 -0.342957795 0.457472563
1413393918455760384.000000 -1.246356606 -1.826951861 1.610015869 -0.654513597 -0.510949075 -0.393626839 0.394462764
1413393919755760384.000000 -0.349733800 -1.904685020 1.639904976 0.767756343 -0.053474862 0.634065509 -0.075176656
1413393922405760512.000000 -0.915306330 -3.198964834 0.313861638 -0.849139273 0.001512795 -0.527886868 -0.017191922
1413393922705760512.000000 -0.813620687 -3.155333519 0.183242932 0.834901214 -0.036802251 0.548676252 -0.023236273
1413393922955760384.000000 -0.660815597 -3.158120155 0.102678761 0.841263652 -0.025301760 0.539935410 -0.010248085
1413393923205760512.000000 -0.444368333 -3.184337616 0.094674423 0.852021396 -0.004133086 0.522927701 0.024274113
1413393924505760512.000000 1.325218797 -3.341688395 0.311026335 -0.734950244 -0.381606638 -0.548613012 0.115101583
1413393924705760512.000000 1.523291230 -3.237030506 0.373617351 -0.699040532 -0.408654422 -0.577462137 0.104314171
1413393924905760512.000000 1.602578521 -3.033071995 0.483362854 -0.698973775 -0.391361356 -0.586210370 0.120952390
1413393925905760512.000000 1.524680614 -1.449950814 1.313840985 -0.722205400 -0.391354024 -0.490644187 0.290740103
1413393927905760512.000000 2.059309006 0.635277629 1.709488630 -0.561089337 -0.578428090 -0.483161867 0.342278242
1413393928305760512.000000 1.950293899 1.013762474 1.889905572 -0.558256447 -0.573665977 -0.481833428 0.356502116
1413393928705760512.000000 1.649000406 1.309452772 1.942776084 -0.586223423 -0.516953349 -0.454422712 0.427318752
1413393928955760384.000000 1.460948944 1.415503383 1.967705250 -0.580670238 -0.522421718 -0.480135590 0.399208665
1413393930405760512.000000 0.042259283 1.257307887 2.231994629 -0.790263593 -0.203902811 -0.548400760 0.182108864
1413393933055760384.000000 -0.649494410 -0.353230596 1.188941121 -0.757582068 -0.250266105 -0.581561089 0.158818036
1413393935655760384.000000 -0.791593969 -2.093221903 0.659100890 -0.667471349 -0.516114891 -0.448223710 0.295301557
1413393935955760384.000000 -0.737499177 -2.088767767 0.699156165 -0.597739637 -0.586708009 -0.453455716 0.304727674
1413393936205760512.000000 -0.802880287 -2.009925604 0.739422321 -0.574145496 -0.600983500 -0.381689757 0.404337555
1413393936455760384.000000 -0.886795163 -1.891166568 0.789473772 -0.519877136 -0.643386781 -0.303343028 0.473037243
1413393939305760512.000000 -0.430448651 -2.299580097 1.249866247 0.025325330 -0.789674640 0.018481068 0.612724364
1413393939555760384.000000 -0.268514454 -2.446968079 1.214344144 0.019158332 -0.871784985 0.049400780 0.487014979
1413393939855760384.000000 -0.248238862 -2.587245941 1.142297268 0.019059179 -0.878053844 0.035712458 0.476846695
1413393940105760512.000000 -0.377431571 -2.678847790 1.125391841 0.005593714 -0.747654259 0.039654355 0.662879646
1413393940705760512.000000 -0.190090358 -2.722858429 1.081854463 -0.024814704 -0.879093528 0.061703298 0.471986920
1413393943455760384.000000 -0.711761832 -1.104586959 1.346930742 0.005409017 -0.740365624 0.001643224 0.672180653
1413393945705760512.000000 -0.822694600 -0.733251333 1.481553078 -0.264835119 -0.761797726 -0.186317503 0.561081469
1413393948405760512.000000 -0.610386848 -1.237722635 1.070470214 -0.715565979 -0.290350348 -0.598707736 0.212628871
1413393951155760384.000000 -1.072952390 -2.721912622 1.122714639 -0.816431582 -0.044092890 -0.575755298 -0.001124837
1413393952355760384.000000 -0.524312913 -3.139484882 0.862897933 0.812979400 -0.003333258 0.582261086 0.005039667
1413393954205760512.000000 0.308011591 -3.208179712 0.949245811 -0.813998938 -0.136481464 -0.558625817 0.081949919
1413393954855760384.000000 0.592655778 -3.134984016 1.000443816 -0.813088953 -0.269350350 -0.491700202 0.156741306
1413393955155760384.000000 0.860149145 -2.977991819 1.040666938 -0.783454418 -0.288216025 -0.521854520 0.175494999
1413393956905760512.000000 1.750226855 -1.722046614 1.048272610 -0.563130498 -0.598143876 -0.377505392 0.427314490
1413393957155760384.000000 1.778939486 -1.559723020 1.055259943 -0.507615209 -0.648637056 -0.330185860 0.461057663
1413393957405760512.000000 1.812472701 -1.383920193 1.069219351 -0.429887414 -0.701431155 -0.284071326 0.492437571
1413393960155760384.000000 1.791154385 -0.516748428 0.614603102 -0.236035660 -0.792288482 -0.164281547 0.538124204
1413393961205760512.000000 1.604682088 -0.534601569 0.297230542 -0.112319812 -0.817317605 -0.068428956 0.560975790
1413393961655760384.000000 1.528129578 -0.506553829 0.388362080 -0.107356586 -0.779453456 -0.075887293 0.612509727
1413393961905760512.000000 1.599443674 -0.506742477 0.570225716 -0.105214238 -0.801800430 -0.083008587 0.582370639
1413393962155760384.000000 1.675712228 -0.528934479 0.835777760 -0.108116575 -0.820085824 -0.078281276 0.556455016
1413393962605760512.000000 1.704370975 -0.578241050 1.354776382 -0.126243308 -0.858654797 -0.083404854 0.489712447
1413393962805760512.000000 1.635998487 -0.582637489 1.489785433 -0.154341027 -0.841426373 -0.139396966 0.498747408
1413393963055760384.000000 1.472701907 -0.603139997 1.608064532 -0.213352412 -0.792200089 -0.232374087 0.522400320
1413393963305760512.000000 1.256365538 -0.685524523 1.655806661 -0.306553900 -0.735621691 -0.283185363 0.533564985
1413393963555760384.000000 1.018090725 -0.827206552 1.634475827 -0.391894251 -0.690896273 -0.320866108 0.515874207
1413393963805760512.000000 0.776459992 -1.008760691 1.558242917 -0.448104382 -0.650979578 -0.363300055 0.493397504
1413393965055760384.000000 -0.354873091 -2.292077303 0.904038787 -0.720192254 -0.435300142 -0.399840444 0.363269240
1413393965305760512.000000 -0.369131327 -2.533929825 0.850175977 -0.776209772 -0.399823993 -0.366491646 0.321439147
1413393967055760384.000000 -0.205003440 -1.674268961 1.165050030 -0.684403479 -0.403505534 -0.522421420 0.309598237
1413393969655760384.000000 -1.334203482 -0.883311749 0.935582876 0.809182525 -0.006256599 0.582218885 -0.078775726
1413393972555760384.000000 -2.268012285 -0.541352808 1.158561945 0.829626799 -0.010398039 0.557697773 0.024178063
1413393973505760512.000000 -2.599260330 -0.435200930 1.056228995 -0.760751247 -0.003866680 -0.647400022 -0.045999195
1413393974105760512.000000 -3.108458042 -0.118636116 0.989655852 0.855180919 -0.082793534 0.500045896 -0.108466052
1413393974405760512.000000 -3.231760502 -0.227432102 1.045529246 0.915469825 -0.004833868 0.402342409 -0.003514741
1413393974655760384.000000 -3.032295227 -0.328003705 1.156186104 -0.885087371 -0.069194704 -0.454565942 -0.072126567
1413393974905760512.000000 -2.667495489 -0.297004580 1.260326147 -0.820005417 -0.074466303 -0.564420998 -0.058948044
1413393975155760384.000000 -2.296024561 -0.165626973 1.273555517 -0.789731264 -0.031345081 -0.612642765 -0.003307492
1413393977905760512.000000 -1.306233048 0.887173116 1.285966754 -0.815370083 -0.035378117 -0.577856779 0.001318175
1413393980505760512.000000 -1.590199590 0.446303219 1.379596472 0.681403756 -0.490769148 0.422571391 0.340980887
1413393980805760512.000000 -1.642710447 0.163512945 1.374017239 0.665934801 -0.480861723 0.442950845 0.359301448
1413393983505760512.000000 -0.438785464 -2.526643515 1.458051920 -0.793222129 -0.212597147 -0.569325030 0.038343593
1413393983805760512.000000 -0.227564305 -2.391674042 1.479498982 -0.741621494 -0.332039505 -0.567603409 0.132565662
1413393984105760512.000000 -0.146526471 -2.132243872 1.523801923 -0.686867416 -0.426749825 -0.548176587 0.213542148
1413393984405760512.000000 -0.225458115 -1.800774455 1.588143945 -0.624358654 -0.507514596 -0.520618200 0.285590649
1413393984705760512.000000 -0.460101634 -1.457378745 1.656553626 -0.592274070 -0.544129789 -0.481482863 0.348293841
1413393986805760512.000000 -1.561281204 0.283680439 1.377045393 -0.807496071 -0.038678098 -0.587897122 0.028831264
1413393989505760512.000000 -0.993062198 2.048489571 1.353823423 0.793160379 -0.147658825 0.578172386 0.121696986
1413393992055760384.000000 -0.687750399 2.119988203 1.359325767 0.675931931 -0.402005583 0.531137228 0.315278798
1413393993605760512.000000 -0.942708075 2.129010439 1.502811790 0.730989218 -0.430796534 0.443155378 0.289279461
1413393994405760512.000000 -0.833512247 2.310539007 1.541189909 0.663285196 -0.425171286 0.544383347 0.287974030
1413393994705760512.000000 -0.937080145 2.590046883 1.504583359 0.752296448 -0.487604290 0.392036080 0.206397161
1413393995205760512.000000 -0.917763114 2.573843956 1.394697905 0.687453568 -0.449110270 0.496485084 0.281443149
1413393995505760512.000000 -0.878442645 2.471994400 1.297889471 0.699997127 -0.409969658 0.541146278 0.221561924
1413393995805760512.000000 -0.911491990 2.333591461 1.236162305 0.742461920 -0.285820305 0.574720740 0.191711381
1413393996305760512.000000 -1.114660859 2.153250933 1.153861046 0.778873920 -0.149891660 0.602426529 0.089275852
1413393996605760512.000000 -1.317410469 2.057374954 1.055802941 0.811668098 -0.135175243 0.562271416 0.082300946
1413393996905760512.000000 -1.487891674 1.959502459 0.942912817 0.820925593 -0.109459989 0.555132449 0.076991670
1413393997255760384.000000 -1.609407067 1.861490130 0.867773533 0.821189523 -0.070445232 0.563017190 0.060802341
1413393997705760512.000000 -1.691128254 1.781250715 0.721818686 0.810257792 -0.056683745 0.580866098 0.053515814
1413393998005760512.000000 -1.735747099 1.769713283 0.643509924 0.814751744 -0.058576349 0.573967993 0.057525560
1413393998305760512.000000 -1.762630582 1.794589877 0.596782744 0.814169347 -0.067266501 0.573037565 0.065050684
1413393998605760512.000000 -1.765643597 1.854256630 0.585756779 0.817420542 -0.091545656 0.566693127 0.047979731
1413393998955760384.000000 -1.749247432 1.907768607 0.565792024 0.808248818 -0.101734556 0.578968287 0.034346659
1413393999205760512.000000 -1.743823528 1.917542934 0.537492156 0.812660575 -0.077207215 0.573469698 0.068952017
1413393999455760384.000000 -1.729598403 1.940680981 0.496564478 0.820194721 -0.095765635 0.562249184 0.044557706
1413393999705760512.000000 -1.694970369 1.951840520 0.463761926 0.813090980 -0.109625511 0.571022213 0.028267818
1413394000105760512.000000 -1.642533898 1.916076422 0.394635260 0.806200862 -0.094169542 0.581976771 0.049753055
1413394000555760384.000000 -1.653223991 1.914505482 0.389219522 0.798571348 -0.098807082 0.590031326 0.066213153
1413394001055760384.000000 -1.652090788 1.914873362 0.387944281 0.798065245 -0.099591427 0.590688169 0.065274805
1413394001555760384.000000 -1.651902914 1.914835453 0.387693405 0.798074484 -0.099983394 0.590660810 0.064810008
1413394002055760384.000000 -1.652879000 1.915159583 0.387409687 0.797989726 -0.100323953 0.590759456 0.064427108
1413394002555760384.000000 -1.652499676 1.915018678 0.387581170 0.797959507 -0.100505546 0.590791285 0.064226970
1413394003055760384.000000 -1.652607083 1.915030360 0.387681842 0.798030794 -0.100859381 0.590664864 0.063946910
