1403715278412143104.000000 2.304041147 -10.121927261 3.945608377 -0.513802528 -0.651729941 -0.346799284 0.437018842
1403715280162142976.000000 2.246266842 -9.983260155 4.130583763 -0.517810047 -0.652000427 -0.344326526 0.433828861
1403715282262142976.000000 2.074665785 -9.593784332 4.240771294 -0.723129690 -0.397309989 -0.495738387 0.271056622
1403715285062142976.000000 2.049578905 -8.890982628 3.959731102 -0.802841842 -0.098874182 -0.581412971 0.087338507
1403715285812143104.000000 2.083878279 -8.881492615 4.132956028 -0.826253891 -0.018034754 -0.560792208 0.049912825
1403715288612143104.000000 2.760096788 -9.142376900 4.546480656 0.794718981 -0.176711619 0.571177125 0.104649253
1403715291362142976.000000 3.354206562 -9.443931580 4.362759113 0.766785622 -0.285211951 0.555316150 0.149392381
1403715291762142976.000000 3.453629017 -9.552406311 4.324610233 0.763810992 -0.316138029 0.536723197 0.169049844
1403715292212143104.000000 3.550924063 -9.740516663 4.268369675 0.773027003 -0.299941152 0.523802280 0.195181042
1403715295112143104.000000 4.305879116 -10.404161453 4.345429897 -0.767685950 -0.280302316 -0.542274773 0.195005417
1403715296012143104.000000 4.306064129 -10.553285599 4.245862007 -0.696878076 -0.407465458 -0.505084157 0.305324167
1403715298962142976.000000 5.083240032 -10.568628311 4.072286129 -0.451832831 -0.691449702 -0.332227916 0.455377877
1403715301812143104.000000 4.822255135 -10.241828918 4.117784023 -0.256809562 -0.772816181 -0.184918940 0.550099015
1403715304562142976.000000 4.724510670 -11.028015137 3.978456736 -0.056896329 -0.812252283 -0.028780561 0.579811037
1403715305062142976.000000 4.737123489 -11.083032608 3.902437210 -0.066420250 -0.814602137 -0.045651939 0.574393332
1403715307812143104.000000 5.284877777 -10.994343758 4.262005329 -0.350366771 -0.751859248 -0.241665423 0.503536046
1403715310662142976.000000 5.733968258 -10.591037750 4.196175575 -0.473609209 -0.661424875 -0.343228132 0.469474047
1403715313112143104.000000 6.507429600 -9.970400810 4.291602612 -0.484171659 -0.638753831 -0.384243667 0.458179176
1403715315262142976.000000 6.326076031 -10.022543907 4.504866123 -0.591919959 -0.565484524 -0.418852329 0.392964154
1403715317762142976.000000 5.757588863 -9.874065399 4.241885185 -0.799079061 -0.187085018 -0.553035200 0.143610448
1403715318262142976.000000 5.673154831 -9.820742607 4.184703350 -0.817001998 -0.091691636 -0.559502721 0.105152808
1403715320862142976.000000 6.531643867 -9.534966469 4.319531918 0.747859895 -0.311728150 0.564127326 0.159033075
1403715321362142976.000000 6.561727047 -9.452749252 4.375744343 0.749778986 -0.338573456 0.539594233 0.178990588
1403715323912143104.000000 5.956280231 -10.567068100 4.426871777 0.697696209 -0.369190276 0.534596503 0.301869482
1403715326862142976.000000 5.590688705 -10.530498505 4.509098530 0.705697298 -0.391935050 0.520802021 0.277747422
1403715327812143104.000000 5.175461292 -10.535849571 4.433348656 0.731677949 -0.384697497 0.507111847 0.243911594
1403715328762142976.000000 4.762740135 -10.701613426 4.380672455 0.754313588 -0.319166720 0.522819161 0.236227974
1403715331362142976.000000 4.556708813 -10.629992485 4.321117401 0.818407595 -0.063932158 0.570698857 0.020604085
1403715334112143104.000000 4.587661743 -11.670100212 4.533655643 -0.823319137 -0.021473110 -0.566168010 0.033739254
1403715336362142976.000000 4.950247765 -12.593955994 4.505795479 -0.806346357 -0.120664984 -0.571117103 0.095241047
1403715337362142976.000000 5.210678577 -12.829383850 4.540960789 -0.811576605 -0.153139681 -0.552130044 0.114211276
1403715338862142976.000000 5.818111897 -13.071332932 4.651960373 -0.781822026 -0.241843745 -0.544112861 0.184951633
1403715339812143104.000000 6.239313602 -13.244056702 4.622800827 -0.775658727 -0.271391928 -0.543402731 0.171503723
1403715340312143104.000000 6.386698246 -13.208310127 4.593905926 -0.753014088 -0.324640751 -0.536302328 0.199894965
1403715342062142976.000000 6.732972622 -12.690069199 4.757498264 -0.733676851 -0.362379372 -0.519571662 0.245855197
1403715342562142976.000000 6.767995834 -12.535382271 4.764282703 -0.731824696 -0.394179702 -0.487979144 0.266329288
1403715342862142976.000000 6.801471710 -12.411108017 4.767331600 -0.698316455 -0.440563112 -0.486728013 0.285226643
1403715345062142976.000000 6.573887825 -11.266599655 4.654860497 -0.630947411 -0.511397481 -0.471809387 0.343182206
1403715347862142976.000000 4.793778419 -10.531259537 4.622629166 -0.602420807 -0.546525538 -0.431980401 0.389605045
1403715350612143104.000000 4.944378853 -10.155764580 4.134062767 -0.398702532 -0.738183796 -0.283579916 0.464438826
1403715351962142976.000000 4.527932167 -9.882897377 4.085119724 -0.374723613 -0.725538313 -0.267876506 0.511291146
1403715354812143104.000000 3.704494476 -9.693665504 4.084834576 -0.309358567 -0.763005257 -0.204814211 0.529312193
1403715357612143104.000000 3.066452980 -9.344707489 4.481823444 -0.078310892 -0.820596695 -0.065642059 0.562298477
1403715357962142976.000000 2.909079075 -9.308798790 4.507802010 -0.060873866 -0.820648313 -0.082597040 0.562146425
1403715359662142976.000000 1.961109161 -9.701612473 4.419390202 -0.016508849 -0.806867898 -0.030807247 0.589697123
1403715360162142976.000000 1.852322102 -9.895886421 4.432843208 -0.028962126 -0.816579521 -0.017398005 0.576243281
1403715360412143104.000000 1.815201998 -9.988573074 4.443790913 -0.045920137 -0.816651404 -0.012018703 0.575176120
1403715360662142976.000000 1.786744952 -10.053959846 4.456063271 -0.095493674 -0.812174022 -0.021659002 0.575139284
1403715362662142976.000000 1.435404897 -10.145704269 4.440089703 -0.474589676 -0.675076544 -0.338076800 0.452482402
1403715363162142976.000000 1.200150609 -10.128943443 4.425331593 -0.584037542 -0.568797052 -0.359955847 0.453653991
1403715363662142976.000000 1.173343420 -10.111268044 4.463528633 -0.634472251 -0.516705513 -0.417448789 0.395217478
1403715366362142976.000000 1.749867678 -10.541508675 4.779981613 -0.786676407 -0.204197153 -0.550465822 0.190869868
1403715369262142976.000000 3.076131344 -11.687245369 4.857470036 -0.775429964 -0.282288462 -0.528762102 0.198575407
1403715371062142976.000000 4.089662552 -11.967523575 4.825676441 -0.731631458 -0.394423932 -0.487665296 0.267072648
1403715373462142976.000000 5.724187374 -11.371434212 4.852117538 -0.692610681 -0.432826102 -0.483500004 0.314928174
1403715376362142976.000000 6.177345276 -10.242115021 4.815902233 -0.583069801 -0.556741476 -0.422829390 0.413864434
1403715377512143104.000000 5.798659801 -10.031852722 4.698599339 -0.558947444 -0.582880318 -0.417600483 0.416458935
1403715380262142976.000000 4.419166088 -10.228990555 4.681889534 -0.565329850 -0.588225961 -0.406863004 0.410919547
1403715383162142976.000000 2.412491560 -10.017224312 4.690547943 -0.709824562 -0.434412956 -0.466871768 0.299107522
1403715385812143104.000000 2.211794138 -9.261862755 4.669540405 -0.816607654 -0.090462811 -0.559737563 0.107991666
1403715388512143104.000000 2.882704735 -10.485871315 4.634174347 -0.812021017 -0.130663604 -0.559552312 0.102225266
1403715389762142976.000000 3.441864967 -11.247767448 4.599299431 -0.803189337 -0.153427020 -0.564049423 0.114871293
1403715392462142976.000000 5.188197613 -11.235761642 4.665257931 -0.689978302 -0.433743984 -0.486430019 0.314931601
1403715394262142976.000000 6.052262783 -10.793807030 4.743315220 -0.384081811 -0.724693775 -0.271189362 0.503742516
1403715394762142976.000000 6.050879955 -10.784191132 4.728703499 -0.249095067 -0.774803281 -0.188775703 0.549541116
1403715396762142976.000000 5.695779324 -11.147746086 4.534809113 0.053785600 -0.816309929 0.029041996 0.574370742
1403715398662142976.000000 4.808784485 -11.094878197 4.315514088 0.062439356 -0.804007530 0.037721295 0.590127468
1403715399162142976.000000 4.735037804 -11.070957184 4.289403915 0.069022544 -0.796965480 0.023356870 0.599613428
1403715399662142976.000000 4.837640762 -11.167772293 4.274787426 0.070018217 -0.819557309 0.028943626 0.567966104
1403715400162142976.000000 4.943315506 -11.355921745 4.293488026 0.046180967 -0.831402361 0.011742431 0.553624094
1403715401412143104.000000 4.709703922 -12.121082306 4.331711769 -0.184711069 -0.820854723 -0.115440615 0.527970612
1403715402312143104.000000 4.149221420 -12.381968498 4.420509338 -0.202207655 -0.780185103 -0.148388311 0.573065460
1403715402962142976.000000 3.860761404 -12.580782890 4.425118446 -0.259678423 -0.772625327 -0.178795248 0.551044166
1403715403262142976.000000 3.743661165 -12.697340012 4.429140091 -0.282650143 -0.786478519 -0.158539265 0.525761962
1403715403612143104.000000 3.592730522 -12.752697945 4.450726986 -0.295103490 -0.779091299 -0.183753490 0.521694779
1403715403912143104.000000 3.446586847 -12.743196487 4.460202694 -0.353216410 -0.760880649 -0.207765654 0.503122389
1403715404812143104.000000 2.901462078 -12.501101494 4.483057499 -0.421247184 -0.700935721 -0.299695641 0.491347551
1403715405112143104.000000 2.692374706 -12.435693741 4.462083340 -0.458639473 -0.671111822 -0.309175491 0.493628651
1403715405712143104.000000 2.409422636 -12.327152252 4.409393787 -0.586349905 -0.583585441 -0.386381894 0.407836974
1403715405962142976.000000 2.326042175 -12.269289970 4.388361931 -0.628579259 -0.542909026 -0.417571336 0.368472785
1403715406462142976.000000 2.176031590 -12.117484093 4.314707279 -0.704517841 -0.430145174 -0.468887627 0.314283490
1403715406762142976.000000 2.117450953 -12.023177147 4.253756523 -0.741385341 -0.368832320 -0.487312704 0.277194768
1403715407062142976.000000 2.099417925 -11.931292534 4.198697090 -0.765396059 -0.312191904 -0.512520611 0.232438892
1403715407362142976.000000 2.111438990 -11.839916229 4.156153679 -0.794443786 -0.275937259 -0.505416572 0.193058938
1403715409862142976.000000 2.615921736 -10.781143188 4.384077549 -0.705307007 -0.429823428 -0.479568750 0.296323568
1403715410862142976.000000 2.690940380 -10.543807983 4.445888996 -0.693297148 -0.416539103 -0.509366512 0.293904841
1403715411212143104.000000 2.672172785 -10.459939957 4.420980930 -0.697291791 -0.423718750 -0.490169019 0.306563109
1403715411512143104.000000 2.649653673 -10.412605286 4.408090115 -0.689848423 -0.418297470 -0.492172807 0.326959163
1403715412012143104.000000 2.619380236 -10.408843040 4.380435944 -0.689310253 -0.433042765 -0.485873073 0.318202436
1403715412312143104.000000 2.598595381 -10.431728363 4.364394188 -0.692294478 -0.434949487 -0.482256591 0.314604253
1403715412612143104.000000 2.579464912 -10.460456848 4.348843575 -0.696936846 -0.436397940 -0.477014869 0.310310662
1403715413112143104.000000 2.557734013 -10.488646507 4.330304623 -0.695880473 -0.437805206 -0.479893297 0.306234241
1403715413412143104.000000 2.543871880 -10.493245125 4.251494884 -0.696013153 -0.429937929 -0.480095625 0.316586852
1403715413712143104.000000 2.537533283 -10.508213043 4.183862686 -0.693260908 -0.430010319 -0.484609336 0.315649122
1403715414012143104.000000 2.534973383 -10.533570290 4.118153095 -0.690775514 -0.434850067 -0.488761634 0.307972074
1403715414312143104.000000 2.516567469 -10.558503151 4.108541012 -0.704100788 -0.441235483 -0.470914990 0.296298116
1403715414612143104.000000 2.497364759 -10.546931267 4.117825508 -0.699702740 -0.441695571 -0.477895588 0.294850796
1403715414912143104.000000 2.472034454 -10.509625435 4.081855774 -0.702332735 -0.421704322 -0.477277219 0.317963481
1403715415212143104.000000 2.462465525 -10.485692978 4.023499012 -0.709311843 -0.404927313 -0.474029124 0.328948319
1403715415512143104.000000 2.483824253 -10.488173485 3.985923290 -0.700114429 -0.419316739 -0.496845961 0.295224279
1403715415912143104.000000 2.486145735 -10.489520073 3.964730024 -0.697203338 -0.418597132 -0.505078197 0.289102018
1403715416312143104.000000 2.483887196 -10.487451553 3.962123156 -0.699695408 -0.420033872 -0.501933873 0.286461622
1403715416812143104.000000 2.485058308 -10.488799095 3.960456133 -0.700484812 -0.419745207 -0.500958979 0.286662072
1403715417212143104.000000 2.484093189 -10.489852905 3.959485531 -0.700778604 -0.419639677 -0.500531256 0.286845624
1403715417412143104.000000 2.483509779 -10.490153313 3.959465027 -0.700912178 -0.419596612 -0.500340939 0.286914259
1403715417912143104.000000 2.483030081 -10.490841866 3.959291458 -0.700948179 -0.419374406 -0.500352442 0.287131190
1403715418412143104.000000 2.483394384 -10.490726471 3.959431171 -0.700948298 -0.419242322 -0.500384152 0.287268519
