1403715278412143104.000000 -2.486490250 -1.231103420 0.189634174 -0.581529200 -0.591894746 -0.392779678 0.396495342
1403715279162142976.000000 -2.509842634 -1.133830070 0.326472282 -0.573800683 -0.574629962 -0.407852530 0.417384118
1403715282112143104.000000 -2.596256733 -0.706326425 0.504223943 -0.748419642 -0.347014666 -0.512971222 0.237296060
1403715282362142976.000000 -2.597498417 -0.635991991 0.476692677 -0.770328999 -0.295797229 -0.528299153 0.199992761
1403715285112143104.000000 -2.457323074 0.037556313 0.202595100 -0.807626426 -0.001251784 -0.589464366 0.016427895
1403715287862142976.000000 -1.914789796 -0.250604242 0.746869862 0.797879279 -0.172744602 0.569729507 0.094638228
1403715290062142976.000000 -1.763370037 -0.573946536 0.525509417 0.751198471 -0.344018102 0.512769461 0.233280823
1403715291562142976.000000 -1.261743546 -0.854681373 0.587096453 0.728366077 -0.382587075 0.524881899 0.218194738
1403715292012143104.000000 -1.207018375 -1.035514712 0.537240207 0.729851127 -0.391546547 0.499814510 0.253365695
1403715294112143104.000000 -0.656557083 -1.716770411 0.807492733 0.816519380 -0.002336432 0.577220619 -0.010351777
1403715295862142976.000000 -0.604635954 -2.063407183 0.528505862 -0.745388210 -0.318232387 -0.539500237 0.228175610
1403715298462142976.000000 0.066095844 -2.242627382 0.289432704 -0.513596833 -0.627131045 -0.408830047 0.419264883
1403715301312143104.000000 -0.142740488 -1.765778542 0.417194247 -0.314565659 -0.729143500 -0.269358993 0.544833958
1403715303912143104.000000 -0.216934472 -2.544892311 0.270193696 -0.167958885 -0.794998765 -0.112057216 0.572022736
1403715305412143104.000000 -0.305792868 -2.744526863 0.181040436 -0.154078051 -0.807468414 -0.100935191 0.560416758
1403715307912143104.000000 0.273440123 -2.745630741 0.484157383 -0.447721273 -0.699743688 -0.308275521 0.463541478
1403715310862142976.000000 0.843699753 -2.448353529 0.450494766 -0.556706309 -0.603376746 -0.391314119 0.415797859
1403715313312143104.000000 1.686363459 -1.973323584 0.579290628 -0.551732183 -0.587815881 -0.419003904 0.417731732
1403715315312143104.000000 1.451369286 -2.002630234 0.750654936 -0.650891542 -0.496902794 -0.459368914 0.344104797
1403715317812143104.000000 0.937008381 -1.725609660 0.480663121 -0.816212833 -0.084808551 -0.565705299 0.081128299
1403715318312143104.000000 0.870129406 -1.668247581 0.423291564 -0.822516501 0.000372898 -0.567327142 0.040080506
1403715320812143104.000000 1.759764791 -1.587764621 0.556574225 0.714420855 -0.379898459 0.545094073 0.219437048
1403715321312143104.000000 1.826393962 -1.502278924 0.615727961 0.708528101 -0.417272955 0.517705739 0.236330211
1403715323912143104.000000 0.992129564 -2.464797974 0.667283475 0.653757274 -0.442166656 0.499338806 0.357422501
1403715326862142976.000000 0.641052485 -2.350882053 0.751453400 0.659684539 -0.465728194 0.487873822 0.331500739
1403715329712143104.000000 -0.346504033 -2.216376305 0.540667772 0.784761012 -0.251721114 0.542386830 0.163105071
1403715332362142976.000000 -0.494617283 -2.454810143 0.773853838 0.809103608 -0.157045960 0.562630177 0.064304769
1403715335062142976.000000 -0.633753717 -3.707146168 0.780660927 0.822336555 -0.037961066 0.567387760 0.019814637
1403715336912143104.000000 -0.326282859 -4.408419132 0.743915141 -0.818357885 -0.036557741 -0.572764218 0.029918563
1403715338362142976.000000 0.126499400 -4.742472172 0.854134560 -0.813915551 -0.082391135 -0.568971753 0.083811149
1403715339362142976.000000 0.511465907 -5.031244278 0.900287449 -0.799903393 -0.188120574 -0.554532170 0.131374493
1403715339862142976.000000 0.710309565 -5.148060322 0.859657228 -0.799036264 -0.188116074 -0.561223447 0.105743691
1403715340662142976.000000 0.902267933 -5.041861534 0.881027460 -0.770413399 -0.295299113 -0.525582016 0.207425326
1403715342012143104.000000 1.289529085 -4.716215611 0.998179793 -0.765158474 -0.282278270 -0.548413932 0.184644789
1403715342812143104.000000 1.412827134 -4.466969490 1.009038806 -0.744332433 -0.359299541 -0.516377151 0.224115714
1403715345512143104.000000 1.164856553 -3.047751904 0.866286218 -0.688285410 -0.431795895 -0.498419136 0.302314371
1403715347462142976.000000 0.045241706 -2.299898624 0.837505937 -0.684981346 -0.447888374 -0.487898737 0.303564548
1403715350262142976.000000 -0.014661640 -1.855233312 0.447236836 -0.482801259 -0.671558440 -0.327517211 0.456776530
1403715352962142976.000000 -0.728863955 -1.265602946 0.404736698 -0.407974184 -0.698707700 -0.285643131 0.513588011
1403715355662142976.000000 -1.090824366 -0.972477674 0.529886901 -0.303763092 -0.761186779 -0.205184326 0.534997404
1403715357662142976.000000 -1.591979623 -0.625951767 0.731537104 -0.163826317 -0.807921052 -0.127408132 0.551535845
1403715358062142976.000000 -1.766880512 -0.559864938 0.752312362 -0.148638889 -0.811853886 -0.144028813 0.545944631
1403715359462142976.000000 -2.646459579 -0.703704417 0.669883609 -0.102919005 -0.801673889 -0.088163629 0.582197368
1403715359712143104.000000 -2.746587276 -0.763459980 0.662958682 -0.105600476 -0.800609708 -0.092907026 0.582443953
1403715360412143104.000000 -2.931088686 -0.998636782 0.687266171 -0.133696422 -0.806939960 -0.074569829 0.570449531
1403715360662142976.000000 -2.972744226 -1.056358695 0.699445069 -0.182595342 -0.797145188 -0.084194824 0.569323838
1403715362762142976.000000 -3.384276867 -1.056969166 0.676052272 -0.565554023 -0.600050032 -0.394610494 0.405427337
1403715363212143104.000000 -3.574871063 -0.997318745 0.669136763 -0.648238122 -0.495663911 -0.410171777 0.407263696
1403715363712143104.000000 -3.573473930 -0.978967249 0.712006807 -0.689334333 -0.439655721 -0.465494931 0.338874072
1403715366412143104.000000 -3.117577553 -1.551023483 1.028129578 -0.805000305 -0.119827107 -0.567018449 0.126909986
1403715369312143104.000000 -2.042119503 -2.964281797 1.101065755 -0.799640477 -0.206712633 -0.544526756 0.146067232
1403715371262142976.000000 -1.027223587 -3.440397501 1.058808923 -0.780619919 -0.317514360 -0.499214917 0.201498523
1403715374112143104.000000 0.964393973 -3.110952139 1.110303760 -0.683086693 -0.447074860 -0.487050146 0.310320467
1403715376812143104.000000 1.207053423 -2.022791386 1.005397320 -0.633014917 -0.508675575 -0.464686930 0.352997750
1403715377712143104.000000 0.847510397 -1.898951292 0.924774945 -0.620472670 -0.521088421 -0.455373734 0.368938088
1403715380262142976.000000 -0.440264821 -1.798830628 0.928073764 -0.625581145 -0.523350060 -0.449261427 0.364578128
1403715383112143104.000000 -2.332640648 -1.178149700 0.938097715 -0.749902487 -0.359225392 -0.497127771 0.247926310
1403715385812143104.000000 -2.387830973 -0.371636182 0.912981570 -0.821346402 -0.001062094 -0.568499267 0.046879541
1403715388312143104.000000 -2.053564072 -1.561180592 0.930512130 -0.824823856 -0.037981141 -0.562412500 0.043764561
1403715389712143104.000000 -1.629059076 -2.555501938 0.843281746 -0.815207481 -0.062436264 -0.573725879 0.048756756
1403715392462142976.000000 0.095420182 -2.945533514 0.910266399 -0.732804716 -0.356396049 -0.517786920 0.260529935
1403715394262142976.000000 1.035209894 -2.700020075 0.990194559 -0.460398853 -0.678901076 -0.323979914 0.471342057
1403715394762142976.000000 1.036212564 -2.689713955 0.975729227 -0.331573516 -0.743301809 -0.246983334 0.525890470
1403715397262142976.000000 0.459378719 -3.015378714 0.690190017 -0.024518713 -0.836803436 0.003738381 0.546941340
1403715398112143104.000000 -0.016458720 -2.883031607 0.612976432 -0.021920519 -0.807129622 -0.002680550 0.589961171
1403715398512143104.000000 -0.198326409 -2.763302565 0.574189663 -0.025090143 -0.809274614 -0.017685268 0.586627960
1403715399512143104.000000 -0.266855597 -2.754261255 0.525297701 -0.013076591 -0.809192300 -0.038515225 0.586134255
1403715400012143104.000000 -0.174681857 -2.943982124 0.527674556 -0.031854395 -0.834652483 -0.034040298 0.548800290
1403715401062142976.000000 -0.374047846 -3.549348593 0.568114698 -0.255234450 -0.800494432 -0.145319521 0.522442758
1403715401362142976.000000 -0.529379547 -3.690684557 0.573217869 -0.271557212 -0.797529340 -0.170424834 0.511037290
1403715402562142976.000000 -1.293639541 -3.864566326 0.667137086 -0.299373299 -0.749878049 -0.247260168 0.535650015
1403715402862142976.000000 -1.444238067 -3.939112186 0.668741643 -0.328306288 -0.739735603 -0.248652160 0.532145023
1403715403162142976.000000 -1.587802529 -4.038170338 0.667381823 -0.363147527 -0.747829497 -0.217355728 0.511499166
1403715403462142976.000000 -1.724336386 -4.085041523 0.684242606 -0.364228547 -0.750896633 -0.226871073 0.502017260
1403715403812143104.000000 -1.887082338 -4.063904762 0.698522270 -0.414133400 -0.728394806 -0.252452344 0.483944625
1403715404112143104.000000 -2.027275562 -3.979686499 0.714775026 -0.463074803 -0.694307446 -0.290776372 0.467918843
1403715404712143104.000000 -2.347344160 -3.729829788 0.730345428 -0.489408106 -0.656747401 -0.355244994 0.450514704
1403715405362142976.000000 -2.732331514 -3.505630732 0.681571722 -0.582178891 -0.573622882 -0.383440465 0.430114001
1403715405662142976.000000 -2.842657328 -3.427093983 0.657243848 -0.638160110 -0.523565471 -0.422360271 0.374489993
1403715405962142976.000000 -2.927340984 -3.339185953 0.632210076 -0.683554232 -0.471596807 -0.455199212 0.321160227
1403715406562142976.000000 -3.058686495 -3.122032642 0.538420677 -0.759756088 -0.328546464 -0.502575397 0.249491185
1403715406862142976.000000 -3.081837654 -3.021440506 0.478605092 -0.782536447 -0.266398013 -0.523234546 0.207109585
1403715407162142976.000000 -3.069796085 -2.930700064 0.427541703 -0.802513301 -0.208137318 -0.535254061 0.161723286
1403715407462142976.000000 -3.022646666 -2.840775728 0.392822742 -0.820956528 -0.183196291 -0.524561465 0.131547987
1403715410262142976.000000 -2.275036097 -1.884649396 0.711960137 -0.753719032 -0.336289406 -0.514889717 0.231745020
1403715410762142976.000000 -2.205903292 -1.758652091 0.694181859 -0.742013216 -0.341339529 -0.530017495 0.228002846
1403715411262142976.000000 -2.200353384 -1.632543683 0.663731158 -0.739866436 -0.345285088 -0.518095493 0.254858613
1403715411562142976.000000 -2.212545395 -1.587513089 0.650601387 -0.730926037 -0.342997551 -0.524180233 0.270804346
1403715412062142976.000000 -2.243134975 -1.584168792 0.623543978 -0.732721329 -0.355478883 -0.516832829 0.263890296
1403715412462142976.000000 -2.277697325 -1.611845613 0.601948500 -0.737814307 -0.356961221 -0.510878503 0.259252757
1403715412762142976.000000 -2.300645828 -1.634238720 0.587481916 -0.741658986 -0.359719187 -0.505976200 0.254031807
1403715413262142976.000000 -2.324144363 -1.647485375 0.542861044 -0.737259746 -0.358274698 -0.513579309 0.253621101
1403715413562142976.000000 -2.338275194 -1.651833773 0.455905378 -0.738989592 -0.348938763 -0.511118948 0.266258687
1403715413862142976.000000 -2.344753265 -1.672009110 0.397723258 -0.735846221 -0.355233461 -0.516712904 0.255631208
1403715414162142976.000000 -2.359937429 -1.696171880 0.346138656 -0.738244891 -0.358602822 -0.513537586 0.250355393
1403715414412143104.000000 -2.379816055 -1.704353452 0.360743016 -0.750103235 -0.363928437 -0.497379869 0.239822060
1403715414662142976.000000 -2.391275883 -1.682653069 0.358936220 -0.742189884 -0.360953510 -0.509342372 0.243797109
1403715414912143104.000000 -2.405400515 -1.646847248 0.325709194 -0.743999302 -0.342573524 -0.509087801 0.264457971
1403715415162142976.000000 -2.410460711 -1.622446060 0.276318669 -0.749186814 -0.326562405 -0.505673587 0.276351959
1403715415412143104.000000 -2.395891905 -1.623271585 0.237148792 -0.744064450 -0.334202647 -0.520115376 0.253291786
1403715415862142976.000000 -2.384391069 -1.629872084 0.208352417 -0.739258528 -0.341599703 -0.532276690 0.231274724
1403715416212143104.000000 -2.387800694 -1.625531435 0.206564352 -0.740157664 -0.341310263 -0.531711936 0.230122730
1403715416712143104.000000 -2.386643887 -1.625795484 0.205095112 -0.742142498 -0.340977103 -0.528958440 0.230569422
1403715417112143104.000000 -2.388209343 -1.626788139 0.203864023 -0.742327631 -0.340754241 -0.528705955 0.230881497
1403715417612143104.000000 -2.390107393 -1.627362490 0.203716636 -0.742363930 -0.340427220 -0.528698564 0.231263742
1403715418112143104.000000 -2.390448809 -1.627301931 0.203942150 -0.742408335 -0.340328842 -0.528669834 0.231331781
1403715418612143104.000000 -2.389483213 -1.627056360 0.204211473 -0.742485404 -0.340119034 -0.528641760 0.231457204
