1403636579963555584.000000 0.943828702 -0.311369807 -0.437095642 -0.604556084 -0.550582826 -0.406463057 0.407625318
1403636582813555456.000000 0.937433481 -0.306097776 -0.310050964 -0.614080489 -0.546223640 -0.418213516 0.386836261
1403636585113555456.000000 0.950863302 -0.288246483 -0.171082124 -0.606980324 -0.522926807 -0.449931383 0.394568324
1403636587863555584.000000 1.177831769 -0.346533895 -0.435633332 -0.699859440 -0.574418366 -0.307605892 0.292607307
1403636590213555456.000000 0.671256423 -0.372617543 -0.442294478 -0.665185511 -0.614894271 -0.275153369 0.322062016
1403636592863555584.000000 1.108492494 -0.119988516 -0.477285028 -0.669817209 -0.587005794 -0.313205391 0.329653710
1403636593663555584.000000 0.781384289 -0.339454383 -0.487628043 -0.630823553 -0.644770563 -0.237259224 0.360611469
1403636594263555584.000000 1.047149897 -0.486548394 -0.497458518 -0.743705332 -0.511593401 -0.326678306 0.280100018
1403636594663555584.000000 1.234673262 -0.333373338 -0.501543701 -0.740737438 -0.494872391 -0.362313926 0.274113119
1403636596263555584.000000 1.065689087 -0.499705970 -0.541518033 -0.702958643 -0.562492490 -0.323819071 0.290847987
1403636596513555456.000000 0.973373771 -0.586167753 -0.511984348 -0.698261201 -0.559507608 -0.333712041 0.296679527
1403636597013555456.000000 0.919747353 -0.561509013 -0.503791928 -0.685037017 -0.571438670 -0.344523191 0.292380005
1403636598963555584.000000 0.977798462 -0.239346474 -0.643551052 -0.570015669 -0.650712252 -0.315137386 0.390312910
1403636601763555584.000000 1.003796220 -0.159729153 -0.732476532 -0.541893244 -0.584103584 -0.379958153 0.469900519
1403636604263555584.000000 1.003821731 -0.159606621 -0.732642055 -0.541922033 -0.583999872 -0.379921794 0.470025629
1403636606763555584.000000 1.003818631 -0.159577042 -0.732630014 -0.541924715 -0.583963573 -0.379945695 0.470048487
1403636609263555584.000000 1.003825784 -0.159707963 -0.732607305 -0.541958869 -0.583952010 -0.379915208 0.470048040
1403636611763555584.000000 1.004280329 -0.159619659 -0.732818365 -0.542133152 -0.583818197 -0.379693300 0.470192552
1403636614263555584.000000 1.004388094 -0.159797162 -0.732806444 -0.541795671 -0.583853722 -0.380286336 0.470058143
1403636616763555584.000000 1.004497886 -0.159820259 -0.732869804 -0.541910589 -0.583743751 -0.380048960 0.470254183
1403636619263555584.000000 1.004441261 -0.159783810 -0.732851744 -0.542124569 -0.583507836 -0.379970968 0.470363289
1403636621763555584.000000 1.004488468 -0.159705594 -0.732821941 -0.541870296 -0.583775401 -0.380146176 0.470182717
1403636624663555584.000000 1.026565194 -0.174932688 -0.732172966 -0.556983471 -0.589755118 -0.376232654 0.447668821
1403636627263555584.000000 1.129083991 -0.155834585 -0.405948371 -0.537101269 -0.615970910 -0.377720505 0.435234845
1403636629113555456.000000 1.423201919 -0.099992633 -0.238205820 -0.598677456 -0.570569098 -0.402661473 0.392300934
1403636631713555456.000000 2.471826792 0.668694317 -0.317991346 -0.665695429 -0.475723803 -0.467713237 0.334336370
1403636634613555456.000000 3.234541178 2.186329365 -0.463676095 -0.604579866 -0.545918763 -0.429573655 0.389772117
1403636635263555584.000000 3.426432133 2.624680281 -0.460094094 -0.588898182 -0.575990617 -0.406700075 0.395004809
1403636637813555456.000000 4.045029640 4.204850674 -0.165901572 -0.583125532 -0.578883231 -0.404183656 0.401863754
1403636638063555584.000000 4.053925514 4.326633930 -0.109017715 -0.578354120 -0.575695693 -0.408902317 0.408509433
1403636638413555456.000000 4.065444946 4.487822533 -0.147729963 -0.587963521 -0.576457143 -0.393433690 0.408908308
1403636641163555584.000000 4.735424042 6.058427334 -0.327640265 -0.548144519 -0.602112114 -0.394396931 0.425969005
1403636643413555456.000000 5.095805168 6.543460846 -0.382071495 -0.594268978 -0.563343346 -0.409278572 0.402467102
1403636643913555456.000000 5.196031570 6.667238712 -0.314441413 -0.602090538 -0.579866588 -0.391350150 0.384820610
1403636644613555456.000000 5.373349190 7.030393600 -0.358290493 -0.597886860 -0.545737028 -0.398004472 0.431618780
1403636647363555584.000000 6.673001766 8.865634918 -0.405399919 -0.674940526 -0.455134213 -0.473367780 0.336498350
1403636647663555584.000000 6.824541092 8.991062164 -0.396061152 -0.668084800 -0.447355837 -0.477810234 0.353882551
1403636648663555584.000000 7.365615845 9.127285004 -0.502089441 -0.746162772 -0.318036139 -0.530105174 0.247149035
1403636649513555456.000000 7.784921646 9.097230911 -0.355499417 -0.752655268 -0.313183963 -0.532567441 0.227591023
1403636651913555456.000000 8.231601715 8.467862129 -0.145385861 -0.788405895 -0.157862604 -0.576185465 0.146649033
1403636654763555584.000000 8.187186241 7.095480442 -0.205350474 0.816764295 -0.063461095 0.572333336 0.036100063
1403636655063555584.000000 8.139182091 6.990870953 -0.204714090 0.808025062 -0.078954279 0.581546843 0.051623687
1403636655413555456.000000 8.063075066 6.880843639 -0.242980853 0.797012687 -0.095622092 0.593727410 0.055812798
1403636656213555456.000000 7.718621731 6.606633663 -0.375944227 0.799972296 -0.197814867 0.554643750 0.115256138
1403636656613555456.000000 7.567762375 6.421643734 -0.333134741 0.800268292 -0.200919330 0.551083744 0.124534950
1403636658763555584.000000 6.524909973 5.206162930 -0.504602313 0.802080512 -0.191665500 0.545758307 0.148590565
1403636659063555584.000000 6.425295830 5.026777267 -0.569667637 0.789366364 -0.193167895 0.563842595 0.147202060
1403636659613555456.000000 6.251635551 4.789772034 -0.695790946 0.794916034 -0.195415184 0.556210518 0.143356949
1403636659913555456.000000 6.166875839 4.700087070 -0.761551023 0.791599154 -0.197929338 0.559115589 0.146916538
1403636662063555584.000000 6.256653309 4.749567986 -1.349639773 0.780859709 -0.204802424 0.574975073 0.133108199
1403636662463555584.000000 6.216419220 4.874191284 -1.322109461 0.793132246 -0.195791036 0.556599975 0.151008412
1403636663463555584.000000 6.161311626 5.078953266 -1.480110526 0.813798904 -0.207802102 0.522937357 0.145211250
1403636663763555584.000000 6.219203472 5.066754341 -1.568755627 0.820306301 -0.197366595 0.513055682 0.157854468
1403636666363555584.000000 7.756793022 6.208321095 -1.621259212 0.787737310 -0.183457926 0.576212227 0.117442541
1403636668163555584.000000 8.386548042 6.898065567 -1.644758821 0.805848897 -0.176542491 0.553718686 0.113295324
1403636668613555456.000000 8.586630821 7.006777287 -1.736415625 0.804499447 -0.179596558 0.551345766 0.128621548
1403636669413555456.000000 9.002929688 7.340672016 -1.827051520 0.788757920 -0.180907249 0.570858479 0.138759837
1403636669813555456.000000 9.156024933 7.599747181 -1.883612156 0.771490216 -0.180762231 0.595478117 0.132414609
1403636670213555456.000000 9.185353279 7.864293575 -1.859600306 0.773279011 -0.213399664 0.593301296 0.067036211
1403636670413555456.000000 9.141085625 7.941847801 -1.842479825 0.767926395 -0.212427571 0.602942288 0.040303078
1403636672513555456.000000 7.447712421 5.977721214 -1.211636543 -0.830208302 -0.114838548 -0.545452297 0.006929383
1403636674013555456.000000 7.614563465 5.849443436 -1.293246031 -0.806981504 -0.165478632 -0.560084641 0.087766632
1403636676763555584.000000 8.816313744 7.518959045 -1.783367991 -0.723427474 -0.391762853 -0.501416504 0.267873317
1403636677863555584.000000 9.045013428 8.380548477 -1.871607423 -0.668684721 -0.455108553 -0.471050292 0.351921469
1403636680663555584.000000 8.869850159 8.918034554 -1.520941615 -0.397289544 -0.705963552 -0.341848165 0.476357371
1403636682313555456.000000 7.929898739 8.156335831 -1.499979615 -0.421066880 -0.700807333 -0.297037899 0.493295461
1403636685163555584.000000 6.486548901 6.445531368 -1.489989281 -0.408682287 -0.701880217 -0.299588382 0.500589371
1403636687913555456.000000 5.563545704 4.806397915 -1.586131215 -0.417243421 -0.696739256 -0.292263359 0.505019367
1403636689363555584.000000 5.190438747 4.096327305 -1.892161608 -0.395868957 -0.722825587 -0.267718256 0.499137133
1403636689663555584.000000 5.077861309 3.985935211 -1.824542999 -0.396417439 -0.727201164 -0.257165134 0.497893274
1403636690313555456.000000 4.867529392 3.930872679 -1.723261356 -0.405878842 -0.725734293 -0.255414635 0.493290573
1403636690563555584.000000 4.796763420 3.985176325 -1.674456477 -0.407925844 -0.720725715 -0.254181534 0.499542654
1403636690763555584.000000 4.744233608 4.050355434 -1.661254764 -0.421094775 -0.705741704 -0.235328406 0.518872380
1403636691213555456.000000 4.763674736 4.264175892 -1.707353830 -0.403704822 -0.672106326 -0.253824949 0.566452503
1403636693963555584.000000 6.132570267 4.662999153 -0.969423890 -0.388310194 -0.726384580 -0.264347255 0.501698375
1403636694463555584.000000 6.146724224 4.802629948 -0.937851429 -0.383740276 -0.721297622 -0.267260373 0.510925651
1403636694963555584.000000 6.160878658 4.921774387 -0.951140285 -0.394498616 -0.714214921 -0.258239955 0.517281413
1403636697813555456.000000 6.121142387 5.068459511 -0.943268418 -0.426723599 -0.699188411 -0.311034083 0.481975496
1403636700763555584.000000 5.497642517 4.387634754 -1.342483282 -0.731654942 -0.355063051 -0.513322473 0.274064630
1403636703513555456.000000 6.300927162 4.137806416 -1.830318451 -0.772057235 -0.266749620 -0.539379895 0.204552427
1403636705263555584.000000 7.122900009 4.345815659 -1.988061070 -0.772252381 -0.297053099 -0.527115881 0.193738267
1403636705613555456.000000 7.344727039 4.527655125 -2.020005941 -0.775559545 -0.296887279 -0.522531033 0.193201184
1403636705913555456.000000 7.538932323 4.716989994 -2.072637558 -0.769929111 -0.287451774 -0.531093478 0.206204787
1403636706213555456.000000 7.737895489 4.902636051 -2.086278200 -0.764492869 -0.278355449 -0.536053240 0.225201771
1403636707013555456.000000 8.236674309 5.348790646 -2.140739918 -0.771657050 -0.297253102 -0.527996182 0.193406478
1403636709613555456.000000 9.679460526 7.207101345 -2.184631586 -0.766871274 -0.282148153 -0.547382534 0.180757418
1403636712163555584.000000 9.459960938 8.658574104 -2.339834690 -0.723277569 -0.356338710 -0.516980827 0.287442476
1403636714713555456.000000 7.957939148 7.989930630 -1.756047964 -0.706022620 -0.431136221 -0.468848139 0.309572428
1403636717313555456.000000 7.494128704 7.071909904 -1.594855428 -0.578276634 -0.573981464 -0.417074949 0.402728140
1403636719863555584.000000 6.521230698 5.889020443 -1.818985701 -0.488779545 -0.651030719 -0.338978022 0.471537322
1403636722363555584.000000 6.337378025 4.974233627 -1.918455839 -0.560836732 -0.589429975 -0.397935033 0.423889250
1403636725263555584.000000 6.037570477 3.943461418 -1.723335147 -0.659948349 -0.484280288 -0.451215774 0.355450600
1403636727763555584.000000 5.907578468 3.440198660 -1.269826770 -0.635796666 -0.504816830 -0.459603012 0.360121906
1403636730663555584.000000 5.031505585 2.351449728 -1.006812215 -0.613293111 -0.558111191 -0.410033017 0.379811078
1403636733463555584.000000 4.649235725 1.703992009 -1.003618598 -0.596099615 -0.554193914 -0.427472025 0.393448889
1403636735963555584.000000 3.826969385 0.783917248 -0.708079159 -0.608785152 -0.549909353 -0.419381887 0.388714790
1403636738463555584.000000 3.185578108 0.445478410 -0.408080280 -0.572913945 -0.588151991 -0.386470735 0.420103818
1403636738963555584.000000 3.182813168 0.456219107 -0.420531511 -0.628496528 -0.522161961 -0.419323891 0.395608962
1403636741663555584.000000 3.613718510 0.348960698 -1.151090384 -0.732621253 -0.385559320 -0.488567710 0.275520831
1403636744613555456.000000 4.169781208 0.810551047 -2.080957651 -0.736042261 -0.335388988 -0.516449511 0.281133235
1403636747463555584.000000 4.354609966 1.138314247 -2.346254110 -0.735981584 -0.350799412 -0.523501813 0.247420281
1403636750163555584.000000 4.409838676 1.564604998 -1.717596889 -0.732214034 -0.326699704 -0.543658316 0.248124197
1403636750663555584.000000 4.333797455 1.511844039 -1.574903727 -0.734540939 -0.343432456 -0.528811693 0.250722975
1403636751613555456.000000 4.125166893 1.440032840 -1.083560944 -0.744322419 -0.337606370 -0.511351943 0.265566021
1403636752113555456.000000 4.095691204 1.425222039 -0.905332386 -0.743440926 -0.364917219 -0.498806059 0.255584687
1403636754813555456.000000 3.693194389 1.342875004 -0.532796323 -0.561039209 -0.582717597 -0.419008464 0.412440628
1403636755763555584.000000 3.190728188 1.017144084 -0.489307374 -0.549896240 -0.608976901 -0.390688717 0.417281240
1403636756263555584.000000 2.884902000 0.867244542 -0.467103273 -0.546337962 -0.601188719 -0.396957427 0.427213877
1403636756713555456.000000 2.599571943 0.723122954 -0.446405470 -0.542358935 -0.601776481 -0.397024006 0.431374401
1403636757063555584.000000 2.379048586 0.576504469 -0.415803015 -0.541811943 -0.602082431 -0.393538475 0.434815019
1403636757463555584.000000 2.133387566 0.377883613 -0.413027883 -0.540490150 -0.608092070 -0.393326133 0.428239465
1403636757813555456.000000 1.904179573 0.201130062 -0.396925807 -0.538760722 -0.635394394 -0.364984244 0.415689051
1403636758313555456.000000 1.554514885 0.048895177 -0.275360227 -0.520689547 -0.622995973 -0.370951086 0.450725704
1403636758763555584.000000 1.277297258 -0.056577064 -0.288769960 -0.545085788 -0.627060652 -0.338257790 0.441880286
1403636759263555584.000000 1.069086552 -0.079944894 -0.350729018 -0.542600751 -0.602400780 -0.340521812 0.476174951
1403636759663555584.000000 1.020406604 -0.109100536 -0.452735484 -0.520914614 -0.621083915 -0.369182557 0.454540551
1403636760013555456.000000 1.010885954 -0.156162441 -0.482740134 -0.525174022 -0.629276395 -0.362031132 0.444001168
1403636760513555456.000000 1.004005075 -0.210134163 -0.545217335 -0.519229114 -0.623838305 -0.371836126 0.450516075
1403636761013555456.000000 0.987330675 -0.270022154 -0.617762268 -0.517703593 -0.634816885 -0.370283306 0.438042015
1403636761363555584.000000 0.942982733 -0.295163900 -0.661079526 -0.530638814 -0.645040989 -0.350006402 0.424075603
1403636761663555584.000000 0.891873240 -0.278699547 -0.661906302 -0.520519137 -0.626869082 -0.367059439 0.448734194
1403636762013555456.000000 0.850286722 -0.266157985 -0.644623339 -0.524184406 -0.622325540 -0.364650458 0.452737927
1403636762363555584.000000 0.818996310 -0.265425235 -0.623478174 -0.524695814 -0.643218637 -0.367269993 0.419615030
1403636762663555584.000000 0.761793494 -0.242969394 -0.666652083 -0.545098126 -0.610440969 -0.337990016 0.464750201
1403636762963555584.000000 0.763059020 -0.237942860 -0.719014943 -0.525625467 -0.611211360 -0.373193860 0.459200263
1403636763413555456.000000 0.791629076 -0.278247178 -0.752803504 -0.561615050 -0.577731907 -0.376552016 0.457190394
1403636763613555456.000000 0.793841422 -0.295881987 -0.767006814 -0.561590791 -0.577593744 -0.376779944 0.457207024
