1403636579963555584.000000 -0.125494063 0.486258417 0.134838849 -0.614500821 -0.539021850 -0.413743705 0.400824666
1403636582913555456.000000 -0.126198679 0.494455040 0.325448871 -0.623157620 -0.522259593 -0.436422259 0.385298759
1403636585063555584.000000 -0.117063828 0.506340623 0.409702629 -0.614938319 -0.510873258 -0.458490580 0.388131291
1403636587863555584.000000 0.106641129 0.443635970 0.135344744 -0.710200012 -0.561252058 -0.312902808 0.287582785
1403636590513555456.000000 -0.359766781 0.424085081 0.138528079 -0.679714561 -0.599797249 -0.289450139 0.307327181
1403636593363555584.000000 -0.243066922 0.605229437 0.096641459 -0.623683810 -0.641300321 -0.247291893 0.372289151
1403636594113555456.000000 -0.116508678 0.306676000 0.075795278 -0.731809318 -0.525574207 -0.315761983 0.297525436
1403636594563555584.000000 0.135849312 0.407069057 0.071185045 -0.752760589 -0.483344823 -0.363015413 0.260670632
1403636594863555584.000000 0.140487552 0.545446932 0.064802572 -0.731245399 -0.500825703 -0.362448335 0.288244665
1403636596513555456.000000 -0.106797419 0.210795149 0.059506871 -0.708452165 -0.546326160 -0.338944107 0.291101724
1403636597013555456.000000 -0.159433186 0.236887485 0.067810647 -0.695349157 -0.558518112 -0.349681795 0.286827058
1403636598863555584.000000 -0.100170814 0.528860152 -0.048115753 -0.588612080 -0.646968484 -0.310990036 0.371823698
1403636601663555584.000000 -0.061393045 0.635781407 -0.160601199 -0.552257299 -0.573677838 -0.388756305 0.463437319
1403636604163555584.000000 -0.061384760 0.635717988 -0.160713151 -0.552260101 -0.573617220 -0.388843358 0.463436067
1403636606663555584.000000 -0.061356999 0.635859907 -0.160721749 -0.552294612 -0.573555708 -0.388803899 0.463504046
1403636609163555584.000000 -0.061368771 0.635828018 -0.160752550 -0.552291930 -0.573544502 -0.388816208 0.463510901
1403636611663555584.000000 -0.060912848 0.635622859 -0.160837159 -0.552617371 -0.573406935 -0.388437927 0.463610262
1403636614163555584.000000 -0.060773611 0.635609567 -0.160892412 -0.552174926 -0.573421478 -0.389150769 0.463521808
1403636616663555584.000000 -0.060822837 0.635575593 -0.160874113 -0.552264810 -0.573346138 -0.389006883 0.463628590
1403636619163555584.000000 -0.060754456 0.635631621 -0.160909608 -0.552402556 -0.573209882 -0.388816446 0.463792592
1403636621663555584.000000 -0.060699545 0.635795116 -0.160966367 -0.552218676 -0.573337913 -0.389119625 0.463599175
1403636624413555456.000000 -0.056671128 0.632674873 -0.160790890 -0.561032236 -0.575151682 -0.385328621 0.453834027
1403636627163555584.000000 0.057065796 0.642431915 0.157883719 -0.551194847 -0.608007252 -0.381625712 0.425292075
1403636629813555456.000000 0.602348387 0.786058128 0.300378263 -0.666347682 -0.494962007 -0.437441766 0.345887452
1403636631813555456.000000 1.476747274 1.452213049 0.245502472 -0.673243582 -0.464643180 -0.473628312 0.326383352
1403636634663555584.000000 2.272406101 2.933960199 0.105948649 -0.611527026 -0.537010431 -0.436198890 0.383907497
1403636635463555584.000000 2.515119076 3.461683512 0.105817869 -0.603239894 -0.563906550 -0.404778242 0.392766595
1403636635913555456.000000 2.654522896 3.784023762 0.176559418 -0.608422875 -0.548352957 -0.401580691 0.409711599
1403636638463555584.000000 3.169508457 5.173984051 0.410249889 -0.603454590 -0.567460716 -0.392316997 0.399897933
1403636638863555584.000000 3.227144957 5.391817093 0.381805331 -0.597337484 -0.571137130 -0.399627596 0.396595687
1403636641413555456.000000 3.940314770 6.794073105 0.219635919 -0.564582586 -0.585032105 -0.395311505 0.427449256
1403636642963555584.000000 4.201935291 7.099393845 0.193719983 -0.607971370 -0.556935608 -0.411897212 0.387987465
1403636643963555584.000000 4.391530037 7.315310001 0.268637151 -0.612016559 -0.570380330 -0.397305876 0.377160668
1403636644313555456.000000 4.474991322 7.483361244 0.272992730 -0.609416008 -0.556765735 -0.401811033 0.396449298
1403636646763555584.000000 5.607522011 9.129548073 0.053583361 -0.672995687 -0.443528920 -0.485182106 0.339053661
1403636647063555584.000000 5.772730350 9.296554565 0.135752797 -0.679701209 -0.439953923 -0.485940069 0.329103708
1403636649313555456.000000 6.960798740 9.640686989 0.145745546 -0.755926490 -0.292634606 -0.543532193 0.217974842
1403636649713555456.000000 7.144466400 9.619432449 0.320357263 -0.753371060 -0.292371750 -0.543274105 0.227605388
1403636651763555584.000000 7.493219852 9.035291672 0.443313986 -0.789369166 -0.164186418 -0.575739741 0.135878652
1403636654713555456.000000 7.394414425 7.623323441 0.367474854 0.814437211 -0.071550965 0.574298203 0.041882608
1403636654963555584.000000 7.350522041 7.535000324 0.378178209 0.812504828 -0.089253195 0.573170602 0.057837471
1403636655663555584.000000 7.149905682 7.321975708 0.320324332 0.800524950 -0.139384463 0.577481627 0.079036094
1403636656413555456.000000 6.814837933 7.043057919 0.209651694 0.797191679 -0.217380777 0.547987461 0.130156592
1403636657163555584.000000 6.541049004 6.686143398 0.242671371 0.776610374 -0.200832561 0.582918525 0.129416645
1403636659113555456.000000 5.541272163 5.549268723 -0.011080425 0.784597278 -0.205991015 0.563957155 0.154683933
1403636659413555456.000000 5.438598633 5.419831276 -0.094478384 0.788133025 -0.207956031 0.559240103 0.151166305
1403636659763555584.000000 5.327838421 5.300662041 -0.149062142 0.788028419 -0.208462059 0.558211267 0.154774070
1403636660813555456.000000 5.203906536 5.098526001 -0.484326571 0.791951001 -0.202914089 0.549924433 0.170946702
1403636661163555584.000000 5.272429466 5.094038010 -0.638903260 0.783879817 -0.205257177 0.561948478 0.166179985
1403636661763555584.000000 5.362510681 5.219678879 -0.796924591 0.781017840 -0.214186847 0.567028642 0.150378957
1403636662263555584.000000 5.359690189 5.367106438 -0.748865485 0.782086909 -0.210008413 0.566376448 0.153147846
1403636664763555584.000000 5.991142273 5.873192310 -1.159873009 0.788333297 -0.189296171 0.568088353 0.141326919
1403636665013555456.000000 6.147124290 6.000939846 -1.181282997 0.795680046 -0.183891714 0.561007679 0.135453060
1403636667813555456.000000 7.449963093 7.309197426 -1.058916569 0.804067194 -0.190367952 0.551872611 0.112572171
1403636668963555584.000000 7.976282597 7.604145050 -1.221737623 0.794728220 -0.180577382 0.556407392 0.161894307
1403636669213555456.000000 8.112643242 7.718352318 -1.228587985 0.786888838 -0.192536056 0.567422867 0.147537142
1403636669663555584.000000 8.321950912 7.976946354 -1.285562277 0.774522245 -0.189909816 0.584353268 0.150268942
1403636669863555584.000000 8.384972572 8.116920471 -1.305532932 0.767245412 -0.201176152 0.595229387 0.128703296
1403636670263555584.000000 8.403759956 8.368659019 -1.271482587 0.766261458 -0.227097422 0.597079515 0.069037996
1403636670613555456.000000 8.277563095 8.449878693 -1.243700743 0.772369087 -0.204863206 0.600874901 0.020653900
1403636673013555456.000000 6.574868202 6.301410675 -0.704970896 -0.821043849 -0.097734928 -0.560148180 0.050686099
1403636673363555584.000000 6.581432819 6.249135494 -0.716346323 -0.836726844 -0.140140057 -0.525243223 0.066094972
1403636674363555584.000000 6.884899139 6.544636726 -0.746716201 -0.808438420 -0.137395859 -0.563602388 0.099509582
1403636676913555456.000000 8.084959030 8.148653030 -1.192852974 -0.727945209 -0.381628454 -0.497636676 0.277152240
1403636677813555456.000000 8.295415878 8.845749855 -1.292698264 -0.676469803 -0.436800122 -0.488712668 0.335789144
1403636680513555456.000000 8.199242592 9.484018326 -0.952381790 -0.401524276 -0.701372683 -0.354329884 0.470430642
1403636683263555584.000000 6.610485077 8.191340446 -0.874422789 -0.430946261 -0.684683800 -0.321507454 0.492063433
1403636685363555584.000000 5.588322639 6.896180153 -0.900656343 -0.422082543 -0.697966635 -0.314272046 0.485718042
1403636688213555456.000000 4.612588406 5.290736675 -1.113383651 -0.423242241 -0.693446279 -0.309461206 0.494198501
1403636689363555584.000000 4.277075768 4.733777046 -1.322605610 -0.408002704 -0.715106249 -0.277091205 0.495355785
1403636689713555456.000000 4.141155720 4.611786842 -1.242089033 -0.411776125 -0.719977498 -0.262079924 0.493342698
1403636689963555584.000000 4.048203945 4.563622952 -1.195150375 -0.426331311 -0.711783648 -0.245890558 0.501142323
1403636690313555456.000000 3.947894335 4.578754902 -1.153287649 -0.418303758 -0.717700243 -0.264796585 0.489705205
1403636690563555584.000000 3.878496647 4.635546684 -1.104675889 -0.420315176 -0.712608337 -0.263687134 0.495977521
1403636691513555456.000000 4.030220985 5.022503376 -1.095567703 -0.398963749 -0.692632735 -0.280261576 0.531546295
1403636693363555584.000000 5.156894684 5.179646969 -0.459597886 -0.401616663 -0.724033177 -0.278389364 0.486805350
1403636693863555584.000000 5.236143112 5.236908913 -0.402035475 -0.405914962 -0.726728618 -0.266677022 0.485779881
1403636695713555456.000000 5.351727009 5.704570770 -0.362521708 -0.399799168 -0.708488047 -0.294427603 0.501515388
1403636696713555456.000000 5.372392178 5.846727848 -0.460767835 -0.407909304 -0.697362244 -0.294873983 0.510240495
1403636697963555584.000000 5.196364880 5.620097160 -0.349428862 -0.460013092 -0.676610410 -0.331994414 0.469431639
1403636700763555584.000000 4.595040798 4.997309208 -0.758109629 -0.737985969 -0.341782570 -0.517604291 0.265795380
1403636703563555584.000000 5.406215668 4.700894833 -1.242153406 -0.776548743 -0.256630242 -0.542656839 0.191406831
1403636705113555456.000000 6.120880604 4.823968887 -1.377733469 -0.791833103 -0.285486698 -0.509229541 0.179396316
1403636705513555456.000000 6.386872292 5.006306171 -1.422893524 -0.778015196 -0.282757342 -0.529224813 0.186176807
1403636705863555584.000000 6.618838787 5.211081028 -1.480299592 -0.776342511 -0.277386039 -0.532205045 0.192632347
1403636706163555584.000000 6.824125290 5.395939350 -1.499236703 -0.771294117 -0.260972291 -0.536800027 0.221008256
1403636706563555584.000000 7.093315125 5.598238945 -1.561167836 -0.769335806 -0.287180394 -0.537999928 0.190278351
1403636709113555456.000000 8.710032463 7.389457226 -1.601100445 -0.758981824 -0.267260551 -0.564447284 0.184167758
1403636711913555456.000000 8.835731506 9.081032753 -1.806187510 -0.717495263 -0.355067044 -0.537028253 0.265948504
1403636714613555456.000000 7.229259014 8.572679520 -1.171346426 -0.718784034 -0.404541880 -0.481055468 0.297121137
1403636717413555456.000000 6.674055099 7.568726063 -1.006907344 -0.578177750 -0.572831750 -0.428420961 0.392466098
1403636719963555584.000000 5.636917114 6.418649673 -1.232990861 -0.503437102 -0.641084075 -0.346796364 0.463998556
1403636722463555584.000000 5.451304913 5.526729107 -1.341403246 -0.572984815 -0.576768517 -0.407545567 0.415852368
1403636725313555456.000000 5.110748291 4.527795315 -1.125471950 -0.667866409 -0.473348886 -0.458229870 0.346295834
1403636727813555456.000000 4.963246346 4.023291588 -0.669817388 -0.644315302 -0.494063467 -0.466221482 0.351278663
1403636730663555584.000000 4.053940296 2.982825279 -0.430342674 -0.623092234 -0.546655774 -0.416857690 0.373032510
1403636733563555584.000000 3.615110159 2.300160170 -0.399986863 -0.607837617 -0.544084728 -0.431346864 0.385285914
1403636736063555584.000000 2.778532028 1.450343847 -0.122027211 -0.614284873 -0.541572154 -0.426298916 0.384217232
1403636738963555584.000000 2.140485048 1.164897084 0.154717818 -0.637619019 -0.510692775 -0.426281780 0.388482779
1403636741663555584.000000 2.571758032 1.031150341 -0.573318303 -0.739267111 -0.372380644 -0.493231624 0.267468631
1403636744363555584.000000 3.069324255 1.410653353 -1.324969649 -0.738906860 -0.334098458 -0.525231123 0.257928789
1403636747013555456.000000 3.349390984 1.704007268 -1.863691568 -0.760737956 -0.329593182 -0.498108804 0.254034728
1403636749813555456.000000 3.402608633 2.219344616 -1.169909954 -0.744571209 -0.311239153 -0.545866191 0.225330934
1403636751313555456.000000 3.177461624 2.106433630 -0.635618508 -0.751393318 -0.339062512 -0.516322494 0.232068717
1403636751813555456.000000 3.088090420 2.100737095 -0.431557536 -0.754325807 -0.332408518 -0.501995087 0.261721343
1403636754713555456.000000 2.726043701 2.057533264 0.038001303 -0.580966651 -0.562597811 -0.433448792 0.397597253
1403636755563555584.000000 2.284122944 1.793029547 0.071648017 -0.560168445 -0.603802264 -0.395215839 0.406741560
1403636756063555584.000000 1.981386065 1.647023916 0.083632097 -0.559044778 -0.591851532 -0.402408153 0.418626815
1403636756413555456.000000 1.759511113 1.552913904 0.124569319 -0.555186808 -0.591781497 -0.405691355 0.420686305
1403636756863555584.000000 1.468575358 1.406671524 0.132642686 -0.551981747 -0.591773450 -0.404194564 0.426318109
1403636757313555456.000000 1.182238102 1.207510114 0.168730304 -0.550994992 -0.594241679 -0.402512372 0.425752491
1403636757613555456.000000 0.990043700 1.056839228 0.156057417 -0.549765408 -0.609291434 -0.392298251 0.415480584
1403636757913555456.000000 0.781297624 0.928643644 0.201586038 -0.548625112 -0.628213823 -0.367432147 0.411523521
1403636758263555584.000000 0.531829417 0.837266088 0.291484684 -0.531948924 -0.614642978 -0.379410088 0.441919029
1403636758563555584.000000 0.330845445 0.756737411 0.293699473 -0.555729806 -0.620918989 -0.344540507 0.432337791
1403636759063555584.000000 0.080385715 0.721039057 0.256935447 -0.538899541 -0.608867407 -0.372651547 0.447212070
1403636759463555584.000000 -0.030038007 0.702826858 0.173397169 -0.543292761 -0.600926697 -0.363536060 0.459958404
1403636759763555584.000000 -0.046514481 0.673766077 0.106358305 -0.530667663 -0.612419546 -0.378272325 0.447486579
1403636760113555456.000000 -0.056848444 0.624189615 0.079447493 -0.540632308 -0.622333407 -0.365117043 0.432559222
1403636760563555584.000000 -0.063412689 0.577394545 0.019466070 -0.531786621 -0.616759241 -0.377893269 0.440463066
1403636761063555584.000000 -0.086659200 0.519576013 -0.052501559 -0.531799853 -0.626182795 -0.374504864 0.429918796
1403636761413555456.000000 -0.134791911 0.503975868 -0.090568848 -0.539398193 -0.632137179 -0.362134725 0.422268391
1403636761713555456.000000 -0.185759962 0.523004472 -0.088173896 -0.534110188 -0.613369942 -0.372584522 0.446860552
1403636762213555456.000000 -0.229523629 0.536019862 -0.054397862 -0.523366034 -0.627238333 -0.392207205 0.422887087
1403636762563555584.000000 -0.288098305 0.549255610 -0.073244020 -0.552196801 -0.614281356 -0.352923304 0.439525068
1403636762863555584.000000 -0.314447194 0.581026196 -0.143692628 -0.533230543 -0.588611841 -0.377040088 0.476489425
1403636763163555584.000000 -0.277559102 0.538862407 -0.160259575 -0.561321139 -0.565164804 -0.396181375 0.456670165
1403636763463555584.000000 -0.273595989 0.524042487 -0.186244026 -0.571321547 -0.567422509 -0.385979921 0.450158864
1403636763763555584.000000 -0.270538390 0.497524649 -0.208429396 -0.571509302 -0.567223668 -0.385826260 0.450302631
