1403638147795097088.000000 -2.707668781 -1.178659558 1.211751461 -0.583935440 -0.601858497 -0.375675112 0.394530058
1403638149095097088.000000 -2.737198114 -1.011708260 1.468595982 -0.562493086 -0.603309512 -0.385426134 0.413601190
1403638151945096960.000000 -3.777919769 -0.278404921 1.667172432 -0.398560435 -0.722249925 -0.280788630 0.490573525
1403638152445096960.000000 -4.143670082 -0.146909818 1.751969099 -0.394932449 -0.725493550 -0.287093461 0.485041112
1403638152695097088.000000 -4.355677128 -0.090549283 1.741120815 -0.398222774 -0.725825608 -0.283082277 0.484210938
1403638153345096960.000000 -4.980807781 0.064339191 1.841323972 -0.350567698 -0.752673507 -0.237764388 0.504036725
1403638154545096960.000000 -6.341012001 0.324962944 1.908487678 -0.252984881 -0.764693856 -0.200250849 0.557800770
1403638155245096960.000000 -7.088506699 0.231288016 1.990891933 -0.203197941 -0.787591219 -0.169060364 0.556623161
1403638155645096960.000000 -7.494751930 0.069959529 2.013503075 -0.164285034 -0.786548853 -0.139868498 0.578608811
1403638155845096960.000000 -7.676621437 -0.044744171 1.994457364 -0.135251239 -0.789881647 -0.107538320 0.588412702
1403638156245096960.000000 -7.979941845 -0.305617899 1.982880950 -0.061618790 -0.820768595 -0.035513598 0.566816449
1403638156645096960.000000 -8.277720451 -0.539421439 1.999524355 -0.027934553 -0.831105947 -0.003778626 0.555399299
1403638157045096960.000000 -8.621814728 -0.724840105 1.951287031 -0.030579247 -0.833174944 -0.006675454 0.552123010
1403638157245096960.000000 -8.817861557 -0.799863756 1.952851653 -0.035637498 -0.836798370 -0.008708959 0.546280861
1403638158045096960.000000 -9.720609665 -1.101633668 2.024539232 0.058018316 -0.819681227 0.036698770 0.568691373
1403638158245096960.000000 -9.945158005 -1.186077714 2.047490120 0.069947042 -0.819427550 0.060369302 0.565686643
1403638158595097088.000000 -10.327794075 -1.315455914 2.041884899 0.086237617 -0.816107512 0.052552834 0.569007814
1403638159045096960.000000 -10.794443130 -1.490745306 2.036515236 0.070853792 -0.828357875 0.062246770 0.552203238
1403638159245096960.000000 -11.008408546 -1.564283609 2.062897682 0.069366276 -0.841828525 0.059023805 0.532005012
1403638160045096960.000000 -11.878706932 -1.682070374 2.260375261 0.063543797 -0.793693781 0.067461893 0.601216495
1403638160445096960.000000 -12.155738831 -1.607832789 2.525129795 0.074575111 -0.824287713 0.058449041 0.558186471
1403638160695097088.000000 -12.333440781 -1.561958313 2.693025112 0.074205369 -0.826393545 0.058043256 0.555155993
1403638160895097088.000000 -12.485946655 -1.525067925 2.811055899 0.057041571 -0.813836575 0.067004107 0.574392676
1403638161095097088.000000 -12.629705429 -1.471048713 2.914627314 0.027303312 -0.805445075 0.051850118 0.589766443
1403638162095097088.000000 -13.195105553 -1.029387236 3.225204706 -0.093406841 -0.815227628 -0.038002327 0.570293665
1403638162395097088.000000 -13.359016418 -0.848661780 3.305962563 -0.108899996 -0.817588031 -0.033468146 0.564420581
1403638165295097088.000000 -13.917778969 2.041755676 4.020182610 -0.215966240 -0.784257233 -0.119585752 0.569208503
1403638166095097088.000000 -13.485056877 2.917065620 3.886618137 -0.215888321 -0.786315560 -0.144862637 0.560459614
1403638166345096960.000000 -13.315188408 3.154999495 3.932148218 -0.207576141 -0.793539405 -0.147550672 0.552662909
1403638167045096960.000000 -12.898549080 3.749456406 4.153748035 -0.223971263 -0.811262667 -0.109604746 0.528844714
1403638167445096960.000000 -12.760869026 4.161610603 4.261577606 -0.213620469 -0.811792731 -0.125514284 0.528776944
1403638169045096960.000000 -12.497452736 6.385096073 4.516719818 -0.315368712 -0.774133742 -0.221494660 0.502194762
1403638169245096960.000000 -12.517240524 6.684003353 4.495403767 -0.317415237 -0.761766076 -0.210153237 0.524209678
1403638169445096960.000000 -12.539407730 6.982918739 4.453831196 -0.341940939 -0.736137569 -0.197904855 0.549555898
1403638169645096960.000000 -12.531305313 7.287616730 4.421222687 -0.366662234 -0.717923760 -0.217938215 0.550133824
1403638169845096960.000000 -12.483447075 7.586753368 4.415372372 -0.387326628 -0.710840523 -0.262154251 0.525318027
1403638170645096960.000000 -12.180695534 8.517878532 4.448277473 -0.528133929 -0.601593018 -0.353823692 0.483703613
1403638171045096960.000000 -11.904803276 8.826807022 4.488493919 -0.578669786 -0.550992429 -0.395835429 0.452617794
1403638171295097088.000000 -11.685037613 8.961906433 4.487035275 -0.596848965 -0.527669132 -0.410747409 0.443422198
1403638171945096960.000000 -10.930778503 9.051249504 4.445736408 -0.623196661 -0.477010757 -0.433519632 0.442885309
1403638172345096960.000000 -10.315472603 8.860088348 4.452166080 -0.625832140 -0.474575132 -0.447609574 0.427502424
1403638172745096960.000000 -9.637649536 8.508736610 4.321718216 -0.621790648 -0.472254813 -0.444693238 0.438861966
1403638172945096960.000000 -9.270295143 8.265988350 4.220874310 -0.622046411 -0.474235713 -0.437042505 0.444018781
1403638173945096960.000000 -7.155530453 6.657936096 3.389262676 -0.617348313 -0.513221025 -0.440974712 0.401281238
1403638174645096960.000000 -5.751860619 5.395765781 2.781618595 -0.630384922 -0.531900704 -0.420481712 0.378010273
1403638174845096960.000000 -5.370291710 5.068549156 2.636380911 -0.633452177 -0.539352596 -0.415271789 0.367949158
1403638175095097088.000000 -4.915417671 4.704242706 2.492156029 -0.633793950 -0.540011525 -0.416620284 0.364856750
1403638175695097088.000000 -3.921710730 4.079216003 2.319533587 -0.651168287 -0.562154830 -0.394047916 0.323555440
1403638176145096960.000000 -3.276936769 3.941104889 2.224316597 -0.629008651 -0.566736221 -0.420544267 0.326037854
1403638176745096960.000000 -2.652685165 4.035530567 2.170764685 -0.614228606 -0.546867371 -0.445357651 0.353999794
1403638177145096960.000000 -2.393362284 4.134281635 2.212774038 -0.617043257 -0.547492743 -0.442268133 0.352006197
1403638179495097088.000000 -1.364885211 4.458149433 1.862289190 -0.755787849 -0.342087358 -0.501848340 0.244763792
1403638179895097088.000000 -1.059895992 4.444073677 1.762847900 -0.777273118 -0.262092710 -0.534474671 0.203693002
1403638180095097088.000000 -0.904077351 4.429924488 1.741873026 -0.794121444 -0.237170607 -0.528849542 0.182864323
1403638180445096960.000000 -0.606875896 4.408586025 1.707931280 -0.801198721 -0.225799635 -0.527753234 0.169031933
1403638181145096960.000000 0.105363913 4.428106785 1.632576585 -0.800741911 -0.239599511 -0.520145774 0.175649986
1403638181995097088.000000 1.121043682 4.358737946 1.501390696 -0.810382485 -0.119543262 -0.563571215 0.106663965
1403638182245096960.000000 1.399092555 4.274804592 1.529919147 -0.825188577 -0.096499756 -0.549082398 0.090885960
1403638182695097088.000000 1.946421742 4.108568192 1.600279570 -0.833166599 -0.105802774 -0.537731707 0.074052826
1403638182895097088.000000 2.218335867 4.042053223 1.654964566 -0.829744697 -0.108626090 -0.541715562 0.079172462
1403638183295097088.000000 2.790156126 3.928834915 1.705353260 -0.818406403 -0.118850216 -0.556865335 0.077374205
1403638183595097088.000000 3.222998142 3.870245695 1.695502639 -0.830752432 -0.123934329 -0.537974954 0.071228802
1403638184295097088.000000 4.243682861 3.878383875 1.780090690 -0.824579298 -0.121157065 -0.548098624 0.070553958
1403638184495097088.000000 4.526629448 3.913890839 1.800580502 -0.818601191 -0.120807976 -0.557164073 0.069755353
1403638184945096960.000000 5.144988537 4.041906357 1.837578893 -0.814665020 -0.118328512 -0.563404918 0.069958217
1403638185145096960.000000 5.407744884 4.115240574 1.861373901 -0.815790474 -0.118669935 -0.561774850 0.069372013
1403638185395097088.000000 5.727256775 4.223442554 1.895210385 -0.812595665 -0.126883611 -0.565519094 0.061456949
1403638186245096960.000000 6.655067444 4.760346413 1.985587358 -0.808981538 -0.163185060 -0.552189708 0.118347049
1403638186495097088.000000 6.910411835 4.910260677 2.020250559 -0.807635248 -0.166843742 -0.554345548 0.112203278
1403638186745096960.000000 7.158516884 5.064514637 2.055948734 -0.806064725 -0.174248517 -0.556730449 0.099741466
1403638189345096960.000000 7.863720894 6.674235821 2.457151890 -0.720063925 -0.350170791 -0.537501156 0.264539212
1403638190245096960.000000 7.282115459 6.709056854 2.603968620 -0.719661474 -0.393347204 -0.502821147 0.273013383
1403638190495097088.000000 7.151960850 6.760344505 2.591265440 -0.690619826 -0.414978296 -0.529130101 0.266192913
1403638190745096960.000000 6.976851940 6.811323166 2.558237791 -0.688331246 -0.423998803 -0.518863618 0.277859300
1403638191745096960.000000 6.095534325 6.904876232 2.655000687 -0.705827236 -0.428849369 -0.490077674 0.278783143
1403638192095097088.000000 5.783775330 6.975614548 2.645617008 -0.703855276 -0.431275785 -0.493554711 0.273847967
1403638192295097088.000000 5.599249363 7.040743351 2.677037239 -0.701220214 -0.424932420 -0.497042686 0.284026951
1403638192495097088.000000 5.412705421 7.117798328 2.742047071 -0.696914434 -0.419985920 -0.502398670 0.292434186
1403638192895097088.000000 5.020989895 7.245925903 2.888863564 -0.679516971 -0.400144398 -0.525830150 0.318816245
1403638193095097088.000000 4.811377048 7.263640881 2.940685749 -0.672213972 -0.386897951 -0.527608693 0.346507579
1403638195995097088.000000 2.064496756 5.750987053 3.271171570 -0.705782712 -0.450594783 -0.457747579 0.298834771
1403638197795097088.000000 1.449694753 6.180203438 3.448980093 -0.680426478 -0.445758790 -0.495730877 0.304253131
1403638198045096960.000000 1.354593158 6.277681828 3.502850533 -0.671798229 -0.432442397 -0.506200433 0.324718058
1403638198395097088.000000 1.199249387 6.366347313 3.414489269 -0.680132091 -0.439061701 -0.494755983 0.316008955
1403638198695097088.000000 1.045469880 6.415522575 3.287889242 -0.663785577 -0.460118681 -0.515678585 0.285928547
1403638199145096960.000000 0.638847828 6.484362125 3.188158751 -0.657871723 -0.463895738 -0.522806764 0.280497193
1403638199345096960.000000 0.374476373 6.516409874 3.212439299 -0.656674862 -0.457974523 -0.525061011 0.288701415
1403638199745096960.000000 -0.290919453 6.571529865 3.339035034 -0.654932320 -0.472622961 -0.513011873 0.290706247
1403638199945096960.000000 -0.677802742 6.598685741 3.408107996 -0.662203252 -0.472741365 -0.490142226 0.312670946
1403638200145096960.000000 -1.073844671 6.625233173 3.458214283 -0.651114225 -0.487229675 -0.485044509 0.321542174
1403638200345096960.000000 -1.482578158 6.648468494 3.515576363 -0.623307586 -0.505966961 -0.487882167 0.342718780
1403638200745096960.000000 -2.367386580 6.668056488 3.705471992 -0.580488563 -0.557918251 -0.479988277 0.348384380
1403638200945096960.000000 -2.855942488 6.661427975 3.802494287 -0.579548657 -0.567197859 -0.462946087 0.357897878
1403638201145096960.000000 -3.367851496 6.650729656 3.870493412 -0.586899936 -0.560700536 -0.447868347 0.374936581
1403638201345096960.000000 -3.884850502 6.634973526 3.909174919 -0.590657949 -0.556171715 -0.445603788 0.378462046
1403638201745096960.000000 -4.919764042 6.583475113 3.899998665 -0.591230512 -0.549755275 -0.453337014 0.377758175
1403638202145096960.000000 -5.961068153 6.489898682 3.810242176 -0.589890182 -0.557261407 -0.436143905 0.388931602
1403638202545096960.000000 -6.973090172 6.362266064 3.771806717 -0.594311357 -0.565589488 -0.412524521 0.395886660
1403638202745096960.000000 -7.449397087 6.311267853 3.726564169 -0.596209049 -0.565657914 -0.409595072 0.395976901
1403638203545096960.000000 -9.148336411 6.122582912 3.575341463 -0.589931071 -0.556971252 -0.420598567 0.406031072
1403638203945096960.000000 -9.880766869 5.996412277 3.550919294 -0.590045273 -0.558386862 -0.418807477 0.405772090
1403638204145096960.000000 -10.217032433 5.920987129 3.576352358 -0.592936814 -0.560725868 -0.411690831 0.405614406
1403638204345096960.000000 -10.532042503 5.844840050 3.626897335 -0.606934845 -0.557121873 -0.391036600 0.410287499
1403638204595097088.000000 -10.875839233 5.764484406 3.690649748 -0.614648998 -0.552713275 -0.380746722 0.414423287
1403638204845096960.000000 -11.162331581 5.703349113 3.716479063 -0.587498665 -0.578188360 -0.386448890 0.413764179
1403638205045096960.000000 -11.371773720 5.662400723 3.708480835 -0.540858448 -0.617433727 -0.381353915 0.425225914
1403638205245096960.000000 -11.585801125 5.622996330 3.694139957 -0.481570303 -0.663361907 -0.346637577 0.455942422
1403638205645096960.000000 -12.018352509 5.529960632 3.753442526 -0.347876638 -0.728067696 -0.300774843 0.508363903
1403638205845096960.000000 -12.239580154 5.444615841 3.823861122 -0.310770571 -0.739648342 -0.293728948 0.519678116
1403638206045096960.000000 -12.478229523 5.314335823 3.911471367 -0.281022877 -0.755574763 -0.260853380 0.531119883
1403638206295097088.000000 -12.785501480 5.097574711 4.039574623 -0.239513054 -0.767822325 -0.222445071 0.550999701
1403638206795097088.000000 -13.344216347 4.558592319 4.184926987 -0.214341760 -0.769491851 -0.170732424 0.576879740
1403638207045096960.000000 -13.568405151 4.262747288 4.195078850 -0.203182295 -0.768309712 -0.160926148 0.585252106
1403638207295097088.000000 -13.747833252 3.952926636 4.160227299 -0.193250775 -0.767000437 -0.154399469 0.592051804
1403638207545096960.000000 -13.875335693 3.620289564 4.101512432 -0.159051687 -0.771769345 -0.128159851 0.602204084
1403638207795097088.000000 -13.938258171 3.274793863 4.077235222 -0.137692302 -0.791693270 -0.095668077 0.587460935
1403638208045096960.000000 -13.963354111 2.947451830 4.098810673 -0.133721322 -0.803371489 -0.083043210 0.574296772
1403638208295097088.000000 -13.966216087 2.642894506 4.107532978 -0.134315550 -0.795028806 -0.085823402 0.585254610
1403638208545096960.000000 -13.946986198 2.354278564 4.079333782 -0.131807536 -0.802514851 -0.082369700 0.576031148
1403638208795097088.000000 -13.911954880 2.080273867 4.080855370 -0.109670922 -0.806141794 -0.063962631 0.577941716
1403638209045096960.000000 -13.862308502 1.828960180 4.088078976 -0.094345316 -0.805895388 -0.056859538 0.581720293
1403638209295097088.000000 -13.795152664 1.594849944 4.053701401 -0.091420703 -0.806630075 -0.051236667 0.581691384
1403638209545096960.000000 -13.716776848 1.380034447 3.979677677 -0.092129238 -0.804338515 -0.048865367 0.584947824
1403638209795097088.000000 -13.628078461 1.186384082 3.815118313 -0.092699945 -0.804305196 -0.051967263 0.584636092
1403638210045096960.000000 -13.525420189 1.008124232 3.571083546 -0.088858254 -0.796752751 -0.059305608 0.594787598
1403638210295097088.000000 -13.391035080 0.836573958 3.342150211 -0.089326270 -0.789637506 -0.058813989 0.604180753
1403638210545096960.000000 -13.206796646 0.668506145 3.124959469 -0.090240687 -0.789701164 -0.058638994 0.603978753
1403638210845096960.000000 -12.928675652 0.473364115 2.843386889 -0.093044586 -0.788781881 -0.056767236 0.604932547
1403638211145096960.000000 -12.588144302 0.291150630 2.617502689 -0.096167229 -0.798895180 -0.050777066 0.591557443
1403638211395097088.000000 -12.287577629 0.161070734 2.479889870 -0.102630161 -0.800936639 -0.053366870 0.587468863
1403638211645096960.000000 -11.970420837 0.053140923 2.329782248 -0.138426006 -0.795898020 -0.071381629 0.585054994
1403638211895097088.000000 -11.635019302 -0.030561365 2.155983686 -0.200598851 -0.784191608 -0.098752774 0.578836441
1403638212145096960.000000 -11.282554626 -0.079144642 2.017870665 -0.255535334 -0.769650877 -0.138764143 0.568404555
1403638212445096960.000000 -10.833346367 -0.103499763 1.922036290 -0.312646747 -0.748991668 -0.191013202 0.552066624
1403638212745096960.000000 -10.355589867 -0.112286016 1.895703197 -0.373458177 -0.723022997 -0.233077839 0.532392204
1403638212995097088.000000 -9.937847137 -0.113606021 1.917086005 -0.427887797 -0.694173872 -0.269394964 0.512309492
1403638213245096960.000000 -9.506042480 -0.106528841 1.956634998 -0.491287202 -0.660168111 -0.295333475 0.485379428
1403638213495097088.000000 -9.057921410 -0.077640690 1.960813761 -0.561123788 -0.619960606 -0.302986145 0.457152545
1403638213745096960.000000 -8.576193810 -0.007135365 1.951738954 -0.571704745 -0.590357959 -0.358970016 0.442461044
1403638213995097088.000000 -8.084215164 0.077679165 1.974441409 -0.568684220 -0.586171031 -0.382288575 0.432269961
1403638214245096960.000000 -7.603914738 0.160512790 2.024938345 -0.574637055 -0.601764441 -0.368175507 0.414871871
1403638217095097088.000000 -3.500714779 1.009001374 1.658661366 -0.568900287 -0.576394558 -0.412565947 0.417026430
1403638219895097088.000000 -2.841868401 0.360183805 1.655040979 -0.618056297 -0.523458481 -0.424743831 0.404462934
1403638221145096960.000000 -2.781579018 -0.324097335 1.624173999 -0.618332982 -0.538310826 -0.434000164 0.373536736
1403638221545096960.000000 -2.798891068 -0.519853234 1.610974431 -0.626307547 -0.535718322 -0.424968749 0.374361247
1403638222045096960.000000 -2.806499958 -0.728967130 1.595441937 -0.619648516 -0.533848584 -0.433958024 0.377785444
1403638222545096960.000000 -2.814847708 -0.907011867 1.598624229 -0.628762722 -0.542649090 -0.421366900 0.364197016
1403638222845096960.000000 -2.821016312 -0.972691178 1.560018420 -0.620195448 -0.534486651 -0.433560193 0.376440287
1403638223145096960.000000 -2.834216833 -1.040193319 1.520765662 -0.618272901 -0.533437967 -0.435691476 0.378623068
1403638223445096960.000000 -2.850064278 -1.115927219 1.506166339 -0.632983804 -0.531931043 -0.415258437 0.379396141
1403638223745096960.000000 -2.838412285 -1.174026012 1.478645802 -0.624648869 -0.532704532 -0.427920192 0.378052831
1403638224045096960.000000 -2.818039656 -1.226164103 1.438257217 -0.619540572 -0.541831732 -0.435050547 0.365128547
1403638224345096960.000000 -2.817543030 -1.259601355 1.391402245 -0.624733508 -0.543637395 -0.427295238 0.362746954
1403638224595097088.000000 -2.827719927 -1.265398383 1.360884547 -0.618536770 -0.530614138 -0.436352849 0.381388485
1403638224845096960.000000 -2.840971947 -1.274225116 1.332509518 -0.629428148 -0.541924298 -0.420747787 0.364841938
1403638225095097088.000000 -2.854560852 -1.265617013 1.333655477 -0.624193013 -0.526380301 -0.426485389 0.389123410
1403638225345096960.000000 -2.855067730 -1.259968758 1.344183683 -0.624800742 -0.540628970 -0.423889041 0.371028930
1403638225595097088.000000 -2.856414318 -1.246276617 1.338330746 -0.608318329 -0.528861821 -0.447133601 0.387718529
1403638225895097088.000000 -2.869206429 -1.256612182 1.259757996 -0.618166447 -0.539817452 -0.433087260 0.372696638
1403638226295097088.000000 -2.904923916 -1.248491645 1.215680838 -0.630738020 -0.540458977 -0.416285038 0.369838446
1403638226445096960.000000 -2.907073498 -1.247226357 1.220235825 -0.627164662 -0.549865544 -0.416583389 0.361622304
1403638226745096960.000000 -2.905416489 -1.246835828 1.232904911 -0.627455533 -0.549585402 -0.416001439 0.362213045
1403638227245096960.000000 -2.905124187 -1.249347329 1.245707750 -0.627195299 -0.550102770 -0.416236281 0.361608058
1403638227745096960.000000 -2.909559011 -1.251384854 1.249410033 -0.627530277 -0.550037444 -0.415836394 0.361586273
1403638228245096960.000000 -2.917936087 -1.249235392 1.244994998 -0.627856731 -0.549956918 -0.415482551 0.361548871
1403638228745096960.000000 -2.927444458 -1.241889000 1.233248591 0.628163218 0.549592912 0.415576547 -0.361461908
