1413394887055760384.000000 -0.408457935 -2.369756699 -0.568949938 -0.606997907 -0.534412026 -0.433386594 0.397659808
1413394887905760512.000000 -0.432469964 -2.387530565 -0.320285022 -0.627343714 -0.550191820 -0.420158327 0.356645256
1413394888205760512.000000 -0.470729649 -2.326088667 -0.246446624 -0.618936777 -0.544770956 -0.430549234 0.367109388
1413394890805760512.000000 -0.707236409 -1.696778536 -0.025782993 -0.567877531 -0.484523267 -0.492707968 0.447203815
1413394891655760384.000000 -0.526953459 -1.568533778 -0.072910309 -0.617502332 -0.555847526 -0.423995584 0.360488713
1413394892355760384.000000 -0.533592820 -1.069996834 0.093590915 -0.532574236 -0.560404599 -0.459509641 0.437221110
1413394892555760384.000000 -0.596577764 -1.020750880 0.097527854 -0.498408854 -0.595752716 -0.424241662 0.465495944
1413394895105760512.000000 -2.256701231 -2.608413935 -0.072062507 -0.154135898 -0.798809946 -0.082334958 0.575643837
1413394897855760384.000000 -2.533190966 -2.616214037 -0.191619247 -0.158554897 -0.784654677 -0.115198039 0.588138342
1413394898755760384.000000 -1.944814324 -1.485806823 0.042642929 -0.038209058 -0.816814184 -0.134130463 0.559788883
1413394901555760384.000000 -2.343397379 -4.098680496 0.271185011 0.389871359 -0.657040179 0.356664240 0.537670135
1413394902655760384.000000 -1.282073617 -4.746439934 0.201944545 0.592488289 -0.491077602 0.518184721 0.373209059
1413394902755760384.000000 -1.180528045 -4.730140686 0.197070822 0.588423610 -0.506453037 0.530703545 0.340024531
1413394902905760512.000000 -1.062811136 -4.692433357 0.193747416 0.595328152 -0.519262910 0.522936821 0.320136726
1413394905755760384.000000 -1.492151380 -4.728360653 -0.060301378 0.178926468 -0.837827444 0.112281881 0.503411531
1413394908655760384.000000 -1.432084799 -3.575238943 -0.178776324 -0.009163078 -0.858411074 -0.018951343 0.512530267
1413394909055760384.000000 -1.605449915 -3.473877192 0.002010653 0.005269680 -0.728154898 0.006310616 0.685363412
1413394911505760512.000000 -1.021407723 -2.430126905 0.126794964 -0.102824546 -0.869322479 -0.068798289 0.478510618
1413394912655760384.000000 -0.916827500 -2.219270468 0.054282736 -0.237931073 -0.802507043 -0.141456932 0.528546333
1413394915505760512.000000 -2.076611757 -3.540802479 -0.033395309 0.404773146 -0.694201767 0.195686579 0.562093854
1413394917255760384.000000 -1.033787131 -4.878562927 -0.360146701 0.779496074 -0.311648577 0.502209187 0.207477346
1413394917455760384.000000 -1.008788824 -5.016515255 -0.444641173 0.807301700 -0.255004615 0.500428081 0.181130573
1413394917655760384.000000 -0.935644209 -5.166320801 -0.512015224 0.807665586 -0.214226142 0.514154911 0.193463698
1413394918455760384.000000 -0.129380256 -5.421584606 -0.611443937 0.813123226 -0.181093499 0.550037205 0.059116747
1413394919055760384.000000 0.639602602 -5.639887810 -0.584236443 0.795021474 -0.015450170 0.605062902 0.040013857
1413394919255760384.000000 0.847779155 -5.688955307 -0.483918846 -0.778089345 -0.019809969 -0.627820849 0.005058545
1413394919355760384.000000 0.928707123 -5.706182480 -0.416550845 -0.768206358 -0.050203599 -0.637969017 0.018281532
1413394919555760384.000000 1.037420392 -5.723837376 -0.276816249 -0.766463220 -0.126020983 -0.629463434 0.020704793
1413394919655760384.000000 1.065630555 -5.718759060 -0.218680441 -0.783404946 -0.150019005 -0.601722717 0.041241109
1413394919755760384.000000 1.085013270 -5.703739166 -0.171306387 -0.799490154 -0.163631499 -0.572972894 0.075777560
1413394919855760384.000000 1.102734566 -5.681240082 -0.133367509 -0.812468886 -0.175311759 -0.544558883 0.112319715
1413394919955760384.000000 1.124307752 -5.653581619 -0.103920326 -0.816679895 -0.197816789 -0.523594916 0.140538126
1413394920055760384.000000 1.152592421 -5.622335434 -0.083701797 -0.813914478 -0.229248285 -0.507635415 0.165211603
1413394920155760384.000000 1.188774824 -5.587538719 -0.075120181 -0.807457924 -0.263561606 -0.493238539 0.187783763
1413394920355760384.000000 1.287683249 -5.503625393 -0.089367121 -0.777152717 -0.340477198 -0.483363181 0.215566397
1413394920455760384.000000 1.346897006 -5.450813293 -0.101781704 -0.754322886 -0.374080420 -0.490741044 0.224129662
1413394920655760384.000000 1.464624405 -5.317879200 -0.117979348 -0.711875618 -0.428411990 -0.509786010 0.223191708
1413394920855760384.000000 1.549509048 -5.144741535 -0.126525342 -0.704160213 -0.445518076 -0.505848348 0.223135844
1413394922855760384.000000 2.364746571 -3.111615419 -0.407190800 -0.661707163 -0.507536530 -0.431182444 0.344430178
1413394923055760384.000000 2.420350075 -2.932998419 -0.300728470 -0.668510318 -0.512797594 -0.420132369 0.337077856
1413394923655760384.000000 2.578591824 -2.236768007 -0.068582743 -0.638046443 -0.545174956 -0.418686122 0.346962661
1413394924055760384.000000 2.606501579 -1.666385174 -0.017815877 -0.540897191 -0.616573453 -0.405385226 0.403646320
1413394924255760384.000000 2.578972816 -1.384351850 -0.026349235 -0.507166505 -0.642498076 -0.359933674 0.447689921
1413394924455760384.000000 2.540038586 -1.111262441 -0.023672372 -0.468062669 -0.670493007 -0.311188668 0.484270692
1413394924655760384.000000 2.505661964 -0.842735112 -0.010772752 -0.409910351 -0.705363750 -0.285310537 0.503024340
1413394925105760512.000000 2.400710821 -0.315910548 0.062245823 -0.257501364 -0.753019273 -0.287708402 0.532802880
1413394925255760384.000000 2.341112614 -0.207314372 0.093108408 -0.234148666 -0.773558736 -0.276858509 0.519741058
1413394925405760512.000000 2.257396698 -0.137034953 0.118774585 -0.217020854 -0.784667850 -0.269566804 0.514326930
1413394925855760384.000000 1.871092916 -0.099294901 0.080993585 -0.255345464 -0.777049541 -0.192791864 0.542055249
1413394926655760384.000000 0.981200278 -0.218095899 0.017887779 -0.222019404 -0.799698651 -0.134722948 0.541330993
1413394926855760384.000000 0.719217777 -0.245376974 0.015693398 -0.197530568 -0.798057139 -0.049138479 0.567161262
1413394927105760512.000000 0.416952610 -0.208252609 -0.003506648 -0.136435002 -0.804010689 -0.006280858 0.578716576
1413394929005760512.000000 -1.496529818 0.239710286 0.156780243 -0.059829202 -0.802089751 -0.056133285 0.591541827
1413394929455760384.000000 -1.732964754 0.154382110 0.099093437 -0.078093037 -0.784835160 -0.033150617 0.613869846
1413394930905760512.000000 -1.884725332 0.011154667 -0.212786287 -0.080976300 -0.838208854 -0.052251671 0.536766708
1413394931255760384.000000 -1.994145751 0.035536923 -0.253433496 -0.069550015 -0.773271382 -0.073311746 0.625971019
1413394931505760512.000000 -1.994693398 0.006126650 -0.178325817 -0.077705294 -0.778989136 -0.071745560 0.618053675
1413394933655760384.000000 -1.270339251 -0.841709912 -0.084764935 0.422128588 -0.685405672 0.314060658 0.503381133
1413394934055760384.000000 -1.053256750 -0.902127445 -0.226730987 0.481060326 -0.650466800 0.350048989 0.472164899
1413394934255760384.000000 -0.937630892 -0.918609560 -0.277631491 0.509911299 -0.614489019 0.385762215 0.462148547
1413394934405760512.000000 -0.848279119 -0.924000919 -0.340486556 0.541010618 -0.593768716 0.406826675 0.435015410
1413394935005760512.000000 -0.548769891 -0.904889047 -0.596381843 0.588707149 -0.553229749 0.436441362 0.396080524
1413394935255760384.000000 -0.455297947 -0.885091007 -0.589214504 0.566107154 -0.559206903 0.445030957 0.410801440
1413394935705760512.000000 -0.326970190 -0.768677175 -0.687639356 0.556087196 -0.578209460 0.414605886 0.429584384
1413394936005760512.000000 -0.238428146 -0.648554444 -0.704695404 0.554594815 -0.586749911 0.404239029 0.429813862
1413394936205760512.000000 -0.169343114 -0.562339783 -0.749614060 0.588439286 -0.586859107 0.393172443 0.393384010
1413394936405760512.000000 -0.087601580 -0.493685156 -0.805839837 0.627513111 -0.523047388 0.437927186 0.375324488
1413394936605760512.000000 0.007472407 -0.428820342 -0.847658396 0.683917940 -0.434257209 0.475528806 0.342854679
1413394936805760512.000000 0.115736559 -0.354399055 -0.875104725 0.726454258 -0.374425650 0.498428702 0.289203256
1413394937205760512.000000 0.388861209 -0.190601796 -0.906282961 0.790769637 -0.262742519 0.514194250 0.203111231
1413394937305760512.000000 0.472538412 -0.151276380 -0.914332926 0.800256014 -0.247226313 0.517340600 0.175579295
1413394937455760384.000000 0.609363914 -0.101774730 -0.923564076 0.804395080 -0.233272418 0.525384367 0.150012851
1413394937655760384.000000 0.806640685 -0.056839034 -0.934347630 0.801307023 -0.224593297 0.535899282 0.142397225
1413394937855760384.000000 1.013075590 -0.031782851 -0.939345658 0.792504609 -0.235045150 0.544637859 0.141632959
1413394938055760384.000000 1.217351675 -0.031959794 -0.933065057 0.783860385 -0.275229007 0.539155662 0.138286456
1413394938255760384.000000 1.418377876 -0.075802140 -0.881648183 0.775937557 -0.313190132 0.529553294 0.139306024
1413394938455760384.000000 1.610127568 -0.178555489 -0.761029601 0.759208202 -0.328057110 0.530964792 0.184547961
1413394938555760384.000000 1.702166557 -0.242421731 -0.694471598 0.751515985 -0.335810214 0.527243853 0.210876882
1413394938755760384.000000 1.881161451 -0.378172815 -0.598851502 0.739360869 -0.377270460 0.498575836 0.249869183
1413394938955760384.000000 2.060620308 -0.524969101 -0.548872173 0.698228836 -0.453647941 0.487520128 0.262686431
1413394939155760384.000000 2.217898607 -0.694816172 -0.537958980 0.627506435 -0.532230437 0.492295027 0.283922911
1413394939355760384.000000 2.324598789 -0.883737743 -0.559495389 0.587980926 -0.573451936 0.463578075 0.332455605
1413394939955760384.000000 2.466481447 -1.482009292 -0.442678660 0.534009993 -0.626739621 0.418765843 0.382970005
1413394940155760384.000000 2.452603340 -1.683114529 -0.414580286 0.534978688 -0.643648028 0.367635727 0.405412257
1413394940355760384.000000 2.421614408 -1.899577379 -0.431657016 0.485329330 -0.668790340 0.355117261 0.437111795
1413394940555760384.000000 2.371666908 -2.117696762 -0.476006091 0.431608379 -0.694752812 0.325106829 0.474698246
1413394940955760384.000000 2.277795315 -2.559382915 -0.484336108 0.378653169 -0.725299001 0.261772215 0.511896968
1413394941105760512.000000 2.255159855 -2.732705355 -0.449865490 0.347119242 -0.753031135 0.278087258 0.484891623
1413394941305760512.000000 2.192827702 -2.955766201 -0.393150747 0.319104075 -0.778857768 0.279382408 0.462059230
1413394941705760512.000000 1.907034755 -3.406180382 -0.234991297 0.356544346 -0.756226540 0.204684928 0.509020329
1413394941855760384.000000 1.785024643 -3.600413322 -0.175423115 0.331404716 -0.756630898 0.216468528 0.520405710
1413394942355760384.000000 1.262015820 -4.160927773 0.042225376 0.181144267 -0.805378914 0.314758658 0.468485475
1413394942505760512.000000 1.001321197 -4.225410938 0.124647222 0.151961073 -0.812559009 0.283513963 0.486081719
1413394942655760384.000000 0.702036560 -4.243196487 0.177412495 0.115072645 -0.815173388 0.241882950 0.513559401
1413394943105760512.000000 -0.208534881 -4.107393742 0.100457221 0.061440740 -0.744099975 0.001727320 0.665234864
1413394945005760512.000000 -0.787800372 -4.865608692 -0.481199682 -0.373405397 -0.785732627 -0.185890764 0.456768185
1413394945255760384.000000 -0.913649976 -4.782526016 -0.561908245 -0.435404480 -0.726271987 -0.278685242 0.453085512
1413394946155760384.000000 -1.313491225 -4.432155609 -0.736177087 -0.700335026 -0.408499837 -0.457674384 0.364956021
1413394946355760384.000000 -1.270468593 -4.427180767 -0.750212550 -0.741555750 -0.326882273 -0.499229401 0.306615591
1413394946555760384.000000 -1.200200319 -4.455320358 -0.761603296 -0.780570805 -0.233681247 -0.520931125 0.254427105
1413394946755760384.000000 -1.107676268 -4.525579929 -0.765151381 -0.789935827 -0.159501463 -0.567768633 0.167927474
1413394946955760384.000000 -1.018684506 -4.621726513 -0.766508818 -0.794954360 -0.076233730 -0.596282959 0.081746690
1413394947155760384.000000 -0.953277409 -4.725178242 -0.750549793 0.797767937 -0.010848651 0.602867007 0.000427139
1413394947355760384.000000 -0.915105700 -4.819511414 -0.678326488 0.795239389 -0.090896532 0.595236063 0.070896022
1413394947555760384.000000 -0.893175244 -4.888644695 -0.554373860 0.788295388 -0.137637764 0.590364993 0.105430417
1413394947755760384.000000 -0.880079865 -4.932948112 -0.455584437 0.823926091 -0.153764457 0.535050571 0.105939366
1413394948655760384.000000 -0.276664168 -5.099200726 -0.088486135 0.736550212 -0.012127609 0.675239563 0.037395075
1413394949255760384.000000 -0.263791084 -5.005213737 0.047189645 0.871596277 -0.035880558 0.486702591 0.046401516
1413394949455760384.000000 -0.218610302 -4.937296391 0.032019082 0.882591307 -0.042303834 0.465763301 0.048037499
1413394949855760384.000000 0.072297610 -4.754796982 0.061147004 0.760627091 -0.041318160 0.646160126 0.047078483
1413394950055760384.000000 0.155462950 -4.633037090 0.072524399 0.762122452 -0.045924399 0.645801961 0.000321652
1413394950155760384.000000 0.170979932 -4.573864937 0.078288436 0.770438075 -0.042796735 0.635244846 -0.032522399
1413394950255760384.000000 0.172544479 -4.523625851 0.079816021 0.798555553 -0.036705546 0.597872138 -0.059250843
1413394950355760384.000000 0.168852955 -4.488170624 0.083071522 0.831772387 -0.014699019 0.552652538 -0.050138168
1413394950455760384.000000 0.170782879 -4.463694572 0.090955235 -0.855286598 -0.009846416 -0.517327189 0.027578691
1413394950655760384.000000 0.224979222 -4.417680264 0.121068060 -0.868070841 -0.032012999 -0.495397300 0.003136479
1413394950855760384.000000 0.351769984 -4.347447395 0.180222556 -0.803640842 -0.051469505 -0.592839003 0.007371349
1413394951055760384.000000 0.456921488 -4.249938965 0.243838161 -0.720710874 -0.082095958 -0.687310219 0.037959129
1413394951155760384.000000 0.469482690 -4.195437431 0.274287999 -0.704638362 -0.095957696 -0.699984074 0.065568075
1413394951255760384.000000 0.449089825 -4.142917156 0.301686227 -0.720427871 -0.109800786 -0.677816987 0.097425118
1413394951655760384.000000 0.245324388 -3.991019011 0.414928049 -0.880554974 -0.149237320 -0.435433745 0.112909831
1413394951855760384.000000 0.282132059 -3.900013685 0.516456723 -0.873745859 -0.150852159 -0.451822281 0.098328248
1413394952055760384.000000 0.430285662 -3.778477907 0.644748390 -0.797418475 -0.144192129 -0.576800764 0.103118449
1413394952455760384.000000 0.663312495 -3.538595200 0.745134473 -0.801970422 -0.135126367 -0.564196467 0.142361268
1413394952955760384.000000 0.928397298 -3.312975645 0.877786279 -0.749080002 -0.192238808 -0.616040647 0.149724185
1413394953055760384.000000 0.971413612 -3.272306204 0.893868983 -0.722836673 -0.189439207 -0.645482540 0.158026367
1413394953155760384.000000 0.995000720 -3.238755941 0.901637971 -0.706752479 -0.186358020 -0.662748516 0.162899196
1413394953255760384.000000 0.991474748 -3.216049194 0.919128716 -0.696518540 -0.183488443 -0.673719764 0.165213913
1413394953455760384.000000 0.885527432 -3.212267876 1.004469395 -0.695894361 -0.178607777 -0.675771296 0.164813757
1413394954055760384.000000 0.362906098 -3.245889664 0.681180239 -0.825860620 -0.204274997 -0.514117062 0.109130986
1413394954255760384.000000 0.266422600 -3.186751842 0.508056939 -0.756391227 -0.198621288 -0.609014869 0.132373959
1413394954655760384.000000 -0.080226600 -3.092392683 0.249950051 -0.805240154 -0.187893704 -0.543469071 0.144657314
1413394954855760384.000000 -0.274716556 -3.060034037 0.141655356 -0.865086019 -0.173879951 -0.452090889 0.130406126
1413394955055760384.000000 -0.378668129 -3.005097628 0.031048907 -0.819894731 -0.183626965 -0.529005706 0.119192660
1413394955255760384.000000 -0.457987040 -2.926311255 -0.080495760 -0.751876771 -0.212203369 -0.606509089 0.147640809
1413394955455760384.000000 -0.578269005 -2.850195169 -0.168776497 -0.771929026 -0.232798040 -0.548112631 0.222493529
1413394957005760512.000000 -0.556484163 -2.339667082 -0.057564609 -0.730687022 -0.434901327 -0.453736484 0.266609430
1413394959505760512.000000 -0.341495097 -2.126129389 0.248247743 -0.460500091 -0.659464359 -0.345315933 0.483532131
1413394960655760384.000000 -0.654199243 -1.888543606 0.244485408 -0.233563647 -0.834971011 -0.131510511 0.480600178
1413394962655760384.000000 -1.744933367 -2.042168856 0.199450016 -0.146067277 -0.730116248 -0.131476030 0.654452980
1413394964955760384.000000 -1.276495576 -3.700550556 -0.252315760 -0.195515558 -0.853296578 -0.030403778 0.482425481
1413394965155760384.000000 -1.322260857 -3.738749027 -0.207752123 -0.170890152 -0.808907509 -0.065777369 0.558693707
1413394967555760384.000000 -0.777104735 -4.200673580 -0.068547055 0.366109639 -0.677464068 0.316470951 0.553942502
1413394967805760512.000000 -0.675479054 -4.217800140 -0.027287044 0.444560528 -0.701116979 0.308718771 0.464212924
1413394968055760384.000000 -0.580243945 -4.243474960 0.056841232 0.479721993 -0.631193161 0.371768951 0.482959539
1413394968305760512.000000 -0.481283575 -4.243786335 0.080873117 0.540753901 -0.634430885 0.364024848 0.415413737
1413394968655760384.000000 -0.356574476 -4.291408539 0.056960985 0.578608155 -0.605050325 0.384376258 0.389077932
1413394968905760512.000000 -0.273975939 -4.375233650 0.050517403 0.591722846 -0.581618607 0.383549780 0.405553311
1413394969155760384.000000 -0.169877023 -4.487797260 0.051051892 0.582486272 -0.558981597 0.433537632 0.400367826
1413394969455760384.000000 -0.056835301 -4.599514484 -0.042871915 0.580573440 -0.527322710 0.464938492 0.410728127
1413394969755760384.000000 0.050662696 -4.638833523 -0.166998670 0.625271618 -0.522331238 0.398443401 0.421246231
1413394970055760384.000000 0.244720608 -4.660934448 -0.237613231 0.624414861 -0.553838611 0.391810626 0.387108862
1413394970355760384.000000 0.494455248 -4.738119125 -0.201448888 0.589210272 -0.554146171 0.440287054 0.389744222
1413394970755760384.000000 0.748756051 -4.807803154 -0.236861497 0.533303738 -0.557858229 0.513270438 0.375412732
1413394971055760384.000000 0.793493390 -4.765661240 -0.260444939 0.603150964 -0.551610291 0.412266254 0.402456731
1413394971355760384.000000 0.847291410 -4.726642132 -0.215014189 0.626438200 -0.588785112 0.364760190 0.357571334
1413394971655760384.000000 0.930064201 -4.831071377 -0.193317205 0.608305037 -0.610587537 0.382680804 0.332721114
1413394971955760384.000000 0.963534951 -5.070273876 -0.138696507 0.527600169 -0.596981406 0.455635756 0.397048205
1413394972155760384.000000 0.927417696 -5.207334518 -0.125413418 0.474928111 -0.610447705 0.449486405 0.446943879
1413394972355760384.000000 0.851162791 -5.282122612 -0.149494901 0.412417918 -0.649537325 0.411297768 0.488719791
1413394972755760384.000000 0.612524688 -5.235956669 -0.243494749 0.294619024 -0.761855304 0.238730147 0.525151372
1413394973205760512.000000 0.313141674 -5.125851631 -0.280064225 0.116504848 -0.807278037 0.077895761 0.573289633
1413394973455760384.000000 0.167611480 -5.089243889 -0.298326224 -0.000540231 -0.819591820 0.018233890 0.572657526
1413394973955760384.000000 -0.133566529 -4.988688946 -0.296783417 -0.215313181 -0.786770403 -0.132363483 0.563127458
1413394974255760384.000000 -0.290197074 -4.923163414 -0.280053616 -0.340881020 -0.738092005 -0.203488886 0.545538783
1413394975255760384.000000 -0.433293134 -4.561655045 -0.272351205 -0.571824133 -0.556246042 -0.428920299 0.423833460
1413394975505760512.000000 -0.438800216 -4.504869938 -0.365519911 -0.599995673 -0.533350229 -0.449378014 0.391921163
1413394975755760384.000000 -0.463324785 -4.470794201 -0.436447293 -0.623129129 -0.532517135 -0.444820911 0.360929281
1413394975955760384.000000 -0.499992788 -4.432829857 -0.464310586 -0.619762838 -0.528415561 -0.452255219 0.363505602
1413394976605760512.000000 -0.727291584 -4.378606319 -0.499243319 -0.582196474 -0.505412936 -0.491526008 0.404978156
1413394976855760384.000000 -0.858983874 -4.462334633 -0.507944465 -0.617251694 -0.501773834 -0.443594486 0.412852734
1413394977105760512.000000 -0.955276012 -4.580284595 -0.506515741 -0.692794442 -0.520295799 -0.345690310 0.360314399
1413394977405760512.000000 -0.930317521 -4.573296070 -0.442610770 -0.704991043 -0.545360863 -0.343862355 0.295512825
1413394977705760512.000000 -0.806978941 -4.300535202 -0.300642192 -0.687524319 -0.557010949 -0.374627799 0.276953489
1413394979605760512.000000 -0.774557590 -1.148142695 0.084194228 -0.570643008 -0.408591390 -0.517902672 0.489077210
1413394981005760512.000000 -1.194152951 -2.105503082 0.286292732 -0.653420687 -0.487887800 -0.447695613 0.366845459
1413394981205760512.000000 -1.288084269 -2.276913643 0.269063979 -0.660578310 -0.482800633 -0.436499923 0.374176025
1413394981505760512.000000 -1.380864143 -2.515886784 0.200175241 -0.658245564 -0.489533991 -0.448368996 0.355013371
1413394981755760384.000000 -1.432507753 -2.689959049 0.155304775 -0.671844363 -0.487329304 -0.443675280 0.338064492
1413394982455760384.000000 -1.361046195 -3.025895596 0.092315421 -0.755757570 -0.329055160 -0.470399201 0.315083802
1413394982855760384.000000 -1.039342523 -3.273721218 0.145380437 -0.790800393 -0.224819213 -0.513790011 0.245175168
1413394983005760512.000000 -0.873641193 -3.395184040 0.174548298 -0.797048509 -0.197477505 -0.530887425 0.209463447
1413394983205760512.000000 -0.633980393 -3.568778992 0.217642680 -0.796887279 -0.184848130 -0.548577309 0.172814488
1413394984405760512.000000 0.591651559 -4.271905899 0.120135255 -0.777762592 -0.262314260 -0.554722130 0.136235431
1413394984705760512.000000 0.770181119 -4.248612881 0.051146876 -0.773992717 -0.298355371 -0.536201298 0.156228960
1413394985005760512.000000 0.920583129 -4.125260830 0.013213757 -0.750872016 -0.348945737 -0.522365570 0.203868181
1413394985305760512.000000 1.044775367 -3.926061153 0.016629025 -0.732564628 -0.385171801 -0.510445058 0.233318791
1413394985605760512.000000 1.161705017 -3.674074650 0.124739967 -0.745567083 -0.367086768 -0.480266809 0.280572325
1413394987605760512.000000 1.978673458 -1.379142880 0.569891036 -0.696649432 -0.378834873 -0.559579074 0.240904808
1413394987705760512.000000 1.981590509 -1.265504599 0.575186789 -0.689064145 -0.377777040 -0.569108248 0.242055461
1413394989305760512.000000 0.738564730 -0.701057136 0.653966188 -0.779440820 -0.188775584 -0.579189420 0.146203265
1413394989405760512.000000 0.633612514 -0.730020702 0.646257102 -0.783029616 -0.186707452 -0.573352337 0.152552217
1413394989505760512.000000 0.527317822 -0.759807944 0.637889385 -0.785287321 -0.185294136 -0.568737209 0.159774259
1413394989605760512.000000 0.420739323 -0.791551232 0.622545660 -0.787853301 -0.184419036 -0.563307822 0.167216063
1413394990005760512.000000 0.026636198 -0.934879601 0.472342461 -0.784107983 -0.258957326 -0.512843668 0.234749019
1413394990355760384.000000 -0.235272795 -1.066186786 0.266726315 -0.712432027 -0.423110574 -0.484190255 0.281029969
1413394990755760384.000000 -0.497356057 -1.141373873 0.045661457 -0.673488379 -0.493940055 -0.442613453 0.326389462
1413394991205760512.000000 -0.743136525 -1.066693664 -0.125095367 -0.679758310 -0.479154736 -0.446219176 0.330496490
1413394991505760512.000000 -0.865653217 -0.947552741 -0.199327916 -0.709840238 -0.431840271 -0.459683150 0.313579887
1413394991905760512.000000 -0.954659402 -0.751107275 -0.258522183 -0.724931717 -0.350141764 -0.523063421 0.279784560
1413394992355760384.000000 -1.010989070 -0.600155532 -0.300801277 -0.764572740 -0.280866623 -0.519709349 0.257768422
1413394992855760384.000000 -0.992185295 -0.532807112 -0.284884930 -0.773214877 -0.237971932 -0.553525031 0.197783440
1413394993355760384.000000 -0.971958756 -0.501570463 -0.361124784 -0.780504227 -0.232522398 -0.555643439 0.167352974
1413394993805760512.000000 -0.970665276 -0.453923821 -0.501084924 -0.783692241 -0.221323997 -0.556971133 0.163172469
1413394994155760384.000000 -0.975796282 -0.420190513 -0.650446236 -0.806264102 -0.121172294 -0.562572956 0.136993289
1413394994505760512.000000 -0.970025063 -0.450718254 -0.699010551 -0.812977850 -0.054386273 -0.578682482 0.035153788
1413394994905760512.000000 -0.971399724 -0.434653223 -0.637899101 -0.805069804 -0.029392157 -0.592449486 0.001526911
1413394995105760512.000000 -0.986590981 -0.390293658 -0.636342883 -0.803500831 -0.017388301 -0.594588757 0.023415688
1413394995305760512.000000 -1.012918949 -0.344106078 -0.707158625 -0.819795251 -0.008689605 -0.570829809 0.044873722
1413394995705760512.000000 -1.010694146 -0.292369068 -0.863465190 -0.826809764 -0.019513451 -0.561153531 0.033338416
1413394996105760512.000000 -0.959767461 -0.261612713 -0.929473162 -0.803107083 -0.016914144 -0.594881356 0.029141821
1413394996405760512.000000 -0.944359303 -0.252585948 -0.930766642 -0.803963006 -0.024988931 -0.593448222 0.028952288
1413394996905760512.000000 -0.893211484 -0.234111145 -0.907843888 -0.804298580 -0.026525835 -0.593017638 0.027025420
1413394997405760512.000000 -0.829461932 -0.208608150 -0.884733021 -0.804399848 -0.026218152 -0.592870116 0.027541876
1413394997905760512.000000 -0.753711522 -0.175172821 -0.861021042 -0.804515362 -0.026013315 -0.592724025 0.027504995
