1413393889605760512.000000 -0.185333818 0.228743702 0.161868513 -0.584033430 -0.574770749 -0.399060547 0.411453694
1413393892205760512.000000 -0.754354596 -0.349369526 0.561400294 -0.578653097 -0.570928693 -0.416050851 0.407556981
1413393893505760512.000000 -1.278281212 -1.337322235 0.540520787 -0.625252247 -0.592978835 -0.354621679 0.362876266
1413393895605760512.000000 -1.095257401 1.126354337 0.526503921 -0.584588587 -0.552783072 -0.419300050 0.420564532
1413393895805760512.000000 -1.022061706 1.323238730 0.490915865 -0.598084271 -0.530844867 -0.440960795 0.407495499
1413393898505760512.000000 -0.006248601 2.371277571 0.720002949 -0.720870674 -0.036592253 -0.688500643 0.070521802
1413393901005760512.000000 -0.473606169 2.136563301 0.799718142 -0.756626308 -0.024970034 -0.650090873 0.065384388
1413393903055760384.000000 0.310357988 2.252123356 0.839298189 -0.839653730 -0.019176975 -0.540358722 0.051249094
1413393903805760512.000000 0.991160095 2.644970655 0.929116666 0.791934967 -0.109086074 0.600535333 0.017224690
1413393904705760512.000000 1.465615034 2.520886660 1.003512740 0.814284742 -0.160967812 0.547345817 0.106968530
1413393907405760512.000000 2.240684509 1.531996369 0.471358210 0.608751833 -0.522511959 0.402798682 0.440631032
1413393909805760512.000000 2.329961538 2.251107693 0.139592677 0.591122746 -0.591304421 0.371272266 0.403843850
1413393910105760512.000000 2.371277332 2.349387407 0.011036478 0.594482481 -0.615824044 0.343116999 0.386810184
1413393910605760512.000000 2.499027729 2.151702881 -0.003226172 0.581791520 -0.654256225 0.343240470 0.340078592
1413393910855760384.000000 2.527245283 1.867437482 -0.019760229 0.577796936 -0.629473627 0.377933502 0.356482655
1413393912155760384.000000 2.510289907 0.315294236 -0.061426796 0.590031028 -0.621454000 0.391518861 0.335218251
1413393912355760384.000000 2.494910955 0.087556168 0.064552836 0.590006292 -0.634423256 0.378479898 0.325810760
1413393913555760384.000000 1.940975785 -1.592167377 0.288632810 0.387080342 -0.691913664 0.388930410 0.469209343
1413393913755760384.000000 1.745834947 -1.742630482 0.283512026 0.323086649 -0.709398270 0.350468248 0.519173622
1413393914555760384.000000 0.988546491 -1.682064772 0.438127279 0.123776495 -0.799391270 0.109638028 0.577609301
1413393914805760512.000000 0.814068019 -1.584909201 0.509154320 0.042266283 -0.812585175 0.084123045 0.575188994
1413393917655760384.000000 -1.011577725 -1.595422983 1.035815716 -0.435524791 -0.712536514 -0.235484719 0.497148782
1413393918205760512.000000 -1.017024994 -1.491622567 1.005819559 -0.608850062 -0.553977191 -0.376829922 0.424747258
1413393918455760384.000000 -0.952475011 -1.421187878 1.009637713 -0.677841365 -0.478810608 -0.412544012 0.375604808
1413393918655760384.000000 -0.849768579 -1.357266665 1.023683548 -0.723533154 -0.405935615 -0.450416982 0.329910040
1413393919305760512.000000 -0.294064820 -1.313771725 1.091805816 -0.774977207 -0.066071205 -0.613484323 0.136682421
1413393919505760512.000000 -0.157142758 -1.397971630 1.089900613 -0.764639854 0.028145494 -0.636444986 0.097322032
1413393922405760512.000000 -0.749093354 -2.818618059 -0.301025599 0.847864985 -0.042460199 0.526875019 0.041530307
1413393922705760512.000000 -0.643615544 -2.783241034 -0.432721972 0.831823349 -0.076938055 0.549676538 0.002516356
1413393923005760512.000000 -0.453981459 -2.810208797 -0.522148848 0.842908859 -0.058684845 0.534246385 0.025329636
1413393923205760512.000000 -0.276600897 -2.848398209 -0.522615135 0.850546956 -0.045141309 0.521703660 0.048554637
1413393924405760512.000000 1.346924543 -3.182986498 -0.323783517 -0.767556489 -0.317399502 -0.547539890 0.101560876
1413393924605760512.000000 1.591892481 -3.146147013 -0.272313237 -0.736120939 -0.365033805 -0.564156592 0.081262924
1413393924805760512.000000 1.748455167 -3.005727053 -0.187724173 -0.706060171 -0.375839502 -0.595557690 0.074396275
1413393927705760512.000000 2.528773069 0.524261236 0.996138513 -0.631692767 -0.531178832 -0.467373788 0.316820204
1413393927905760512.000000 2.600155354 0.725919247 1.109649539 -0.587157249 -0.551594079 -0.498700500 0.319825351
1413393928305760512.000000 2.526733875 1.115842223 1.290056229 -0.584218562 -0.546813190 -0.498059690 0.334096760
1413393928755760384.000000 2.216219902 1.471887350 1.346655130 -0.609704137 -0.487572134 -0.475621432 0.405362427
1413393928905760512.000000 2.109774113 1.546834707 1.362154126 -0.604936004 -0.493337065 -0.491673231 0.385912597
1413393930005760512.000000 1.014182806 1.622720361 1.599069715 -0.782201827 -0.223613575 -0.541791320 0.211233243
1413393931355760384.000000 -0.039914452 1.190104604 1.234524488 -0.795993149 -0.182685226 -0.550730109 0.172387093
1413393932855760384.000000 -0.232440546 0.090675600 0.621171653 -0.786897779 -0.217276827 -0.562713742 0.130138546
1413393935605760512.000000 -0.532507062 -1.703652501 0.053311653 -0.702672243 -0.467260301 -0.463046640 0.271122664
1413393935955760384.000000 -0.461719841 -1.716329694 0.099630080 -0.625452936 -0.557762563 -0.467013478 0.282149047
1413393936205760512.000000 -0.519461691 -1.631976604 0.138929188 -0.602547646 -0.573024392 -0.400406539 0.385037869
1413393936455760384.000000 -0.591223836 -1.506334066 0.189071968 -0.550147772 -0.618207932 -0.325358570 0.457491279
1413393939305760512.000000 -0.171116829 -1.967237949 0.652298629 -0.012604327 -0.789860010 -0.010222444 0.613072515
1413393940455760384.000000 -0.112637073 -2.414157152 0.493981868 -0.037517499 -0.780257106 0.016277699 0.624120414
1413393940705760512.000000 0.024745710 -2.411439896 0.481909722 -0.067101270 -0.876764059 0.040029190 0.474531293
1413393941055760384.000000 -0.025676407 -2.259991169 0.562876880 -0.062743403 -0.805765450 0.012423452 0.588770807
1413393941305760512.000000 -0.076935127 -2.089763641 0.634509206 -0.042672079 -0.743923187 -0.001452931 0.666899741
1413393941805760512.000000 0.006587513 -1.717031002 0.711184323 -0.035078432 -0.882272005 0.001890639 0.469427317
1413393943955760384.000000 -0.280455947 -0.650124788 0.709690273 -0.052003562 -0.863597155 -0.044938274 0.499475896
1413393946555760384.000000 -0.347524315 -0.447625101 0.789581716 -0.487121552 -0.640923500 -0.332865447 0.491050303
1413393949255760384.000000 -0.487027436 -1.022054672 0.476698786 -0.792758465 -0.108570032 -0.595094979 0.074891247
1413393952105760512.000000 -0.486103684 -2.761515856 0.257783085 0.814886153 -0.032604441 0.577533066 0.036786426
1413393953855760384.000000 0.397138149 -2.874327898 0.360654831 -0.789370358 -0.057565749 -0.610317886 0.033055350
1413393954255760384.000000 0.483226478 -2.950990200 0.339981735 -0.826270461 -0.105356246 -0.549919546 0.061365061
1413393955655760384.000000 1.547880888 -2.455088854 0.497625470 -0.727373660 -0.327479988 -0.555382550 0.235020638
1413393956005760512.000000 1.798471093 -2.246369123 0.457011789 -0.703551531 -0.416913092 -0.523772538 0.238455504
1413393956655760384.000000 2.012059927 -1.766161203 0.447436690 -0.625141621 -0.506475449 -0.460595131 0.374877125
1413393956955760384.000000 2.065458298 -1.580886722 0.452141345 -0.582570195 -0.580149233 -0.385852307 0.418517381
1413393959805760512.000000 2.150357246 -0.396235317 0.063424230 -0.254938275 -0.729528666 -0.209473863 0.599095404
1413393960955760384.000000 2.113977432 -0.413757801 -0.211889848 -0.171664894 -0.816100657 -0.111610144 0.540420413
1413393961255760384.000000 2.000446320 -0.400789171 -0.301561713 -0.152293935 -0.796239495 -0.092878640 0.578085423
1413393961855760384.000000 2.002281189 -0.372392178 -0.072419867 -0.142709941 -0.791685462 -0.111507438 0.583467245
1413393962105760512.000000 2.079193830 -0.399463862 0.175853103 -0.146101624 -0.810442746 -0.106794663 0.557164073
1413393962355760384.000000 2.121119022 -0.433265328 0.498654753 -0.148965389 -0.826020241 -0.100089982 0.534304976
1413393962605760512.000000 2.113261223 -0.457585126 0.755298197 -0.167354003 -0.851562023 -0.106997244 0.485166192
1413393962855760384.000000 2.016949415 -0.453645587 0.919331193 -0.202947304 -0.823688090 -0.183547556 0.496649563
1413393963105760512.000000 1.839369297 -0.466825545 1.023822427 -0.266258568 -0.769446731 -0.273817033 0.511939824
1413393963355760384.000000 1.608350754 -0.541126788 1.057061076 -0.360100657 -0.708333910 -0.316111892 0.518327951
1413393963605760512.000000 1.355535865 -0.667537987 1.022615790 -0.438015670 -0.661535263 -0.352951407 0.495922089
1413393965105760512.000000 -0.121413589 -2.011713028 0.287518233 -0.754518151 -0.387914538 -0.405133247 0.340722263
1413393965355760384.000000 -0.123301864 -2.239927530 0.243211776 -0.798221707 -0.366339475 -0.383281171 0.285890102
1413393968105760512.000000 -0.664306104 -0.954570055 0.420653522 -0.812523007 -0.191181362 -0.529091656 0.152703092
1413393970705760512.000000 -1.031673193 -0.706926048 0.573819935 0.808064699 -0.029153017 0.584857166 0.064216763
1413393973455760384.000000 -2.149385929 0.074852802 0.459776521 0.767919898 -0.034476832 0.635032237 0.076449066
1413393973755760384.000000 -2.310906887 0.276660800 0.422516167 0.763418496 -0.055122267 0.642929494 0.028202230
1413393974055760384.000000 -2.590354919 0.456849307 0.393002272 0.832577050 -0.122674949 0.533775687 -0.082763687
1413393974355760384.000000 -2.778022289 0.396633446 0.430599868 0.910514951 -0.063406974 0.408560187 -0.004553382
1413393974605760512.000000 -2.643987894 0.266726106 0.532482564 -0.898814321 -0.015633032 -0.429901659 -0.084101602
1413393974905760512.000000 -2.220246553 0.246754229 0.660520017 -0.822762370 -0.035188980 -0.560837030 -0.085356340
1413393975205760512.000000 -1.766914129 0.366059333 0.666306973 0.790236175 -0.012576617 0.612148106 0.025362706
1413393977905760512.000000 -0.749288738 1.302358508 0.684542596 0.816177428 -0.003569333 0.577212155 0.025841484
1413393980255760384.000000 -0.946597278 1.091599226 0.793628395 0.665721953 -0.513069689 0.426168323 0.334595829
1413393981855760384.000000 -1.221202970 -0.605450809 0.927860141 0.657050192 -0.509362578 0.426742673 0.355985463
1413393982155760384.000000 -1.177917361 -1.030920863 0.892131329 0.681640983 -0.454376876 0.455705225 0.348195434
1413393982405760512.000000 -1.077729344 -1.363852024 0.878171504 0.722586215 -0.385020703 0.491405576 0.296898842
1413393983905760512.000000 0.060847845 -2.005237579 0.886697292 -0.742629409 -0.327590436 -0.567602277 0.137890816
1413393984205760512.000000 0.121479556 -1.719057798 0.938698709 -0.685149074 -0.425475687 -0.552470446 0.210517630
1413393984805760512.000000 -0.214705497 -1.000757933 1.058146358 -0.622891426 -0.511622727 -0.478954524 0.347636312
1413393987555760384.000000 -0.897633970 1.055868745 0.807295382 0.814238369 -0.060137492 0.574618876 0.056679860
1413393990305760512.000000 -0.038639534 2.712687492 0.757388055 0.723229289 -0.337629646 0.567447603 0.202358603
1413393992055760384.000000 -0.016060237 2.482705355 0.758834600 0.656146467 -0.433860183 0.515346766 0.340080619
1413393993505760512.000000 -0.284236193 2.539412737 0.874606848 0.727467179 -0.483039528 0.396931678 0.282682925
1413393994355760384.000000 -0.132753730 2.631944895 0.930502892 0.626143754 -0.443729639 0.550205171 0.329123676
1413393994655760384.000000 -0.205839410 2.935572386 0.922905862 0.720150709 -0.515110493 0.401173383 0.234742925
1413393995155760384.000000 -0.210610613 2.972445726 0.810994864 0.673627675 -0.480297238 0.467025250 0.312134326
1413393995455760384.000000 -0.171097308 2.871073008 0.713976860 0.672171116 -0.455543846 0.524972200 0.255088329
1413393995705760512.000000 -0.195846573 2.761840820 0.654159665 0.713129938 -0.368230045 0.551290810 0.227883711
1413393996005760512.000000 -0.279675364 2.637984991 0.606721103 0.747579396 -0.238197118 0.593803525 0.178282335
1413393996305760512.000000 -0.437494248 2.554744244 0.553680599 0.770893812 -0.187060267 0.597403109 0.117647275
1413393996605760512.000000 -0.648967564 2.478007793 0.454758674 0.804370999 -0.173893794 0.557602644 0.108754873
1413393996905760512.000000 -0.828623533 2.396353006 0.341053247 0.814850748 -0.148628443 0.550722539 0.103113979
1413393997305760512.000000 -0.972045541 2.299204826 0.257946312 0.815171540 -0.105978198 0.562870443 0.086261004
1413393997705760512.000000 -1.049555182 2.237760544 0.118380748 0.806742787 -0.095367193 0.577517688 0.080898963
1413393998005760512.000000 -1.095391631 2.230618954 0.039692819 0.811154664 -0.097465977 0.570417941 0.084569439
1413393998455760384.000000 -1.122212648 2.285008430 -0.017903864 0.813315392 -0.114701286 0.563380480 0.089242890
1413393998905760512.000000 -1.096501708 2.366086006 -0.033691064 0.802189827 -0.145036846 0.576530933 0.055388253
1413393999255760384.000000 -1.086673141 2.381713390 -0.074438691 0.811042249 -0.116249606 0.565250516 0.095856555
1413393999555760384.000000 -1.060251355 2.407011032 -0.121823609 0.812613845 -0.141828388 0.561773837 0.062878869
1413394000005760512.000000 -0.991415024 2.370205164 -0.212279201 0.803109169 -0.140250072 0.575614691 0.063351125
1413394000405760512.000000 -0.998953223 2.366741896 -0.210804433 0.791543365 -0.136522353 0.588172495 0.094201669
1413394000505760512.000000 -0.997632504 2.368305683 -0.217066348 0.794814408 -0.136963487 0.583644390 0.094181895
1413394001005760512.000000 -0.997175157 2.367353678 -0.216061860 0.792359293 -0.138084069 0.586982012 0.092476197
1413394001505760512.000000 -0.996926427 2.367085934 -0.216129497 0.792412400 -0.138103023 0.586904466 0.092484877
1413394002005760512.000000 -0.998207927 2.367632866 -0.216575325 0.792468965 -0.138330251 0.586837113 0.092086814
1413394002505760512.000000 -0.997790754 2.367377520 -0.216451943 0.792401791 -0.138512716 0.586915016 0.091893449
1413394003005760512.000000 -0.997590482 2.367270708 -0.216321781 0.792528629 -0.138775870 0.586716413 0.091671288
