1403638538777829376.000000 4.625991821 4.760889053 1.022953749 -0.564544201 -0.619979143 -0.364681810 0.404874086
1403638539027829504.000000 4.623490334 4.771042347 1.024031639 -0.559434175 -0.614216387 -0.372540951 0.413503259
1403638539277829376.000000 4.619534969 4.790099144 1.050431967 -0.552047014 -0.604182541 -0.383504987 0.427938521
1403638540027829504.000000 4.604969025 4.869179249 1.207648993 -0.557544649 -0.620242655 -0.365318418 0.413503945
1403638542677829376.000000 3.479244947 5.864645481 1.512723207 -0.262612313 -0.767415941 -0.233111560 0.536438882
1403638543127829504.000000 3.120815992 5.869687080 1.621991992 -0.282504559 -0.774106562 -0.197608471 0.530943513
1403638543327829504.000000 2.956501722 5.859334946 1.661690950 -0.286415875 -0.772877753 -0.197729409 0.530593216
1403638543527829504.000000 2.788588285 5.848698616 1.682753444 -0.278456360 -0.776852310 -0.191551358 0.531291425
1403638545127829504.000000 1.272638083 5.737064362 1.893745065 -0.156912044 -0.806469500 -0.104101717 0.560489357
1403638545827829504.000000 0.627299368 5.706452370 1.840581298 -0.105796538 -0.815808356 -0.069327071 0.564320564
1403638546027829504.000000 0.447534025 5.693549633 1.869920135 -0.058262862 -0.822839618 -0.044703618 0.563508749
1403638546827829504.000000 -0.295573235 5.611054897 1.910027027 0.002132108 -0.826302886 -0.003852958 0.563208938
1403638547027829504.000000 -0.493390828 5.579329491 1.944801450 0.011976912 -0.826863945 -0.005340073 0.562249064
1403638547827829504.000000 -1.314534307 5.337891102 1.897767544 0.008221268 -0.828258276 -0.005867958 0.560255587
1403638548027829504.000000 -1.533963680 5.254768372 1.862667441 0.009434214 -0.828418851 -0.004605423 0.560010791
1403638548627829504.000000 -2.233730555 4.943523884 1.914440751 0.073141500 -0.826371729 0.045248218 0.556518495
1403638548827829504.000000 -2.477498055 4.832702637 1.935852766 0.083906107 -0.825388610 0.053583734 0.555717707
1403638549227829504.000000 -2.973013639 4.605041981 2.042118073 0.086058237 -0.824374318 0.058241863 0.556425095
1403638549827829504.000000 -3.739546537 4.265501976 2.248217106 0.077438928 -0.822000325 0.062968746 0.560672462
1403638550227829504.000000 -4.277383804 4.058768272 2.442879915 0.076476179 -0.824186802 0.065119468 0.557339311
1403638550427829504.000000 -4.551799297 3.963356733 2.571968317 0.077275753 -0.823347270 0.065753318 0.558394432
1403638550627829504.000000 -4.827916145 3.873711348 2.675998926 0.073148690 -0.821024895 0.071999371 0.561590254
1403638551027829504.000000 -5.371139050 3.734421015 2.835022926 0.068559028 -0.803983450 0.076367840 0.585728884
1403638553977829376.000000 -6.921814919 5.485061169 3.547067642 -0.035172258 -0.795580864 -0.021999225 0.604425371
1403638556777829376.000000 -5.259198189 7.827532768 3.887664795 -0.096889697 -0.823828340 -0.028589435 0.557765305
1403638559527829504.000000 -5.351666451 10.933410645 4.304968357 -0.077203497 -0.820382297 -0.057980597 0.563605070
1403638561877829376.000000 -5.860194683 12.915963173 3.902340651 -0.354765356 -0.730615795 -0.248885155 0.527634740
1403638563827829504.000000 -4.713006973 13.486522675 3.746035099 -0.553263605 -0.581923604 -0.371194988 0.466345906
1403638564127829504.000000 -4.375989437 13.429621696 3.761895895 -0.547672391 -0.585206866 -0.364305377 0.474204212
1403638564877829376.000000 -3.299426794 13.093728065 3.800022840 -0.539670348 -0.590869427 -0.354954690 0.483359665
1403638565127829504.000000 -2.869981527 12.927816391 3.715781689 -0.541803598 -0.589335859 -0.352146089 0.484897226
1403638566777829376.000000 0.312031984 11.421393394 2.815481901 -0.543720722 -0.628628790 -0.356140971 0.427033216
1403638566977829376.000000 0.652253509 11.233594894 2.643392563 -0.547976673 -0.640525043 -0.343611360 0.413981408
1403638567227829504.000000 1.052029848 11.041316032 2.426557302 -0.528513014 -0.623706639 -0.369842410 0.441452831
1403638567477829376.000000 1.428283811 10.858538628 2.190776348 -0.525128722 -0.620124996 -0.378769606 0.442965567
1403638570227829504.000000 3.283989191 9.868603706 1.389118195 -0.535969734 -0.624541223 -0.378013730 0.424016863
1403638573027829504.000000 5.306856632 9.068072319 0.949720860 -0.767388880 -0.334959030 -0.500314653 0.220458999
1403638573277829376.000000 5.636718750 9.012588501 0.969531119 -0.766788840 -0.340693980 -0.496774256 0.221760824
1403638573477829376.000000 5.907291889 8.993806839 0.987463355 -0.766843557 -0.341711789 -0.497324198 0.218752638
1403638573677829376.000000 6.184511185 9.002279282 1.033411622 -0.767717898 -0.341364592 -0.498675585 0.213077858
1403638574277829376.000000 7.003395557 9.125063896 1.150328994 -0.781511247 -0.213581041 -0.552619874 0.195536971
1403638574527829504.000000 7.322198868 9.142113686 1.150651097 -0.798091710 -0.161103114 -0.559760153 0.154156089
1403638574827829504.000000 7.690443516 9.123744965 1.187238932 -0.805229187 -0.141987950 -0.564499855 0.113072418
1403638575177829376.000000 8.103591919 9.091757774 1.220721483 -0.816067755 -0.132528052 -0.549802005 0.119111642
1403638575527829504.000000 8.531404495 9.039195061 1.198516607 -0.820811331 -0.140615627 -0.539979100 0.122141764
1403638576077829376.000000 9.286490440 8.960908890 1.262151837 -0.822540522 -0.166262060 -0.533716261 0.104551740
1403638576327829504.000000 9.662800789 8.963944435 1.346335649 -0.818586946 -0.168940991 -0.539807022 0.099914327
1403638576577829376.000000 10.051011086 8.997136116 1.399070859 -0.817750275 -0.179111868 -0.540565670 0.083619498
1403638576827829504.000000 10.441151619 9.077251434 1.425388575 -0.809846580 -0.180765688 -0.552076995 0.081751123
1403638577077829376.000000 10.816113472 9.200334549 1.425059319 -0.805680454 -0.167957082 -0.559258103 0.099498533
1403638577327829504.000000 11.172273636 9.343522072 1.451246977 -0.805190563 -0.167227611 -0.560090780 0.100007877
1403638578327829504.000000 12.447189331 10.137312889 1.590112209 -0.807222426 -0.158555031 -0.555475414 0.121241525
1403638578577829376.000000 12.738861084 10.353450775 1.619688272 -0.807332397 -0.156764895 -0.555748045 0.121586435
1403638578827829504.000000 13.022568703 10.554293633 1.627791286 -0.805512369 -0.164658427 -0.558637977 0.109366104
1403638579077829376.000000 13.296155930 10.757911682 1.634063959 -0.803082228 -0.170068577 -0.561569512 0.103804313
1403638581877829376.000000 14.922146797 12.456400871 1.608318090 -0.673077881 -0.449754685 -0.492205799 0.320031911
1403638584677829376.000000 14.362067223 12.923199654 2.339913130 -0.661513567 -0.443216890 -0.510748506 0.324182868
1403638586327829504.000000 13.121294022 12.691844940 2.564080477 -0.682624340 -0.449400008 -0.484381586 0.312150925
1403638586727829504.000000 12.820017815 12.673673630 2.580506325 -0.677072883 -0.450113326 -0.493090808 0.309567183
1403638587127829504.000000 12.490946770 12.641855240 2.513688803 -0.677862465 -0.447822630 -0.491043568 0.314378053
1403638589127829504.000000 10.698452950 12.346041679 2.352058411 -0.681453288 -0.445591271 -0.487660170 0.315051556
1403638589527829504.000000 10.318437576 12.257187843 2.289064646 -0.681266487 -0.444775373 -0.487859815 0.316296846
1403638591577829376.000000 8.570677757 11.716478348 2.221477747 -0.712783277 -0.454316407 -0.446358830 0.293769330
1403638592027829504.000000 8.356425285 11.793471336 2.169098854 -0.705929756 -0.449073911 -0.456503302 0.302655965
1403638593527829504.000000 8.250110626 12.466280937 2.727623224 -0.641575575 -0.509342253 -0.457557470 0.345821410
1403638596077829376.000000 7.831857204 12.881229401 3.278703690 -0.623313725 -0.525145710 -0.457050353 0.356099576
1403638596327829504.000000 7.739124298 12.853104591 3.246584415 -0.609456241 -0.540690124 -0.474394441 0.333417505
1403638596577829376.000000 7.578792572 12.827378273 3.266172171 -0.598762512 -0.549648166 -0.486001879 0.321204841
1403638597277829376.000000 6.592685699 12.796412468 3.472214460 -0.585337639 -0.551463604 -0.504867375 0.313650608
1403638597477829376.000000 6.165924549 12.789559364 3.494594574 -0.591576934 -0.540104926 -0.500068784 0.329020739
1403638597677829376.000000 5.694791794 12.773003578 3.497195959 -0.597841382 -0.526310384 -0.493879527 0.348806858
1403638597877829376.000000 5.196373463 12.741386414 3.480150461 -0.587797105 -0.540041029 -0.497367442 0.339817345
1403638598077829376.000000 4.661374569 12.695692062 3.457149982 -0.579660892 -0.548867941 -0.493816644 0.344793200
1403638598277829376.000000 4.089510918 12.632093430 3.453505278 -0.595484018 -0.540602088 -0.464346826 0.370850593
1403638598477829376.000000 3.513664722 12.556321144 3.443505287 -0.603649735 -0.539354801 -0.449899673 0.377218425
1403638598677829376.000000 2.945282698 12.472142220 3.407064199 -0.598134816 -0.549308479 -0.441382349 0.381676167
1403638598877829376.000000 2.386420012 12.385042191 3.372422457 -0.580452621 -0.567572296 -0.429672152 0.395371169
1403638599077829376.000000 1.837802410 12.292228699 3.356860876 -0.557094276 -0.591289222 -0.413858712 0.410784602
1403638599277829376.000000 1.295489550 12.191802025 3.365591526 -0.530781507 -0.616681933 -0.396369725 0.425282896
1403638599477829376.000000 0.760716915 12.083902359 3.399685383 -0.510415554 -0.639967144 -0.376162410 0.434073567
1403638599877829376.000000 -0.278527021 11.873064041 3.426840544 -0.504541636 -0.651550353 -0.361717224 0.435982406
1403638600527829504.000000 -1.822747469 11.642718315 3.335634232 -0.549068272 -0.626728892 -0.316525847 0.453372210
1403638600777829376.000000 -2.294896364 11.630204201 3.345180988 -0.554571211 -0.629282355 -0.310126662 0.447522044
1403638601027829504.000000 -2.695804596 11.673115730 3.379129171 -0.537207961 -0.651233554 -0.331875801 0.420904905
1403638601227829504.000000 -2.998356104 11.745249748 3.387481451 -0.524350822 -0.656173348 -0.348162681 0.416263938
1403638601627829504.000000 -3.619652271 11.949433327 3.406853437 -0.484386593 -0.663336992 -0.344654590 0.454496264
1403638601827829504.000000 -3.935734987 12.051492691 3.451961517 -0.440912306 -0.689575136 -0.326388031 0.472814381
1403638602027829504.000000 -4.255955219 12.140794754 3.512859821 -0.399659157 -0.714039266 -0.303869814 0.487938195
1403638604577829376.000000 -5.528755188 11.168443680 3.888207436 -0.175896183 -0.788996041 -0.141799062 0.571348131
1403638605127829504.000000 -5.276994228 10.584753036 3.907506466 -0.191613078 -0.807381153 -0.120326608 0.544923544
1403638605527829504.000000 -5.138608932 10.214377403 3.967222929 -0.168900043 -0.803813994 -0.151014537 0.550045967
1403638606277829376.000000 -5.051513195 9.342700958 4.046200275 -0.152147308 -0.803978205 -0.178847671 0.546336710
1403638606527829504.000000 -5.075058937 8.961540222 4.023249149 -0.178543985 -0.813430011 -0.146211401 0.533924937
1403638606777829376.000000 -5.136757851 8.579044342 3.965981960 -0.175037608 -0.824870229 -0.121363819 0.523661971
1403638606977829376.000000 -5.223521709 8.289145470 3.914594412 -0.146192640 -0.833943844 -0.096320353 0.523342967
1403638607777829376.000000 -5.777001381 7.352534771 3.775089264 -0.093968168 -0.814856291 -0.050477184 0.569764197
1403638608027829504.000000 -5.944942474 7.124833584 3.670711040 -0.103787303 -0.815466046 -0.043005977 0.567797482
1403638608777829376.000000 -6.355710983 6.590017796 3.207013845 -0.098187469 -0.799398303 -0.061231013 0.589552760
1403638609027829504.000000 -6.430204868 6.432209015 3.076348543 -0.102106847 -0.807997644 -0.054386064 0.577716291
1403638609277829376.000000 -6.482981205 6.294083118 2.981798410 -0.108282298 -0.805093765 -0.045387074 0.581411362
1403638609527829504.000000 -6.512300014 6.183498383 2.857647657 -0.105365850 -0.807347476 -0.050938908 0.578353941
1403638609777829376.000000 -6.525348186 6.094119549 2.699932098 -0.102203250 -0.808620989 -0.056038599 0.576668262
1403638610277829376.000000 -6.512297630 5.964652061 2.473487139 -0.103045933 -0.799124241 -0.055902883 0.589624345
1403638610777829376.000000 -6.381623745 5.885198116 2.204273462 -0.101640634 -0.791343689 -0.056806061 0.600181162
1403638611127829504.000000 -6.197983265 5.853343964 2.057030916 -0.102011323 -0.794942439 -0.051065609 0.595862925
1403638611527829504.000000 -5.912673950 5.846016884 1.897631526 -0.082908608 -0.799012840 -0.077699482 0.590480626
1403638611927829504.000000 -5.571767330 5.800406456 1.788275003 -0.099440500 -0.807041764 -0.059542339 0.579007804
1403638612177829376.000000 -5.353513718 5.770604134 1.708651304 -0.104597688 -0.808916390 -0.054497942 0.575971901
1403638612527829504.000000 -5.054693699 5.755318642 1.654362559 -0.103137724 -0.806556642 -0.061020367 0.578883111
1403638612877829376.000000 -4.748059273 5.747457504 1.548313737 -0.099802226 -0.802928090 -0.076632388 0.582643628
1403638613227829504.000000 -4.430556297 5.712516785 1.479595184 -0.106245242 -0.805365503 -0.072374552 0.578671217
1403638613727829504.000000 -3.974704027 5.637031078 1.445140719 -0.118691191 -0.796428502 -0.073771924 0.588363588
1403638613977829376.000000 -3.727236271 5.596091747 1.377151370 -0.140959367 -0.789482474 -0.088418759 0.590787530
1403638614227829504.000000 -3.452368736 5.556663990 1.290814638 -0.180236444 -0.787748396 -0.119425856 0.576805770
1403638614477829376.000000 -3.166783810 5.512569427 1.236917496 -0.209767431 -0.784552038 -0.133895651 0.567932844
1403638614727829504.000000 -2.876853943 5.473535061 1.232784152 -0.240858763 -0.777765036 -0.139569372 0.563550353
1403638614977829376.000000 -2.575296164 5.456910133 1.277885318 -0.292199165 -0.769836545 -0.154314667 0.546038866
1403638615227829504.000000 -2.262000561 5.479567528 1.354952693 -0.340853542 -0.746284366 -0.210483387 0.531578183
1403638615477829376.000000 -1.945245028 5.520339489 1.432005286 -0.395064592 -0.712962329 -0.265315145 0.514991879
1403638615727829504.000000 -1.637520552 5.556872845 1.480474114 -0.436815888 -0.687392056 -0.296616226 0.498701245
1403638615977829376.000000 -1.335067034 5.582781315 1.549787998 -0.461884290 -0.671728313 -0.309578806 0.489494652
1403638616277829376.000000 -0.967194974 5.603974819 1.576352596 -0.498291701 -0.646149039 -0.333198965 0.472414374
1403638616577829376.000000 -0.594318271 5.617456436 1.489065289 -0.538908184 -0.617334783 -0.356714755 0.448587120
1403638616827829504.000000 -0.285935491 5.631090164 1.386230588 -0.567921579 -0.615265846 -0.340429932 0.427808970
1403638617477829376.000000 0.525713384 5.839495182 1.284669042 -0.552228808 -0.632055819 -0.351774633 0.414491922
1403638617827829504.000000 0.916643262 6.045749664 1.369777203 -0.542160630 -0.638243258 -0.355596751 0.415040314
1403638618127829504.000000 1.209943533 6.270116329 1.482206345 -0.538948834 -0.638897657 -0.353743792 0.419773042
1403638618477829376.000000 1.511889935 6.569786549 1.555892944 -0.534670472 -0.640906155 -0.354295433 0.421712667
1403638620977829376.000000 3.019074917 8.613989830 1.502410173 -0.637022674 -0.518329501 -0.435503244 0.368610442
1403638623827829504.000000 4.146784306 8.275193214 1.388058662 -0.623140335 -0.517216384 -0.449347109 0.377187490
1403638624327829504.000000 4.201300144 7.819287300 1.424600840 -0.631913126 -0.512607753 -0.443329185 0.376002967
1403638624727829504.000000 4.247061253 7.435635090 1.384202719 -0.624795854 -0.504664242 -0.453126937 0.386807650
1403638625027829504.000000 4.279667377 7.113536835 1.384114861 -0.619999349 -0.525201619 -0.440494537 0.381744266
1403638625277829376.000000 4.304429054 6.840275764 1.381842136 -0.620620847 -0.527734578 -0.430063695 0.389064670
1403638625527829504.000000 4.337485790 6.569519520 1.380580902 -0.618717432 -0.528874516 -0.429895163 0.390730917
1403638625777829376.000000 4.378441334 6.302804470 1.412049532 -0.623746395 -0.533255816 -0.423058391 0.384187877
1403638626077829376.000000 4.438273430 5.999500275 1.428629279 -0.628260136 -0.535178959 -0.418616772 0.378989071
1403638626477829376.000000 4.534169674 5.634580135 1.389025450 -0.619015813 -0.537262440 -0.432854831 0.375240117
1403638626927829504.000000 4.621378422 5.277016640 1.339053988 -0.627290189 -0.545772851 -0.419320673 0.364429861
1403638627277829376.000000 4.675523281 5.072270393 1.333474874 -0.625976741 -0.546932697 -0.419141859 0.365154535
1403638627577829376.000000 4.715326786 4.943012238 1.299548268 -0.623100281 -0.547615111 -0.423069477 0.364521533
1403638627927829504.000000 4.744694233 4.834441185 1.247778058 -0.619090140 -0.545123696 -0.430497319 0.366387218
1403638628227829504.000000 4.748559952 4.764439106 1.207323194 -0.621627271 -0.546514571 -0.429232389 0.361470580
1403638628527829504.000000 4.731404781 4.725340366 1.188874960 -0.625494599 -0.536243260 -0.425318331 0.374571711
1403638628827829504.000000 4.714968681 4.697797775 1.181825042 -0.625221670 -0.528950870 -0.426339030 0.384114563
1403638629127829504.000000 4.714936256 4.668273449 1.152920842 -0.620015919 -0.536291659 -0.434127450 0.373503566
1403638629427829504.000000 4.705095291 4.642816544 1.144529343 -0.622809231 -0.541763246 -0.430431306 0.365143955
1403638629927829504.000000 4.677744865 4.651438236 1.144296288 -0.628528953 -0.522760868 -0.425106138 0.388532251
1403638630227829504.000000 4.686585426 4.656970978 1.078310370 -0.616741657 -0.530566871 -0.441997141 0.377845258
1403638630527829504.000000 4.678310871 4.673031807 1.053937435 -0.617718935 -0.534044147 -0.437103033 0.377042532
1403638630827829504.000000 4.679257393 4.682038307 1.030119061 -0.628500879 -0.554699063 -0.413705617 0.355166733
1403638631327829504.000000 4.678036690 4.656258583 1.034169912 -0.628123999 -0.556319177 -0.411743551 0.355579197
