1413393889605760512.000000 0.087741449 -0.412453413 0.273277581 -0.512824237 -0.640293181 -0.347077221 0.454503536
1413393892205760512.000000 -0.329368711 -1.107377291 0.673551679 -0.507984817 -0.635696471 -0.364256471 0.452944517
1413393892805760512.000000 -0.342686534 -1.943376541 0.641956627 -0.537307560 -0.664840817 -0.333604425 0.397486359
1413393894755760384.000000 -1.018321633 -0.836907089 0.758880079 -0.525247335 -0.629965186 -0.346107006 0.455487847
1413393895505760512.000000 -1.012501717 0.135423496 0.654438019 -0.508804381 -0.622865260 -0.363949895 0.469784588
1413393895705760512.000000 -0.991666555 0.353588045 0.608475208 -0.521963596 -0.610192120 -0.377039909 0.461584806
1413393897955760384.000000 -0.314700156 1.259287357 0.701197147 -0.777464688 -0.261548400 -0.554574847 0.139956400
1413393899805760512.000000 -0.454921275 2.051674604 1.061673045 -0.726566195 -0.101294473 -0.652186036 0.191035032
1413393901455760384.000000 -0.797736347 1.066777945 0.794602156 -0.867060244 -0.153592512 -0.467846215 0.075735271
1413393904255760384.000000 0.938401103 2.314239740 1.003271341 0.810262322 -0.057895441 0.582268655 -0.032959018
1413393905105760512.000000 1.400068045 2.049422741 1.139806628 0.807611763 -0.136140764 0.556858838 0.138337016
1413393907755760384.000000 2.172801733 1.425242066 0.532669783 0.649895549 -0.482584834 0.477014422 0.342352122
1413393909805760512.000000 2.052290678 2.131090403 0.240075171 0.657166183 -0.516940296 0.416514337 0.356960982
1413393910105760512.000000 2.069320917 2.236305237 0.111368716 0.663358033 -0.540918171 0.386481822 0.343504637
1413393910605760512.000000 2.240196705 2.075235605 0.097428650 0.655273736 -0.580665708 0.381036818 0.297076851
1413393912055760384.000000 2.660229445 0.384184182 -0.022262488 0.654052317 -0.529025197 0.444658071 0.307615310
1413393912255760384.000000 2.705480576 0.195757359 0.097214639 0.662299275 -0.556380570 0.417295069 0.278684705
1413393914105760512.000000 2.082124949 -2.021358490 0.435202956 0.316254020 -0.703689873 0.321554571 0.549005210
1413393914505760512.000000 1.721383095 -1.984565139 0.522937238 0.233651549 -0.773862243 0.183573425 0.559325576
1413393915055760384.000000 1.291902542 -1.840304732 0.677091420 0.106409103 -0.823287249 0.098846249 0.548730016
1413393917805760512.000000 -0.282754898 -2.344408035 1.119526505 -0.395671278 -0.730641186 -0.235280424 0.504232943
1413393918155760384.000000 -0.299825251 -2.273006678 1.102849007 -0.520345509 -0.635993123 -0.317642480 0.473134905
1413393918505760512.000000 -0.233457178 -2.157510757 1.110642552 -0.631362915 -0.541242123 -0.373512715 0.411006123
1413393919705760512.000000 0.628172517 -2.083114386 1.150399089 -0.771918416 -0.004634601 -0.621356130 0.134302005
1413393922355760384.000000 0.274092287 -3.490650654 -0.161641315 -0.840565562 -0.060695078 -0.537908494 0.020496009
1413393922705760512.000000 0.371478617 -3.424712658 -0.319689363 -0.835299492 -0.022914268 -0.545829773 0.061801910
1413393923005760512.000000 0.559472859 -3.405930758 -0.407563478 -0.844109297 -0.042313177 -0.533198178 0.037266713
1413393923255760384.000000 0.793519497 -3.397182941 -0.402814686 -0.849125206 -0.056456562 -0.525042117 0.011399852
1413393924855760384.000000 2.739489079 -3.023447514 -0.051276363 -0.659995675 -0.450191587 -0.582167387 0.151044473
1413393925055760384.000000 2.690852165 -2.759646654 0.103410654 -0.708035350 -0.406558156 -0.537404537 0.211170048
1413393927755760384.000000 2.659777641 0.560554683 1.122543812 -0.549816370 -0.608717501 -0.437058359 0.368978471
1413393928205760512.000000 2.574965000 1.002509236 1.356405377 -0.503645539 -0.616458356 -0.468487144 0.383197218
1413393928605760512.000000 2.253498077 1.282583475 1.433886170 -0.548538506 -0.566836417 -0.418965131 0.449744582
1413393929055760384.000000 1.888752222 1.426173568 1.476307511 -0.548067868 -0.559048355 -0.463244617 0.415320426
1413393929955760384.000000 0.981129527 1.236518860 1.679402113 -0.741500020 -0.333593696 -0.513022244 0.275138557
1413393932905760512.000000 0.099430218 -0.573382199 0.707011461 -0.754068494 -0.308920950 -0.546287775 0.193696588
1413393933105760512.000000 0.136423081 -0.654283226 0.678977191 -0.731442034 -0.302107930 -0.576469839 0.203484342
1413393935755760384.000000 0.269433260 -2.382725239 0.171161383 -0.601888120 -0.589848697 -0.429787576 0.324178755
1413393936005760512.000000 0.281149000 -2.352395296 0.206310660 -0.551577389 -0.629607916 -0.417350173 0.353800952
1413393936205760512.000000 0.212891430 -2.294744730 0.239134997 -0.530281365 -0.640310943 -0.351810724 0.430154532
1413393936405760512.000000 0.130527213 -2.214037180 0.278454602 -0.488355398 -0.669034123 -0.281803548 0.484240800
1413393939105760512.000000 0.496731877 -2.422339439 0.740658522 0.046577875 -0.783577442 0.041101132 0.618180931
1413393939955760384.000000 0.795477629 -2.830704451 0.630214632 0.075353175 -0.825014114 0.071060143 0.555539489
1413393940505760512.000000 0.816115260 -2.944133043 0.587679625 0.057336614 -0.808828771 0.084882289 0.579054058
1413393940755760384.000000 0.928145647 -2.901264906 0.584111154 0.026801361 -0.884548604 0.103445038 0.454042494
1413393941705760512.000000 0.759321868 -2.318595886 0.795294583 0.070302002 -0.868938625 0.064720429 0.485607505
1413393943405760512.000000 0.184282184 -1.396834612 0.843323588 0.058898047 -0.745423138 0.048070848 0.662242055
1413393945455760384.000000 -0.023147851 -1.033211231 1.043757200 -0.143224552 -0.738902450 -0.123681851 0.646693707
1413393948305760512.000000 0.291911423 -1.493930697 0.572715044 -0.699233770 -0.367632419 -0.562670946 0.243556842
1413393950605760512.000000 -0.196602032 -2.570028305 0.751670361 -0.837363780 -0.096869834 -0.534149051 0.064211026
1413393951405760512.000000 0.162433103 -3.174980640 0.562675714 -0.813871562 -0.086958542 -0.572365165 0.049491849
1413393953855760384.000000 1.397537947 -3.270055771 0.464509189 -0.776903391 -0.151581779 -0.601989567 0.105132483
1413393954255760384.000000 1.497631788 -3.324162722 0.443176955 -0.807752371 -0.203331441 -0.538803339 0.126028910
1413393954855760384.000000 1.756906033 -3.207286596 0.494763851 -0.791766047 -0.326763600 -0.479268163 0.191400692
1413393956755760384.000000 2.700501680 -1.743432641 0.543133557 -0.545076430 -0.604740918 -0.385656446 0.434107453
1413393957005760512.000000 2.702221870 -1.583079815 0.547710061 -0.499396861 -0.653476954 -0.323072910 0.468182147
1413393957255760384.000000 2.710549116 -1.413382292 0.559813857 -0.427906662 -0.703540385 -0.278807312 0.494159281
1413393960055760384.000000 2.551371813 -0.446709752 0.122478783 -0.176713392 -0.795760751 -0.128291965 0.564870298
1413393961055760384.000000 2.450664520 -0.487028658 -0.162324175 -0.064797454 -0.837407649 -0.031803071 0.541791856
1413393961305760512.000000 2.353083134 -0.495397508 -0.199729949 -0.060238622 -0.792147696 -0.016908539 0.607114077
1413393962055760384.000000 2.430370092 -0.470660865 0.219704270 -0.048975568 -0.818858206 -0.039778687 0.570517480
1413393962305760512.000000 2.487836838 -0.491159350 0.532659590 -0.049817890 -0.833820999 -0.035596926 0.548628807
1413393962555760384.000000 2.498345375 -0.516511321 0.814333797 -0.059080414 -0.862632334 -0.042012740 0.500609696
1413393962755760384.000000 2.448476076 -0.531255186 0.958343089 -0.085843451 -0.858011663 -0.085593283 0.499119967
1413393962955760384.000000 2.336935043 -0.554741979 1.068660021 -0.125677213 -0.823485613 -0.161286831 0.529210031
1413393963155760384.000000 2.189376593 -0.614137530 1.133982062 -0.190791756 -0.786259890 -0.223242596 0.543651164
1413393963355760384.000000 2.021190643 -0.721428812 1.155003190 -0.273128361 -0.746472657 -0.251709789 0.552106559
1413393963555760384.000000 1.849115610 -0.864154577 1.132515192 -0.341729909 -0.717207849 -0.283154130 0.537268519
1413393963755760384.000000 1.677295685 -1.031918645 1.074864507 -0.390862912 -0.687618971 -0.317374527 0.523144126
1413393963955760384.000000 1.509635329 -1.226985097 0.984172463 -0.431800604 -0.667515755 -0.352112919 0.493950963
1413393965255760384.000000 0.699943304 -2.709592104 0.355090618 -0.739225030 -0.453537434 -0.342895091 0.360933781
1413393965505760512.000000 0.847442985 -2.860918522 0.347445041 -0.726901352 -0.495350212 -0.391686589 0.269859880
1413393968055760384.000000 -0.055290751 -1.662786961 0.505231917 -0.780489683 -0.289374828 -0.508324623 0.220690012
1413393970555760384.000000 -0.527456105 -1.487883329 0.644305408 -0.819534123 -0.057849534 -0.569932103 0.013954931
1413393973455760384.000000 -1.760511875 -1.013663054 0.558482230 -0.766351521 -0.056941628 -0.639891684 -0.001265820
1413393973755760384.000000 -1.965365529 -0.855550408 0.521848857 -0.764309287 -0.035790294 -0.642099082 0.047529444
1413393974055760384.000000 -2.278404713 -0.745631039 0.491842121 0.841037333 -0.023211380 0.520725489 -0.144784078
1413393974355760384.000000 -2.445575714 -0.847026229 0.529808402 -0.911491275 -0.044736348 -0.405521303 0.052295011
1413393974605760512.000000 -2.283676863 -0.941809177 0.629325390 -0.890365541 -0.121813431 -0.437384695 -0.033244435
1413393974905760512.000000 -1.864891768 -0.860572338 0.755443454 -0.812587440 -0.132315651 -0.567305028 -0.018958278
1413393977655760384.000000 -0.745722413 0.442518771 0.746667325 -0.810059667 -0.101023816 -0.575581729 0.047992490
1413393980105760512.000000 -0.761055052 0.363069534 0.895380914 0.719549477 -0.409472764 0.502447188 0.249253839
1413393980655760384.000000 -0.933387101 -0.117848799 0.872113049 0.699583054 -0.432057112 0.465371460 0.327627420
1413393981455760384.000000 -0.797234595 -0.937175035 0.983925641 0.694411993 -0.461520791 0.478113770 0.276039451
1413393981905760512.000000 -0.687877357 -1.528879762 1.018742561 0.714662552 -0.420571327 0.468426287 0.304883808
1413393983705760512.000000 0.787909091 -2.658255339 0.962889194 -0.734178960 -0.349970847 -0.564590454 0.140496790
1413393984005760512.000000 0.882284701 -2.418837070 1.001063228 -0.677930236 -0.444060355 -0.539204538 0.229084253
1413393984305760512.000000 0.815463364 -2.111350536 1.059394598 -0.607080340 -0.530236900 -0.511364877 0.298007369
1413393984605760512.000000 0.582473695 -1.794520855 1.134692550 -0.551457763 -0.580331624 -0.479659230 0.359216809
1413393984905760512.000000 0.239521503 -1.511531830 1.150576115 -0.575693011 -0.573954165 -0.409110457 0.414466828
1413393987705760512.000000 -0.763983190 0.321198851 0.918701231 -0.813289940 -0.029668227 -0.581094623 0.002891561
1413393990655760384.000000 -0.395833492 2.120040894 0.755573690 0.741683185 -0.386479437 0.520600855 0.171798199
1413393992105760512.000000 -0.265416175 1.801921368 0.870658517 0.695552051 -0.343494058 0.560396314 0.290129572
1413393993655760384.000000 -0.495803356 1.769230485 1.010966778 0.744145393 -0.367371351 0.487435132 0.271464556
1413393994405760512.000000 -0.426990896 1.978226781 1.035525560 0.691514254 -0.377090037 0.563636184 0.248848483
1413393994705760512.000000 -0.569164872 2.240321398 0.999022961 0.784791350 -0.433125883 0.405871361 0.178249642
1413393995205760512.000000 -0.548401415 2.227236032 0.889925838 0.717402279 -0.399323225 0.515282989 0.245679662
1413393995505760512.000000 -0.495546848 2.132072210 0.793736756 0.727164865 -0.359407663 0.555559754 0.182786539
1413393995805760512.000000 -0.509068847 1.990437388 0.732568741 0.760752320 -0.232566521 0.586916864 0.150656819
1413393996305760512.000000 -0.684947848 1.783264875 0.650887907 0.787483811 -0.094381116 0.607289493 0.046485636
1413393996655760384.000000 -0.902116835 1.638765216 0.530761182 0.822780013 -0.075790174 0.561712563 0.042047691
1413393996955760384.000000 -1.047127128 1.520151019 0.425777286 0.827022612 -0.043158066 0.559366047 0.035786893
1413393997355760384.000000 -1.151810288 1.398366332 0.349441648 0.819716454 -0.005878238 0.572458088 0.017948495
1413393997705760512.000000 -1.203572869 1.333016276 0.218804762 -0.812233269 -0.000820678 -0.583203018 -0.012281233
1413393998005760512.000000 -1.246270299 1.315267801 0.140453056 -0.816850543 0.000742463 -0.576605976 -0.016743390
1413393998405760512.000000 -1.282933474 1.351973057 0.085309133 0.818572283 -0.013913356 0.573712826 0.024485243
1413393998905760512.000000 -1.279439807 1.446207762 0.066897273 0.813565969 -0.049040630 0.579256773 -0.012928022
1413393999205760512.000000 -1.273874998 1.459839582 0.034173861 0.816035986 -0.019467527 0.576981723 0.028256578
1413393999455760384.000000 -1.262929916 1.484636068 -0.006861508 0.824863791 -0.037462968 0.564068854 0.004744142
1413393999705760512.000000 -1.230127454 1.500511885 -0.039765682 0.818756163 -0.051783517 0.571672738 -0.012126972
1413394000105760512.000000 -1.173021793 1.472478032 -0.109087996 0.810796201 -0.036852051 0.584105074 0.008530212
1413394000555760384.000000 -1.183313251 1.469475031 -0.114634469 0.803521693 -0.042013425 0.593290687 0.024370270
1413394001055760384.000000 -1.182201743 1.470055342 -0.115841046 0.803065479 -0.042825978 0.593890131 0.023376636
1413394001555760384.000000 -1.181997299 1.470037937 -0.116066612 0.803098798 -0.043213990 0.593835711 0.022894192
1413394002055760384.000000 -1.183015823 1.470176816 -0.116381347 0.803044319 -0.043537471 0.593901217 0.022484420
1413394002555760384.000000 -1.182634711 1.470081806 -0.116201788 0.803032398 -0.043693222 0.593914688 0.022257708
1413394003055760384.000000 -1.182789922 1.470200777 -0.116082996 0.803144932 -0.044000689 0.593750834 0.021958500
