1413394887055760384.000000 0.254920185 0.093807615 -0.955897391 -0.515258908 -0.623709798 -0.366144836 0.459817827
1413394887905760512.000000 0.236921489 0.068630248 -0.706998825 -0.532845259 -0.642353117 -0.359634012 0.417279154
1413394888455760384.000000 0.113514915 0.179082379 -0.556883991 -0.523400486 -0.638817072 -0.367138952 0.427988082
1413394890755760384.000000 -0.257897139 0.649522722 -0.396849602 -0.482978791 -0.557561994 -0.418864876 0.529535890
1413394892405760512.000000 -0.290465355 1.316035390 -0.278580368 -0.429282576 -0.643650055 -0.377343088 0.508962929
1413394895105760512.000000 -1.422893167 -0.717248678 -0.464310706 -0.027653567 -0.812952578 0.008553987 0.581610084
1413394897855760384.000000 -1.684935689 -0.817643881 -0.589100480 -0.035561543 -0.798894286 -0.022637686 0.599992454
1413394898755760384.000000 -1.466950178 0.443610311 -0.355900645 0.088455044 -0.811923981 -0.045920704 0.575192511
1413394901655760384.000000 -0.934671700 -2.246879101 -0.129333496 0.510858357 -0.579116702 0.441919744 0.456458807
1413394902605760512.000000 0.107454002 -2.460864305 -0.183793724 0.663759887 -0.387167990 0.562498331 0.305154800
1413394902855760384.000000 0.321421713 -2.342452765 -0.198502108 0.664560020 -0.418559968 0.572741747 0.234807283
1413394905655760384.000000 0.017307431 -2.448222876 -0.462539494 0.309128910 -0.832426310 0.181907192 0.422392666
1413394907805760512.000000 -0.184972033 -1.889720201 -0.347176433 0.080758952 -0.858470678 0.101971604 0.496092707
1413394908655760384.000000 -0.341700584 -1.377173185 -0.576705575 0.125432760 -0.847732127 0.061379936 0.511712372
1413394910855760384.000000 -0.521772683 -0.507448018 -0.098320469 0.018870093 -0.744401038 0.034579579 0.666569829
1413394912655760384.000000 -0.268189430 0.070936680 -0.335903406 -0.109146774 -0.829824865 -0.057032216 0.544265687
1413394915605760512.000000 -0.881273806 -1.663065434 -0.436267406 0.522360563 -0.602235079 0.321029961 0.511265278
1413394917255760384.000000 0.429982036 -2.477219105 -0.744425118 0.818412900 -0.186529011 0.528350711 0.127486825
1413394917455760384.000000 0.492991924 -2.599529266 -0.827189088 0.837132931 -0.126037344 0.522468209 0.101734869
1413394918955760384.000000 2.121357918 -2.694771051 -0.995198607 -0.801566482 -0.092389591 -0.589570761 0.036902167
1413394919155760384.000000 2.366535664 -2.683404207 -0.927861452 -0.777453125 -0.121003278 -0.612300813 0.077540793
1413394919255760384.000000 2.466857195 -2.673993111 -0.869684160 -0.765911639 -0.139763698 -0.619260907 0.101791553
1413394919555760384.000000 2.661742926 -2.649008512 -0.663341641 -0.737792075 -0.243044332 -0.618759155 0.117173225
1413394919655760384.000000 2.688277960 -2.635602951 -0.605656564 -0.750729203 -0.269461244 -0.588272393 0.133161351
1413394919755760384.000000 2.702794313 -2.615722418 -0.558459163 -0.764560997 -0.285526842 -0.554441631 0.162835702
1413394919855760384.000000 2.712963820 -2.589334011 -0.520435989 -0.775807858 -0.298981726 -0.520538509 0.194349945
1413394919955760384.000000 2.725257397 -2.556774139 -0.490936100 -0.776399672 -0.322186708 -0.495462507 0.218897849
1413394920055760384.000000 2.743004084 -2.518553019 -0.470888793 -0.768778741 -0.352830619 -0.475908369 0.240834266
1413394920155760384.000000 2.767184019 -2.474184990 -0.462534398 -0.757019579 -0.385923684 -0.458056480 0.261091173
1413394920255760384.000000 2.798696518 -2.422617912 -0.466048062 -0.740896940 -0.421965569 -0.443719029 0.275917262
1413394920455760384.000000 2.877991915 -2.294062138 -0.491437584 -0.687278152 -0.487028092 -0.449935466 0.296665579
1413394920655760384.000000 2.950911045 -2.129416227 -0.509776592 -0.636558652 -0.534121454 -0.469106525 0.299075902
1413394920855760384.000000 2.980329990 -1.934621692 -0.519000471 -0.625958741 -0.549872339 -0.465523154 0.298503399
1413394921055760384.000000 2.959680796 -1.709788680 -0.548449516 -0.642618418 -0.536181509 -0.449782729 0.311843634
1413394922755760384.000000 3.139729023 0.175927818 -0.859795868 -0.569672883 -0.600863934 -0.383824706 0.408795804
1413394922955760384.000000 3.135475636 0.350195378 -0.748343349 -0.577662766 -0.607480168 -0.366877288 0.403329521
1413394923155760384.000000 3.134548187 0.551595390 -0.659009755 -0.579533696 -0.612291992 -0.365775049 0.394268602
1413394923955760384.000000 2.970970869 1.572956562 -0.409803480 -0.463194817 -0.680835485 -0.350374579 0.446263641
1413394924155760384.000000 2.870076418 1.840732813 -0.417308301 -0.417314440 -0.704032779 -0.317147940 0.479169726
1413394924355760384.000000 2.749685287 2.091401577 -0.418990970 -0.384381652 -0.724186361 -0.252847493 0.513685763
1413394924555760384.000000 2.632097721 2.336160183 -0.410239279 -0.330742985 -0.745783865 -0.216468409 0.536243498
1413394924755760384.000000 2.517673016 2.574350595 -0.391961396 -0.259649754 -0.771857977 -0.194999486 0.546619236
1413394925055760384.000000 2.343555212 2.881476402 -0.339910924 -0.148810446 -0.779081821 -0.204596385 0.573609173
1413394925205760512.000000 2.256476879 2.980436563 -0.311022252 -0.122268915 -0.794593155 -0.197319657 0.561014295
1413394925605760512.000000 1.969647765 3.040711880 -0.278698891 -0.101032592 -0.809860170 -0.161244676 0.554904461
1413394925855760384.000000 1.748544574 2.963574409 -0.314911395 -0.134072006 -0.806696892 -0.107836381 0.565363824
1413394926655760384.000000 0.942585707 2.581031561 -0.373630702 -0.097428784 -0.824138463 -0.051308177 0.555581629
1413394926855760384.000000 0.703300059 2.474942923 -0.375900716 -0.074007310 -0.818877280 0.036882319 0.567981184
1413394927105760512.000000 0.405887783 2.418378115 -0.395327806 -0.012984542 -0.815567255 0.081039399 0.572812498
1413394928655760384.000000 -1.315599084 2.366413116 -0.240303576 0.059155900 -0.797906280 0.048429660 0.597913682
1413394929055760384.000000 -1.582863688 2.245543480 -0.245363474 0.059881352 -0.800958395 0.032340914 0.594839394
1413394929505760512.000000 -1.765208840 2.094253540 -0.298753440 0.038284320 -0.793176711 0.059980404 0.604820192
1413394930905760512.000000 -1.849940896 1.922316909 -0.605689764 0.044097677 -0.841005206 0.026953135 0.538552821
1413394933205760512.000000 -1.267971158 1.309578061 -0.331254840 0.448486835 -0.687811971 0.316873282 0.474727005
1413394933505760512.000000 -1.087254167 1.279082417 -0.413374186 0.497773051 -0.640806615 0.360140204 0.460312843
1413394934155760384.000000 -0.713600516 1.276061773 -0.645981073 0.583326101 -0.556487679 0.428301692 0.408178747
1413394934355760384.000000 -0.597779691 1.297972679 -0.711025357 0.612560213 -0.515481591 0.459034413 0.385144353
1413394935255760384.000000 -0.205445826 1.457788706 -0.984028697 0.642166734 -0.471571356 0.498304993 0.341956943
1413394935505760512.000000 -0.149651870 1.528310776 -1.021613002 0.629528463 -0.478794307 0.491250932 0.364859462
1413394935755760384.000000 -0.108028807 1.631308079 -1.089630842 0.634595513 -0.492762595 0.468799502 0.367015988
1413394936005760512.000000 -0.066522144 1.749642015 -1.096619606 0.634979308 -0.500428438 0.460518956 0.366462857
1413394936205760512.000000 -0.024999507 1.852365375 -1.142397165 0.668537974 -0.495528191 0.444223881 0.331924826
1413394936405760512.000000 0.033636536 1.941726804 -1.200769305 0.698087513 -0.426555157 0.486130208 0.307248950
1413394936605760512.000000 0.106186092 2.030970573 -1.245292902 0.741139531 -0.330416143 0.518693507 0.269247890
1413394936805760512.000000 0.188786656 2.132856607 -1.275146246 0.774516582 -0.264956981 0.533571303 0.212658122
1413394937005760512.000000 0.285010129 2.245140553 -1.293678880 0.800284982 -0.207093269 0.536711335 0.169106945
1413394937205760512.000000 0.403632522 2.365185499 -1.307573318 0.821574152 -0.145324424 0.536803484 0.125454932
1413394937305760512.000000 0.471789300 2.425796270 -1.314634562 0.828643560 -0.128450722 0.535994828 0.097774826
1413394937455760384.000000 0.585974574 2.511009216 -1.322750568 0.830399811 -0.114074267 0.540662706 0.071463160
1413394937655760384.000000 0.757413507 2.608878374 -1.333809614 0.825981498 -0.106080964 0.550084114 0.062521406
1413394937855760384.000000 0.943796098 2.690651655 -1.340644598 0.818654478 -0.117489532 0.558874667 0.060499266
1413394938055760384.000000 1.136188030 2.747732401 -1.337168336 0.815779984 -0.158523127 0.553182900 0.057984564
1413394938255760384.000000 1.337829947 2.762089729 -1.290181398 0.813545048 -0.197095737 0.543707550 0.060661428
1413394938455760384.000000 1.547657251 2.717113733 -1.175364494 0.799190462 -0.213893220 0.551777363 0.105289735
1413394938655760384.000000 1.757088900 2.642100573 -1.059938192 0.790211856 -0.239768580 0.541972101 0.156020746
1413394938855760384.000000 1.967463374 2.557466507 -0.991332233 0.777991116 -0.300076604 0.519651175 0.186136052
1413394939055760384.000000 2.176289082 2.456384182 -0.962159395 0.727795422 -0.393997669 0.526578605 0.194408730
1413394939255760384.000000 2.353415728 2.322648525 -0.968211353 0.679212272 -0.462579668 0.519587219 0.233922973
1413394939655760384.000000 2.597708941 1.988218427 -0.962354302 0.656455517 -0.485177308 0.475080997 0.328583688
1413394939855760384.000000 2.695782423 1.812553883 -0.892185628 0.621480167 -0.529907763 0.487307936 0.309016615
1413394940055760384.000000 2.754360676 1.624750495 -0.839769423 0.630817831 -0.544831872 0.437879235 0.336881191
1413394940255760384.000000 2.793907404 1.421001554 -0.834581912 0.603842080 -0.574054658 0.418466598 0.361554712
1413394940455760384.000000 2.819820166 1.199268460 -0.869787991 0.550915778 -0.609164298 0.407475561 0.399217129
1413394940655760384.000000 2.827585936 0.977699459 -0.909324467 0.516700745 -0.632916629 0.361167192 0.449438840
1413394941005760512.000000 2.875998497 0.583048761 -0.886685431 0.472082555 -0.671669483 0.338368535 0.459896624
1413394941205760512.000000 2.904385567 0.354006827 -0.836597681 0.437589794 -0.712794840 0.347465932 0.423917711
1413394941405760512.000000 2.880657911 0.118982166 -0.770768583 0.432297558 -0.728301525 0.332204968 0.415133268
1413394941755760384.000000 2.737217188 -0.348820090 -0.624067247 0.458015025 -0.694447935 0.277047724 0.480841875
1413394941905760512.000000 2.679964542 -0.573611200 -0.566468298 0.423834801 -0.707022250 0.304170609 0.477455556
1413394942305760512.000000 2.423054218 -1.130872488 -0.395089447 0.308472455 -0.765100062 0.383507967 0.415196866
1413394942455760384.000000 2.214227676 -1.280372262 -0.309909105 0.279304743 -0.778238714 0.363279790 0.429372907
1413394942755760384.000000 1.641991019 -1.476640821 -0.214844227 0.213828653 -0.787442267 0.277285099 0.507272124
1413394942905760512.000000 1.321573734 -1.527060151 -0.222148433 0.203321382 -0.759852052 0.191028878 0.587190986
1413394944905760512.000000 0.647643209 -2.439738989 -0.837992907 -0.215698257 -0.844791234 -0.091083273 0.481150419
1413394945205760512.000000 0.505164325 -2.415643930 -0.933150768 -0.309506088 -0.794384778 -0.191013038 0.486490458
1413394946155760384.000000 -0.008663557 -2.171198845 -1.128772974 -0.631690979 -0.508862853 -0.398091197 0.428425610
1413394946355760384.000000 0.032953698 -2.148142099 -1.144080639 -0.684543550 -0.434398830 -0.447942525 0.376888901
1413394946555760384.000000 0.111402154 -2.147574425 -1.156606674 -0.736943781 -0.348126650 -0.477302194 0.328487843
1413394946755760384.000000 0.224518836 -2.179798841 -1.161117077 -0.757131696 -0.276231259 -0.536628604 0.249955282
1413394946955760384.000000 0.342692375 -2.237240314 -1.163233995 -0.774374127 -0.194658712 -0.577821314 0.169042394
1413394947155760384.000000 0.440948665 -2.308433056 -1.147890568 -0.790017307 -0.108941175 -0.596749425 0.088851728
1413394947555760384.000000 0.557442129 -2.429978848 -0.952696979 0.799518108 -0.017933166 0.600140631 0.016749127
1413394947855760384.000000 0.609354138 -2.473849297 -0.819671631 0.851986706 -0.015914347 0.523053765 0.016739359
1413394948055760384.000000 0.697756588 -2.483602047 -0.723569214 -0.860796273 -0.029717885 -0.507913828 0.013048138
1413394948455760384.000000 1.052295566 -2.462753534 -0.549347103 -0.793048918 -0.100372992 -0.598845780 0.048810501
1413394948655760384.000000 1.219028115 -2.435675621 -0.487661481 -0.729870617 -0.099995412 -0.673181415 0.064161427
1413394949055760384.000000 1.250177264 -2.383821487 -0.360991836 -0.810736477 -0.097690113 -0.575692892 0.041722987
1413394949755760384.000000 1.395598531 -2.073327780 -0.342790753 -0.775841236 -0.081513934 -0.624489486 0.037929505
1413394949955760384.000000 1.474404573 -1.929388881 -0.331097782 -0.759417295 -0.069129586 -0.643072784 0.070454173
1413394950155760384.000000 1.484981298 -1.799801707 -0.318419486 -0.768236697 -0.074197836 -0.623102069 0.126691923
1413394950355760384.000000 1.458129644 -1.718711257 -0.313465565 -0.824693561 -0.110918194 -0.538777649 0.131516069
1413394950555760384.000000 1.461749077 -1.668410778 -0.293002248 -0.854752243 -0.155021414 -0.487976611 0.085121877
1413394950755760384.000000 1.536369085 -1.586256862 -0.247602940 -0.828657269 -0.168027148 -0.528107047 0.078720808
1413394951055760384.000000 1.660384178 -1.403183818 -0.151321664 -0.700043619 -0.189917937 -0.674081266 0.139587700
1413394951155760384.000000 1.655775309 -1.347414017 -0.120717444 -0.682378769 -0.201288834 -0.682178199 0.168745100
1413394951455760384.000000 1.490888476 -1.256270528 -0.043461386 -0.787585795 -0.260580242 -0.520986319 0.200947404
1413394951655760384.000000 1.378808022 -1.218078732 0.022951607 -0.848407209 -0.279946595 -0.413480550 0.175696000
1413394951855760384.000000 1.386462808 -1.120036244 0.125652149 -0.841379344 -0.280600756 -0.431840122 0.163884997
1413394952255760384.000000 1.586495280 -0.798557937 0.343072921 -0.729109704 -0.246487066 -0.604494750 0.205497563
1413394953055760384.000000 1.856464505 -0.314829946 0.506816268 -0.686164677 -0.296759963 -0.614533365 0.251913577
1413394953155760384.000000 1.868910313 -0.276182085 0.514366865 -0.670729518 -0.291350365 -0.630748928 0.259601295
1413394953355760384.000000 1.820732713 -0.259313226 0.571373820 -0.649117112 -0.280839294 -0.654181242 0.267998695
1413394953555760384.000000 1.674187422 -0.325831383 0.635574996 -0.711157680 -0.299431354 -0.590112329 0.237409428
1413394953955760384.000000 1.328905463 -0.475606561 0.381596506 -0.810548007 -0.332193524 -0.451817721 0.168879315
1413394954055760384.000000 1.269371271 -0.475638062 0.289902806 -0.785954177 -0.326343864 -0.491648436 0.184547067
1413394954155760384.000000 1.216884017 -0.463343918 0.201962501 -0.753200114 -0.319505244 -0.538099706 0.202619836
1413394954755760384.000000 0.703984141 -0.475270271 -0.192843094 -0.809247196 -0.305464000 -0.455852032 0.209784850
1413394954955760384.000000 0.552660823 -0.480166554 -0.301393211 -0.815198779 -0.302955538 -0.456060469 0.188885823
1413394955155760384.000000 0.459168524 -0.438516110 -0.414817303 -0.745969355 -0.311464757 -0.548218727 0.214419514
1413394955355760384.000000 0.345225722 -0.391152978 -0.516556799 -0.701894760 -0.335841030 -0.568494916 0.267148107
1413394956655760384.000000 0.183597714 -0.012192260 -0.444517523 -0.665733159 -0.494663537 -0.440765262 0.343268782
1413394958755760384.000000 0.273745686 0.174801663 -0.274675369 -0.515780866 -0.709813058 -0.263906926 0.400610447
1413394959505760512.000000 0.297039896 0.320173740 -0.131084993 -0.355428845 -0.721924961 -0.268174589 0.529695392
1413394959905760512.000000 0.243128836 0.360382080 -0.061734855 -0.297737509 -0.808984220 -0.210738495 0.460962236
1413394962705760512.000000 -1.073596358 -0.042881176 -0.174190357 -0.032847278 -0.754867256 -0.024510045 0.654595852
1413394964755760384.000000 -0.204686642 -1.348642111 -0.634834588 -0.042064067 -0.834122956 0.026090208 0.549353123
1413394965205760512.000000 -0.202063575 -1.512254834 -0.572853863 -0.034546219 -0.804222822 0.018450590 0.593036115
1413394967055760384.000000 0.302935123 -1.678780675 -0.516475737 0.410441339 -0.711404562 0.286492705 0.493318915
1413394967655760384.000000 0.512140036 -1.767646909 -0.451851577 0.503379464 -0.625904739 0.383856177 0.455529094
1413394967955760384.000000 0.628930092 -1.756153584 -0.374061853 0.557680547 -0.576598585 0.419222713 0.425181001
1413394968205760512.000000 0.723753512 -1.733450770 -0.321005881 0.614533126 -0.547778666 0.427310497 0.373755693
1413394968455760384.000000 0.814143538 -1.716748118 -0.325752705 0.643793285 -0.524100780 0.436169803 0.347281694
1413394968705760512.000000 0.905942738 -1.735460281 -0.345553547 0.670395613 -0.504462838 0.435121298 0.326736212
1413394968955760384.000000 1.013438106 -1.796430349 -0.347266912 0.669543624 -0.482147008 0.450554818 0.340948552
1413394969255760384.000000 1.169963837 -1.884789705 -0.365156293 0.660465479 -0.452991664 0.501424611 0.327349037
1413394969555760384.000000 1.293837309 -1.938013792 -0.482302785 0.665009439 -0.425563663 0.508211195 0.344063342
1413394969855760384.000000 1.417659163 -1.922373772 -0.592612743 0.703944802 -0.421641111 0.446003854 0.357436866
1413394970155760384.000000 1.635476351 -1.889235735 -0.624834955 0.697980404 -0.462359816 0.448661149 0.312650084
1413394970455760384.000000 1.894655704 -1.899868369 -0.588381350 0.640471756 -0.457265884 0.528639078 0.318189740
1413394970655760384.000000 2.028896093 -1.893937469 -0.611693978 0.616095424 -0.473328292 0.559594154 0.288515359
1413394970955760384.000000 2.092724323 -1.852162600 -0.658305049 0.662922919 -0.455764741 0.495014697 0.328286678
1413394971255760384.000000 2.112599373 -1.786710262 -0.617068529 0.698317945 -0.474987030 0.433105409 0.314895391
1413394971555760384.000000 2.195488214 -1.802130699 -0.599605203 0.711252511 -0.508025408 0.401904076 0.272952795
1413394971855760384.000000 2.317077160 -1.989325047 -0.551262379 0.640990674 -0.508413017 0.488366038 0.303555399
1413394972055760384.000000 2.350672007 -2.145395756 -0.522869229 0.586886942 -0.516698480 0.515537798 0.350438714
1413394972255760384.000000 2.327920198 -2.269893408 -0.530794740 0.534657359 -0.553865194 0.498503745 0.398583531
1413394972455760384.000000 2.251553535 -2.339667082 -0.569145501 0.474858940 -0.612167656 0.454509526 0.439523578
1413394972855760384.000000 1.979841352 -2.344992399 -0.652494729 0.379403740 -0.722990811 0.265914202 0.512471259
1413394973005760512.000000 1.869781852 -2.339879990 -0.662631035 0.325749874 -0.744428217 0.211028188 0.543305516
1413394973205760512.000000 1.741780162 -2.343460798 -0.678037643 0.236132890 -0.780246556 0.162968025 0.555785894
1413394973555760384.000000 1.533511043 -2.361066341 -0.698221266 0.077151805 -0.816316485 0.076424390 0.567304492
1413394974055760384.000000 1.222611785 -2.355148792 -0.685010016 -0.138650015 -0.802726388 -0.074024357 0.575262547
1413394974355760384.000000 1.064056754 -2.331312895 -0.663531780 -0.270826608 -0.768560350 -0.140641436 0.562305808
1413394974605760512.000000 0.966130972 -2.276489019 -0.634169459 -0.366915971 -0.729790807 -0.197749615 0.541916192
1413394975255760384.000000 0.867612302 -2.039020538 -0.665037036 -0.482523054 -0.634903014 -0.361710846 0.482944071
1413394975655760384.000000 0.829165041 -1.970605373 -0.806169033 -0.530639470 -0.617868423 -0.387623459 0.431750536
1413394976055760384.000000 0.737613380 -1.923051119 -0.861872733 -0.526264966 -0.606052995 -0.402736187 0.439941555
1413394976705760512.000000 0.490798891 -1.991042614 -0.892225266 -0.504944265 -0.578602731 -0.418906718 0.484528124
1413394977405760512.000000 0.397949487 -2.196290493 -0.834210753 -0.615055740 -0.644999266 -0.296236813 0.343403727
1413394977605760512.000000 0.431603968 -2.023744583 -0.742061079 -0.597897232 -0.655117154 -0.324200720 0.328990012
1413394977805760512.000000 0.440098375 -1.739492536 -0.632399440 -0.587799132 -0.649449646 -0.342449546 0.339758396
1413394979705760512.000000 -0.441027761 1.157143831 -0.287095159 -0.492152810 -0.494777739 -0.447511703 0.559208214
1413394981205760512.000000 -0.590903938 -0.097855970 -0.116389379 -0.579874933 -0.577008426 -0.376044154 0.435197860
1413394981505760512.000000 -0.609403253 -0.351467878 -0.185857564 -0.576537788 -0.583314061 -0.390639663 0.418030739
1413394981755760384.000000 -0.607817948 -0.530353487 -0.231619239 -0.590331435 -0.583184958 -0.388542235 0.400548309
1413394982005760512.000000 -0.594537020 -0.669648647 -0.273062497 -0.624630511 -0.553371429 -0.386179090 0.393042743
1413394982455760384.000000 -0.442634612 -0.817527473 -0.298197716 -0.697065413 -0.439304739 -0.418561101 0.381991774
1413394982855760384.000000 -0.064665817 -0.949581206 -0.247254521 -0.747333765 -0.341484487 -0.471963674 0.319579363
1413394983105760512.000000 0.266661733 -1.058379650 -0.197799861 -0.760006905 -0.306893915 -0.506607711 0.267496318
1413394983305760512.000000 0.550925016 -1.149024487 -0.153179750 -0.758139551 -0.300858378 -0.523378074 0.246544495
1413394983505760512.000000 0.836787879 -1.238904953 -0.107493773 -0.749749839 -0.319934428 -0.535159588 0.221633509
1413394984305760512.000000 1.713010550 -1.409377813 -0.241159946 -0.726731777 -0.370015532 -0.536218643 0.217759043
1413394984605760512.000000 1.898338199 -1.359604836 -0.318495631 -0.726023316 -0.397508025 -0.513347328 0.226610065
1413394984905760512.000000 2.019690275 -1.228506565 -0.365833998 -0.703455746 -0.442431390 -0.490075618 0.263116717
1413394985105760512.000000 2.072795868 -1.098205566 -0.378846794 -0.675867021 -0.474924654 -0.482091814 0.291955382
1413394987505760512.000000 2.244166851 1.606084228 0.168870270 -0.638664186 -0.478161037 -0.506461442 0.327058077
1413394987705760512.000000 2.197744846 1.832839608 0.177074388 -0.623023808 -0.477944970 -0.526346624 0.326142877
1413394988105760512.000000 1.939212561 2.183734655 0.243938863 -0.610614777 -0.457938492 -0.544910431 0.347152114
1413394988405760512.000000 1.627587438 2.312907934 0.312227815 -0.654272020 -0.409044564 -0.505629003 0.385940492
1413394988605760512.000000 1.432773709 2.320874453 0.328692049 -0.700754285 -0.353851348 -0.498513669 0.367718458
1413394988805760512.000000 1.271297932 2.269530058 0.322806060 -0.726651430 -0.316424847 -0.527547836 0.305853635
1413394989305760512.000000 0.867008746 2.010953903 0.256076097 -0.741420090 -0.304083705 -0.551096380 0.232641980
1413394989405760512.000000 0.776529908 1.951989532 0.248368561 -0.745287240 -0.302601576 -0.544362783 0.238009200
1413394989505760512.000000 0.685008764 1.891780615 0.240062714 -0.747735918 -0.301565975 -0.538705111 0.244429678
1413394989605760512.000000 0.593803465 1.829586864 0.224847823 -0.750406325 -0.301106423 -0.532215595 0.250942022
1413394990005760512.000000 0.264583975 1.574717999 0.075854614 -0.735421062 -0.374334306 -0.472192943 0.309941053
1413394990455760384.000000 0.001512751 1.322743416 -0.187960520 -0.616111994 -0.557269752 -0.422079206 0.362912655
1413394990755760384.000000 -0.168208763 1.220822811 -0.346446037 -0.590460479 -0.590057671 -0.389032751 0.389668912
1413394991055760384.000000 -0.338044763 1.201122761 -0.468571156 -0.591650963 -0.588018835 -0.391226888 0.388747275
1413394991505760512.000000 -0.575499594 1.294632673 -0.588282585 -0.635722280 -0.534213364 -0.407839805 0.379657894
1413394991705760512.000000 -0.652671337 1.369409680 -0.623177648 -0.658416927 -0.495357007 -0.440231413 0.356798112
1413394992005760512.000000 -0.749855816 1.494196296 -0.658316851 -0.667611718 -0.440446943 -0.482041478 0.357682914
1413394992305760512.000000 -0.816891313 1.575866222 -0.688630164 -0.708266020 -0.398628294 -0.472075015 0.341467410
1413394992505760512.000000 -0.821878433 1.605355144 -0.690023184 -0.718675792 -0.385505259 -0.497452289 0.295689285
1413394992855760384.000000 -0.823639035 1.654346347 -0.675992310 -0.727679431 -0.351889759 -0.518560946 0.278838396
1413394993355760384.000000 -0.815095663 1.697447419 -0.756699800 -0.735348940 -0.347351879 -0.526152730 0.248539567
1413394993755760384.000000 -0.822215557 1.744450092 -0.885545313 -0.734563172 -0.346108556 -0.530694425 0.242876977
1413394994205760512.000000 -0.828738749 1.781291008 -1.069902182 -0.779414892 -0.228760302 -0.544623137 0.208726838
1413394994605760512.000000 -0.817411602 1.741125464 -1.103633285 -0.793655932 -0.167430967 -0.575947344 0.101793289
1413394995005760512.000000 -0.864935160 1.770988703 -1.029260278 -0.787752271 -0.146916971 -0.590463936 0.095989682
1413394995405760512.000000 -0.982081652 1.830198050 -1.128978968 -0.815233111 -0.137351647 -0.548550308 0.124988496
1413394995805760512.000000 -1.037414312 1.869600773 -1.227577686 -0.802677393 -0.141347498 -0.566812754 0.120221309
1413394996305760512.000000 -1.129711390 1.890893579 -1.184273839 -0.785526335 -0.146379590 -0.589889944 0.116409399
1413394996805760512.000000 -1.247708321 1.896426916 -1.043608665 -0.787581921 -0.147895962 -0.587121904 0.114583723
1413394997305760512.000000 -1.397282004 1.911443830 -0.859678328 -0.787778437 -0.147591397 -0.586827159 0.115133643
1413394997805760512.000000 -1.578001380 1.934909701 -0.635338604 -0.787756681 -0.147404969 -0.586928129 0.115007408
1413394998305760512.000000 -1.789176822 1.967710614 -0.371237963 0.787696302 0.147182271 0.587018907 -0.115242705
