1413393216555760384.000000 -0.165910214 0.128805906 0.448602647 -0.587555885 -0.550709367 -0.426228940 0.412099838
1413393219455760384.000000 -0.733826756 -0.343153119 0.732955873 -0.611018836 -0.553365409 -0.407783270 0.392626613
1413393222255760384.000000 -0.885085046 -0.232280552 1.183882833 -0.594623923 -0.553208590 -0.428093553 0.396381944
1413393223505760512.000000 -0.923776507 0.143592104 1.219030857 -0.589282751 -0.569050848 -0.417712003 0.392993420
1413393223955760384.000000 -0.959234118 0.367610842 1.103874207 -0.591074169 -0.558125496 -0.431065679 0.391547829
1413393224355760384.000000 -1.027881026 0.553356469 1.060850739 -0.593018055 -0.550210416 -0.438225716 0.391862631
1413393224605760512.000000 -1.081562400 0.660147071 0.955059350 -0.608444393 -0.529642165 -0.442708850 0.391514480
1413393226455760384.000000 -1.081578255 1.157102227 0.757286668 -0.763278365 -0.297418594 -0.527612388 0.224885240
1413393229105760512.000000 -0.361788005 1.844536662 0.657532930 -0.815753639 -0.110000417 -0.562354028 0.078765780
1413393231605760512.000000 1.181743026 2.447889090 0.589194119 0.801389337 -0.003413200 0.597805142 -0.019814223
1413393232005760512.000000 1.426850557 2.525271893 0.529444277 0.809050441 -0.047899362 0.585561514 -0.016152209
1413393232405760512.000000 1.622088432 2.499336481 0.505757213 0.808664858 -0.108812429 0.576453447 0.043847542
1413393233455760384.000000 2.145703077 2.152138948 0.412847102 0.791523159 -0.159701973 0.578669131 0.114579231
1413393233855760384.000000 2.333780766 2.006218195 0.562950730 0.778389573 -0.216517866 0.564936519 0.167560697
1413393234055760384.000000 2.418975830 1.952201486 0.653950036 0.763334095 -0.249885172 0.568381906 0.178383261
1413393234255760384.000000 2.491318464 1.906720996 0.726864398 0.750956774 -0.286760628 0.565402031 0.184805244
1413393236955760384.000000 2.428228378 1.602267265 0.795780420 0.544187248 -0.615809321 0.403880835 0.401894629
1413393239655760384.000000 2.580357552 0.712723553 0.894981563 0.545687973 -0.607829332 0.385752916 0.428909063
1413393242555760384.000000 2.510939837 -0.486715972 0.739366829 0.525572538 -0.617331505 0.408590108 0.419201136
1413393245405760512.000000 2.417914867 -0.390908688 0.739782691 0.653022051 -0.494753331 0.459131837 0.343481302
1413393248105760512.000000 2.519636154 -0.185469732 0.327470958 0.667970896 -0.439148575 0.518092155 0.304210484
1413393250905760512.000000 2.435399532 -0.219732016 0.215756997 0.660764933 -0.474074960 0.488287568 0.316572130
1413393253355760384.000000 2.433437824 0.023400195 0.403489053 0.392149806 -0.731651962 0.263328612 0.491489679
1413393254805760512.000000 2.324010372 -0.401381075 0.673000574 0.310326487 -0.753406405 0.224054307 0.534673631
1413393256655760384.000000 2.035246849 -0.896116972 0.817777097 0.301315963 -0.765853345 0.220440581 0.523529649
1413393257155760384.000000 1.872155070 -1.080243707 0.785951078 0.310956031 -0.757096648 0.230708972 0.526197970
1413393258055760384.000000 1.537931561 -1.455084205 0.679614007 0.306116194 -0.756373227 0.212842703 0.537485421
1413393260455760384.000000 1.137936592 -2.441406250 0.757045865 0.692347169 -0.387355089 0.522584438 0.312277138
1413393263355760384.000000 1.614912748 -2.647378683 0.672730148 0.772304296 -0.265580267 0.553967297 0.161658332
1413393266205760512.000000 1.978888631 -2.885081291 0.384532452 0.807228684 -0.106350541 0.575573385 0.076071240
1413393267055760384.000000 1.991386175 -2.785213947 0.538159549 -0.790961802 -0.164841279 -0.573151469 0.136763066
1413393269955760384.000000 1.829723001 -2.888050318 0.408233106 -0.791941822 -0.201926231 -0.556852698 0.148219869
1413393270255760384.000000 1.805623055 -2.897984266 0.321876734 -0.795337796 -0.208697528 -0.550383508 0.144779846
1413393271705760512.000000 1.874986053 -2.772971630 0.254765034 -0.799556792 -0.105383433 -0.587716818 0.064748652
1413393272505760512.000000 1.813792109 -2.534768820 0.319138616 -0.809272289 -0.006474394 -0.587339222 0.008307428
1413393275305760512.000000 1.570249081 -1.808852077 0.613845646 0.634303033 -0.495245606 0.473711163 0.357755810
1413393278155760384.000000 1.038608193 -1.849792719 0.616928220 0.503073752 -0.626442075 0.395389050 0.445145577
1413393278655760384.000000 0.860862255 -1.852524757 0.606161654 0.446471602 -0.694209814 0.361067414 0.434011757
1413393278955760384.000000 0.674113750 -1.860621691 0.633022547 0.466092199 -0.665889025 0.332543343 0.478293568
1413393279455760384.000000 0.401270151 -1.892331719 0.636716485 0.489130467 -0.665683925 0.321018606 0.463209838
1413393279955760384.000000 0.210906863 -2.002924681 0.617796242 0.487077832 -0.645686984 0.345319003 0.476023465
1413393280455760384.000000 0.091835745 -2.102039576 0.630963564 0.475435406 -0.646530509 0.384470642 0.456225634
1413393280955760384.000000 -0.103449658 -2.111754656 0.596713960 0.480653018 -0.661608279 0.389786363 0.423454404
1413393281355760384.000000 -0.367713422 -2.110109806 0.597382367 0.506110907 -0.641997695 0.353107840 0.454978615
1413393281755760384.000000 -0.600854576 -2.141405821 0.637627900 0.495405644 -0.641301811 0.350156128 0.469782948
1413393282255760384.000000 -0.812301755 -2.176480770 0.717647612 0.473659068 -0.664662719 0.360914081 0.451233447
1413393282755760384.000000 -1.019962907 -2.207272291 0.784251750 0.487961203 -0.639930665 0.350099564 0.479388088
1413393283255760384.000000 -1.136290431 -2.226057291 0.792326510 0.557666779 -0.601068437 0.381927997 0.426445127
1413393283755760384.000000 -1.160210490 -2.289078474 0.765575290 0.631408393 -0.518831015 0.441863030 0.369993150
1413393284105760512.000000 -1.127116203 -2.345968723 0.689397037 0.682204008 -0.450543523 0.475269079 0.325157672
1413393286955760384.000000 -0.410524905 -2.912391186 0.623286247 -0.815691173 -0.030241596 -0.577643096 -0.007857944
1413393289455760384.000000 0.189386338 -2.856103420 0.624462068 -0.755654156 -0.295699388 -0.541885018 0.218881592
1413393292205760512.000000 0.760591030 -2.849158049 0.343701512 -0.733242810 -0.332378328 -0.545093000 0.233994171
1413393294655760384.000000 -0.028355956 -2.900862694 0.615179002 -0.724904597 -0.372875750 -0.518566012 0.258004785
1413393295405760512.000000 -0.471379042 -2.838754654 0.662913501 -0.735677302 -0.359708607 -0.508495748 0.266121835
1413393296805760512.000000 -1.003300428 -2.558886766 0.579205334 -0.752001286 -0.332032561 -0.510643661 0.251975328
1413393297755760384.000000 -1.108526587 -2.233201981 0.460180998 -0.759992778 -0.295825422 -0.527605653 0.237761289
1413393300605760512.000000 -0.868321240 -1.504319310 0.486606151 -0.737294257 -0.343595177 -0.505773842 0.287284642
1413393302805760512.000000 -1.315473557 -1.436228156 0.357454062 -0.631421506 -0.516552687 -0.429303437 0.387528926
1413393303305760512.000000 -1.439572334 -1.407867432 0.443704545 -0.628887117 -0.519349277 -0.435021281 0.381488860
1413393303855760384.000000 -1.553816915 -1.354321361 0.580331624 -0.625765443 -0.518405378 -0.447779536 0.373050988
1413393304105760512.000000 -1.613610864 -1.328626752 0.638753176 -0.633979261 -0.511350036 -0.437366158 0.381185353
1413393305405760512.000000 -1.822169542 -1.042100310 0.617000997 -0.622250080 -0.534006298 -0.443497837 0.361872792
1413393308105760512.000000 -2.398585081 0.053522438 0.787449181 -0.792473733 -0.198546365 -0.561581254 0.131115958
1413393308355760384.000000 -2.376990557 0.169610143 0.810594082 -0.801599324 -0.144028723 -0.572583437 0.094034940
1413393310805760512.000000 -2.103562832 0.797692716 0.619598985 0.812734008 -0.069571666 0.578162014 0.018763328
1413393311305760512.000000 -1.978611827 0.766938090 0.572377384 0.818781912 -0.071028307 0.568124533 0.042258684
1413393311555760384.000000 -1.892800808 0.739426613 0.517081976 0.820812225 -0.067351893 0.564801514 0.052252613
1413393314305760512.000000 -1.176984310 0.589786351 0.510208189 0.814510167 -0.053542797 0.576468527 0.037287544
1413393317055760384.000000 -0.632560551 1.113073945 0.797306001 -0.805948555 -0.118470624 -0.574358404 0.080771245
1413393317405760512.000000 -0.594843388 1.266613245 0.766589284 -0.792279124 -0.119124338 -0.592759430 0.082094811
1413393317805760512.000000 -0.608509481 1.449098587 0.697364569 -0.793724060 -0.110929117 -0.592436373 0.081950501
1413393318205760512.000000 -0.677789748 1.629951239 0.605948865 -0.806257665 -0.095961131 -0.578989625 0.074237630
1413393318555760384.000000 -0.746478677 1.782055497 0.510884941 -0.807313800 -0.076452255 -0.578872204 0.085478604
1413393318955760384.000000 -0.816506863 1.902127862 0.423007756 -0.797780335 -0.077725947 -0.591889143 0.084690943
1413393319305760512.000000 -0.901893020 1.958440781 0.402043551 -0.808890522 -0.081088670 -0.575703621 0.087670662
1413393319605760512.000000 -0.971238792 1.980051041 0.362083256 -0.824871778 -0.080392428 -0.551725149 0.093397878
1413393319905760512.000000 -0.988368213 1.977670431 0.290795088 -0.820461750 -0.096358217 -0.558016181 0.078585334
1413393320205760512.000000 -0.972188830 1.977988124 0.192462891 -0.802055895 -0.104154237 -0.583844364 0.070597835
1413393320605760512.000000 -0.969838440 2.010337353 0.149502024 -0.814198315 -0.096250854 -0.568637490 0.066845603
1413393320905760512.000000 -0.972334087 2.037149429 0.091687866 -0.799681842 -0.093881644 -0.589993715 0.060022827
1413393321305760512.000000 -0.991629660 2.020797491 0.078907408 -0.805272996 -0.091262326 -0.583630860 0.050811078
1413393321505760512.000000 -0.990702808 2.019508839 0.078319065 -0.799446762 -0.087193891 -0.591547668 0.057908989
1413393321955760384.000000 -0.988718748 2.018728256 0.078242645 -0.800213873 -0.085230798 -0.590531647 0.060547695
1413393322455760384.000000 -0.988900065 2.018375635 0.078027792 -0.799770594 -0.085076109 -0.591144562 0.060640406
1413393322955760384.000000 -0.989539504 2.018393040 0.078133270 -0.799758673 -0.085000746 -0.591148198 0.060867839
1413393323455760384.000000 -0.990221322 2.018269062 0.078695133 -0.799781919 -0.084865421 -0.591106951 0.061151199
1413393323955760384.000000 -0.990034461 2.018368483 0.077780478 -0.799819529 -0.084721543 -0.591066718 0.061246555
1413393324455760384.000000 -0.990011394 2.018409967 0.078242645 -0.799885511 -0.084526524 -0.590994954 0.061347935
1413393324955760384.000000 -0.990231931 2.018288612 0.078836843 -0.799968302 -0.084555477 -0.590871274 0.061419647
1413393325455760384.000000 -0.990776658 2.018519163 0.078143269 -0.799967647 -0.084370650 -0.590878785 0.061608639
1413393325955760384.000000 -0.990391970 2.018313885 0.078318633 -0.799955785 -0.084133431 -0.590915084 0.061739560
