1403638147795097088.000000 -0.735016704 -1.489185333 1.870746493 -0.593963027 -0.591973066 -0.382047474 0.388349921
1403638148095097088.000000 -0.734518826 -1.458612084 1.905909538 -0.585172117 -0.574819148 -0.402853429 0.406036586
1403638150845096960.000000 -1.133991003 -0.914718032 2.252628565 -0.536038876 -0.636131406 -0.361438632 0.421142817
1403638152145096960.000000 -1.915389419 -0.492513239 2.383589745 -0.408644885 -0.717495799 -0.288121045 0.484969497
1403638152495097088.000000 -2.178488016 -0.394381464 2.414678097 -0.407043010 -0.719361961 -0.296365947 0.478541076
1403638152945096960.000000 -2.583653927 -0.279026806 2.425499916 -0.394699335 -0.721811414 -0.275346041 0.497378498
1403638153395097088.000000 -3.017629147 -0.153891861 2.512230635 -0.358167201 -0.749486268 -0.242772490 0.501047134
1403638153645096960.000000 -3.273512602 -0.076745659 2.554500341 -0.317935616 -0.770090997 -0.233084694 0.501546025
1403638155195097088.000000 -5.018184185 0.079118244 2.652036428 -0.220429912 -0.784919679 -0.180509433 0.550207376
1403638155395097088.000000 -5.229156494 0.022903770 2.682944775 -0.202826351 -0.782627404 -0.174339235 0.562104702
1403638155995097088.000000 -5.793354511 -0.281280309 2.646536112 -0.121314429 -0.802009940 -0.088856347 0.578072190
1403638156195097088.000000 -5.943982124 -0.408756584 2.648326635 -0.084016763 -0.817399919 -0.051963124 0.567537248
1403638156595097088.000000 -6.246134758 -0.638228893 2.673920393 -0.043236464 -0.830288589 -0.013697019 0.555485308
1403638156795097088.000000 -6.410812378 -0.734438360 2.654554844 -0.040558293 -0.831105649 -0.012288702 0.554497421
1403638157395097088.000000 -6.992476463 -0.954105318 2.642468691 -0.044236526 -0.834491789 -0.020673700 0.548852682
1403638157995097088.000000 -7.687361240 -1.155959010 2.691091537 0.039123386 -0.819364548 0.019530291 0.571602702
1403638158445096960.000000 -8.193586349 -1.320532203 2.723312140 0.068070821 -0.819350183 0.048964277 0.567128062
1403638158895097088.000000 -8.673382759 -1.475704670 2.697119951 0.061953429 -0.822654903 0.050920054 0.562856972
1403638159145096960.000000 -8.936809540 -1.561895132 2.724481344 0.055820931 -0.837436259 0.052684654 0.541118264
1403638159545096960.000000 -9.412363052 -1.679205179 2.763062954 0.042592075 -0.807146192 0.064872205 0.585228682
1403638159745096960.000000 -9.640223503 -1.710589767 2.803373337 0.027599011 -0.794510961 0.087522291 0.600275397
1403638160145096960.000000 -9.993257523 -1.666429996 2.983154297 0.054623727 -0.799535155 0.053765718 0.595708787
1403638160545096960.000000 -10.263789177 -1.581482887 3.264696360 0.061088517 -0.827113986 0.048709106 0.556577265
1403638160945096960.000000 -10.561177254 -1.497149944 3.506985426 0.036579579 -0.810566247 0.055746619 0.581838906
1403638161145096960.000000 -10.698289871 -1.434378862 3.607437611 0.006408574 -0.806209564 0.034231655 0.590604126
1403638161945096960.000000 -11.138400078 -1.080256701 3.869932175 -0.097137123 -0.815404952 -0.040862679 0.569218159
1403638162145096960.000000 -11.246546745 -0.969115317 3.909437895 -0.110337868 -0.814244807 -0.048004307 0.567914307
1403638162495097088.000000 -11.431143761 -0.741656840 3.998466730 -0.123194873 -0.813788831 -0.044278592 0.566224635
1403638164345096960.000000 -12.018457413 1.016524673 4.532958984 -0.200517774 -0.787199914 -0.100774750 0.574415803
1403638166345096960.000000 -11.209921837 3.190458536 4.605360031 -0.221151739 -0.789923251 -0.157163903 0.549920678
1403638166745096960.000000 -10.947344780 3.525599480 4.776767731 -0.219693571 -0.791298330 -0.148599625 0.550908208
1403638167145096960.000000 -10.724579811 3.864289045 4.843261242 -0.234662205 -0.810580134 -0.123018935 0.522264302
1403638167345096960.000000 -10.648791313 4.069966316 4.900986195 -0.227069959 -0.810310364 -0.133680061 0.523417532
1403638169145096960.000000 -10.280478477 6.536633015 5.187272549 -0.327359438 -0.762687981 -0.226798400 0.509612978
1403638169545096960.000000 -10.294425964 7.132288456 5.110768318 -0.367084920 -0.719160140 -0.213160113 0.550109208
1403638169745096960.000000 -10.254871368 7.434446812 5.090034008 -0.390261978 -0.707882285 -0.245428458 0.535129189
1403638169945096960.000000 -10.185003281 7.724977016 5.101560116 -0.407931805 -0.696857214 -0.297859758 0.509177029
1403638170345096960.000000 -10.032911301 8.215228081 5.136002541 -0.480797559 -0.638040423 -0.344552577 0.492972285
1403638170745096960.000000 -9.827829361 8.594768524 5.131917953 -0.552046120 -0.577857971 -0.371700287 0.472402483
1403638171395097088.000000 -9.277692795 8.973993301 5.156192780 -0.608731091 -0.511723042 -0.421336114 0.435960889
1403638171645096960.000000 -9.005186081 9.028187752 5.139552116 -0.618144870 -0.494142473 -0.428323239 0.436187297
1403638171895097088.000000 -8.689359665 9.016723633 5.120473385 -0.631478310 -0.469994128 -0.436011255 0.436159402
1403638172395097088.000000 -7.930943012 8.756060600 5.117224216 -0.633558989 -0.464054495 -0.454686344 0.420139134
1403638172795097088.000000 -7.256199837 8.363650322 4.970376968 -0.629220665 -0.462410271 -0.451197892 0.432063282
1403638174695097088.000000 -3.470960140 5.105419636 3.407228708 -0.639347076 -0.524033844 -0.425836563 0.367813855
1403638174895097088.000000 -3.102952480 4.773048401 3.269307613 -0.641834259 -0.530101717 -0.421774417 0.359370649
1403638175145096960.000000 -2.664363384 4.404627800 3.133130312 -0.642087519 -0.529464304 -0.424588710 0.356532961
1403638176545096960.000000 -0.687594473 3.698334217 2.831720352 -0.622252226 -0.535117328 -0.452274114 0.349141419
1403638176895097088.000000 -0.402089566 3.762986898 2.854565382 -0.627290487 -0.533599377 -0.446387947 0.350023210
1403638177245096960.000000 -0.199521512 3.850057125 2.872302055 -0.625383079 -0.538083851 -0.449709803 0.342232257
1403638177745096960.000000 -0.041149601 4.024356365 2.775910139 -0.642595947 -0.517030120 -0.431504279 0.365451068
1403638179845096960.000000 1.057923079 4.089877605 2.434160709 -0.778064787 -0.258161426 -0.536268711 0.200956970
1403638180045096960.000000 1.210826635 4.068971157 2.409318686 -0.795510054 -0.229286626 -0.532357335 0.176598966
1403638180345096960.000000 1.456678271 4.040077686 2.387141943 -0.804400325 -0.210720256 -0.530700207 0.163995162
1403638180995097088.000000 2.087970972 4.014722347 2.310731649 -0.806736350 -0.226467416 -0.522131741 0.158957407
1403638181545096960.000000 2.738115311 4.039395809 2.216800690 -0.795271516 -0.172599256 -0.552920461 0.178973973
1403638181995097088.000000 3.267881632 3.922224998 2.165292978 -0.812561631 -0.105723448 -0.564989805 0.096709706
1403638182245096960.000000 3.544833183 3.829167366 2.193239689 -0.826939940 -0.082418151 -0.550272048 0.081106916
1403638182695097088.000000 4.090341091 3.644660950 2.262929440 -0.835081518 -0.091615140 -0.538595140 0.064503588
1403638182895097088.000000 4.360707283 3.568804026 2.317005157 -0.831747472 -0.094514005 -0.542610765 0.069546670
1403638183395097088.000000 5.070072174 3.406655073 2.366096020 -0.826307952 -0.105973065 -0.549081087 0.067044593
1403638183695097088.000000 5.508293152 3.345408201 2.351341486 -0.828255236 -0.110583000 -0.545922458 0.061102182
1403638183945096960.000000 5.883549213 3.325140715 2.371406317 -0.813092172 -0.109906092 -0.568310738 0.061843708
1403638184395097088.000000 6.520123482 3.345389366 2.451419353 -0.824122965 -0.106565125 -0.552941680 0.060999144
1403638184595097088.000000 6.803195953 3.377586842 2.466728687 -0.819005430 -0.105926141 -0.560685873 0.060340688
1403638184995097088.000000 7.350863457 3.478806019 2.501478910 -0.816854537 -0.103882432 -0.564151943 0.060743935
1403638185195097088.000000 7.613972664 3.545145512 2.526695013 -0.817674339 -0.105656169 -0.562872827 0.058478300
1403638185695097088.000000 8.231966019 3.785499096 2.599092722 -0.801643372 -0.144334987 -0.576171637 0.067540564
1403638185945096960.000000 8.500082016 3.948294640 2.634144306 -0.809738576 -0.137198851 -0.558785558 0.115147054
1403638186395097088.000000 8.970062256 4.209613323 2.660383940 -0.811711669 -0.153175503 -0.554049850 0.103393957
1403638186595097088.000000 9.173956871 4.321954727 2.695324898 -0.810632586 -0.154773980 -0.556085885 0.098429911
1403638186795097088.000000 9.375613213 4.441779613 2.714122772 -0.807877243 -0.165121138 -0.558934331 0.087532267
1403638189595097088.000000 9.890506744 6.010488510 3.157517910 -0.733298779 -0.372869909 -0.506091595 0.259060353
1403638190495097088.000000 9.376134872 6.130641460 3.242440462 -0.698163331 -0.402916998 -0.533407867 0.256324202
1403638190695097088.000000 9.242711067 6.178137302 3.215856314 -0.696831405 -0.410700858 -0.524557650 0.265687793
1403638190895097088.000000 9.082390785 6.221855640 3.200705051 -0.700669706 -0.407786727 -0.512932539 0.282262772
1403638192295097088.000000 7.850042820 6.483712196 3.342905521 -0.709347308 -0.412704915 -0.501396835 0.274048001
1403638192495097088.000000 7.665976048 6.566079140 3.407197952 -0.704999685 -0.407705456 -0.506908715 0.282480717
1403638192845096960.000000 7.328514576 6.692319870 3.539073229 -0.689919412 -0.392850667 -0.527803123 0.301833481
1403638193045096960.000000 7.120800018 6.728029251 3.591649294 -0.680384398 -0.373280495 -0.535468042 0.333185852
1403638193245096960.000000 6.907593250 6.709620476 3.652054071 -0.681747437 -0.393293530 -0.520672321 0.330818653
1403638193795097088.000000 6.306840897 6.452634335 3.891784668 -0.686395407 -0.427380174 -0.497420698 0.314293265
1403638194195097088.000000 5.862521172 6.192751884 3.967734575 -0.686398447 -0.426125824 -0.499216408 0.313140452
1403638194395097088.000000 5.643015862 6.053764820 3.977426052 -0.688348651 -0.425068378 -0.497409046 0.313172996
1403638196695097088.000000 3.952152491 5.358559132 4.003090382 -0.714883626 -0.435570240 -0.462146848 0.292643815
1403638197845096960.000000 3.656297445 5.770084858 4.134626389 -0.688411474 -0.432653248 -0.500148535 0.297913015
1403638198045096960.000000 3.582016230 5.849906445 4.173427105 -0.679713786 -0.421244860 -0.510980308 0.315342665
1403638198395097088.000000 3.429535389 5.942382336 4.085466385 -0.688113570 -0.427754343 -0.499357074 0.306868851
1403638198845096960.000000 3.173456669 6.020389080 3.906396389 -0.661530077 -0.455572784 -0.532082140 0.267806143
1403638199245096960.000000 2.746270657 6.094109535 3.866923571 -0.666602671 -0.449601084 -0.526617944 0.275995046
1403638199845096960.000000 1.754627109 6.212244034 4.048782349 -0.668375254 -0.461035043 -0.503702939 0.294965535
1403638200095097088.000000 1.261619091 6.262535572 4.120231628 -0.665171504 -0.470526457 -0.489051342 0.311416954
1403638200295097088.000000 0.856542885 6.300633907 4.173162460 -0.638517559 -0.491206139 -0.493733525 0.327473998
1403638200495097088.000000 0.432012200 6.331299782 4.248783588 -0.614301503 -0.515006423 -0.492183954 0.339348018
1403638200695097088.000000 -0.017467342 6.351376057 4.349653721 -0.593290150 -0.542297900 -0.488184541 0.339993775
1403638200895097088.000000 -0.498883188 6.362353325 4.452877998 -0.586828351 -0.558962226 -0.474359900 0.343768120
1403638201295097088.000000 -1.526278615 6.369574547 4.576447010 -0.599399328 -0.546355903 -0.451640695 0.371801674
1403638201495097088.000000 -2.043895483 6.367228031 4.593852520 -0.600404561 -0.544254303 -0.454434156 0.369852960
1403638201695097088.000000 -2.562161446 6.360060692 4.581588745 -0.599991441 -0.540551841 -0.459152758 0.370125353
1403638201895097088.000000 -3.081561565 6.343901157 4.537208557 -0.601416409 -0.538983345 -0.459224135 0.370011479
1403638202295097088.000000 -4.126482487 6.256677151 4.465414047 -0.603384674 -0.552473545 -0.427092791 0.385086745
1403638202545096960.000000 -4.753713608 6.198600292 4.444860458 -0.603997231 -0.555549264 -0.418781251 0.388811767
1403638202795097088.000000 -5.347694397 6.153032780 4.385318279 -0.605358839 -0.555468082 -0.417035937 0.388686329
1403638203295097088.000000 -6.437260628 6.074946404 4.279001713 -0.598519206 -0.549846530 -0.428894490 0.394326061
1403638203545096960.000000 -6.938756943 6.024339199 4.251441002 -0.599615455 -0.547026157 -0.426993966 0.398622513
1403638203795097088.000000 -7.410377026 5.962601662 4.224400520 -0.600604296 -0.547548652 -0.425456792 0.398059845
1403638204295097088.000000 -8.258614540 5.802263260 4.291462898 -0.611783147 -0.548559070 -0.404461920 0.401515901
1403638204545096960.000000 -8.618396759 5.727699757 4.358768940 -0.625546098 -0.542913258 -0.386712790 0.405450970
1403638204845096960.000000 -8.972187996 5.663164139 4.395367146 -0.597513914 -0.568128526 -0.393173695 0.406966358
1403638205095097088.000000 -9.236893654 5.621497154 4.382043362 -0.538135946 -0.620038033 -0.382147133 0.424176991
1403638205295097088.000000 -9.453358650 5.587875843 4.373638630 -0.475969940 -0.666345119 -0.343670994 0.459703237
1403638205495097088.000000 -9.671795845 5.552416325 4.397807121 -0.404263675 -0.704969466 -0.311370611 0.492582202
1403638205695097088.000000 -9.886045456 5.499880791 4.450165749 -0.348890483 -0.725241184 -0.310515255 0.505846918
1403638206095097088.000000 -10.360550880 5.279187679 4.613381386 -0.285542041 -0.754109502 -0.261615992 0.530416667
1403638206345096960.000000 -10.674661636 5.063807487 4.736481190 -0.248916000 -0.764479280 -0.220534146 0.552247286
1403638206595097088.000000 -10.972727776 4.813424110 4.820885181 -0.237894744 -0.763471305 -0.194066361 0.568204224
1403638207095097088.000000 -11.463218689 4.248855591 4.864381790 -0.214266136 -0.763992608 -0.171206623 0.584032357
1403638207345096960.000000 -11.643659592 3.940995455 4.820314407 -0.201961994 -0.763834238 -0.160260469 0.591680110
1403638207595097088.000000 -11.770874023 3.608959198 4.766610622 -0.164275736 -0.773455262 -0.133322045 0.597499609
1403638207845096960.000000 -11.835431099 3.266777992 4.751451015 -0.150034800 -0.792711198 -0.100538678 0.582229018
1403638208095097088.000000 -11.867868423 2.944508314 4.776700497 -0.146524340 -0.799448907 -0.093608305 0.575021446
1403638208345096960.000000 -11.876865387 2.644407034 4.775819778 -0.148326710 -0.794299424 -0.096064948 0.581256628
1403638208595097088.000000 -11.863118172 2.357895374 4.748355865 -0.140258297 -0.802204907 -0.089332886 0.573423624
1403638208895097088.000000 -11.825984001 2.036217928 4.760048389 -0.115487620 -0.804232061 -0.070244767 0.578739285
1403638209145096960.000000 -11.777309418 1.790293455 4.751533985 -0.105467372 -0.804728568 -0.064178146 0.580663145
1403638209395097088.000000 -11.711300850 1.561442375 4.701959610 -0.105489977 -0.805258930 -0.059057880 0.580467105
1403638209745096960.000000 -11.601337433 1.275277376 4.530738831 -0.107906632 -0.802915156 -0.058710624 0.583298028
1403638209995097088.000000 -11.506633759 1.091473579 4.296000957 -0.102832980 -0.797789276 -0.068072073 0.590189755
1403638210245096960.000000 -11.385905266 0.914410770 4.060566902 -0.102706939 -0.788073838 -0.068512298 0.603073061
1403638210595097088.000000 -11.133557320 0.669955432 3.753310680 -0.103756890 -0.787722528 -0.069088534 0.603286505
1403638210945096960.000000 -10.795769691 0.432514638 3.435776711 -0.107781895 -0.791053951 -0.064792693 0.598680794
1403638211245096960.000000 -10.449285507 0.244889289 3.233772755 -0.110770643 -0.799187601 -0.058701586 0.587863326
1403638211495097088.000000 -10.147663116 0.113759555 3.099326134 -0.127000645 -0.798327208 -0.069251232 0.584592819
1403638211745096960.000000 -9.826795578 0.003697861 2.934861422 -0.174320295 -0.789176941 -0.091932505 0.581687808
1403638211995097088.000000 -9.488184929 -0.077763878 2.769080162 -0.237825930 -0.774810553 -0.123020150 0.572689593
1403638212245096960.000000 -9.130775452 -0.124248862 2.650954962 -0.287653774 -0.758257568 -0.166722134 0.560807109
1403638212495097088.000000 -8.752734184 -0.152098954 2.586783648 -0.335220575 -0.738209426 -0.207542390 0.547357500
1403638212745096960.000000 -8.354096413 -0.171911925 2.568676472 -0.385859698 -0.716564775 -0.241740063 0.528402328
1403638212995097088.000000 -7.937232018 -0.186848387 2.589814186 -0.439803988 -0.686804771 -0.277595490 0.507752240
1403638213245096960.000000 -7.506059170 -0.192819834 2.628772736 -0.502698660 -0.651718855 -0.303033590 0.480340749
1403638213495097088.000000 -7.057806015 -0.177209169 2.632683516 -0.571834207 -0.610382438 -0.310214311 0.451891750
1403638213695097088.000000 -6.672455788 -0.134180620 2.622890472 -0.584257603 -0.583914042 -0.353750378 0.438803017
1403638213945096960.000000 -6.177076340 -0.063617140 2.637349367 -0.577936709 -0.576778293 -0.389690816 0.425977737
1403638214195097088.000000 -5.689130783 0.003016599 2.682499409 -0.584064126 -0.589133501 -0.377972364 0.411008328
1403638214545096960.000000 -5.031979561 0.133259922 2.727884769 -0.577236414 -0.600493729 -0.370688617 0.410847247
1403638217445096960.000000 -1.165416002 0.678681433 2.239732265 -0.605812669 -0.547647417 -0.427041650 0.388212383
1403638220345096960.000000 -0.803932428 -0.189536676 2.277944565 -0.624071538 -0.529020429 -0.436258882 0.374633670
1403638220845096960.000000 -0.775634527 -0.466841727 2.319046736 -0.623575211 -0.528482676 -0.442074835 0.369364291
1403638221095097088.000000 -0.778373420 -0.599030018 2.291707516 -0.626913905 -0.527543724 -0.440207779 0.367278963
1403638221545096960.000000 -0.804103911 -0.819771707 2.271519661 -0.635270238 -0.525128901 -0.431010067 0.367289871
1403638222045096960.000000 -0.818819821 -1.029323101 2.256192207 -0.628581166 -0.523354530 -0.440076292 0.370565206
1403638222395097088.000000 -0.828279495 -1.163506866 2.270216465 -0.636941731 -0.531287968 -0.428772628 0.358039796
1403638222895097088.000000 -0.843627274 -1.284917474 2.213253498 -0.625930309 -0.521644115 -0.443958044 0.372826904
1403638223195097088.000000 -0.860658526 -1.357495308 2.178307056 -0.632214546 -0.525618017 -0.434728384 0.367480218
1403638223445096960.000000 -0.875393212 -1.419561267 2.166771650 -0.641837418 -0.521300852 -0.421376318 0.372467667
1403638223695097088.000000 -0.869430900 -1.469652176 2.144666433 -0.636392057 -0.518991292 -0.429736942 0.375472367
1403638223995097088.000000 -0.848543286 -1.524365306 2.106839180 -0.627688169 -0.529943049 -0.442276716 0.359943300
1403638224295097088.000000 -0.846001804 -1.564070463 2.058086157 -0.635862231 -0.535596788 -0.429953486 0.352072954
1403638224595097088.000000 -0.857647657 -1.572734237 2.021933556 -0.627368033 -0.520235181 -0.442547023 0.374054641
1403638224895097088.000000 -0.874627888 -1.580273747 1.992141485 -0.637832284 -0.527484596 -0.427497238 0.363560230
1403638225195097088.000000 -0.885401428 -1.569176793 1.997855663 -0.631792426 -0.521662295 -0.433778256 0.374890864
1403638225495097088.000000 -0.885192871 -1.556228518 2.005636215 -0.625675380 -0.525352836 -0.441266179 0.371239781
1403638225795097088.000000 -0.892391682 -1.550850749 1.955167174 -0.618254602 -0.520583212 -0.451585114 0.377922297
1403638226095097088.000000 -0.917504787 -1.556648850 1.879410028 -0.644531190 -0.529302478 -0.410185844 0.369006842
1403638226345096960.000000 -0.934590340 -1.541924715 1.876083493 -0.636270404 -0.539663851 -0.422274709 0.354410708
1403638226845096960.000000 -0.928324580 -1.534396172 1.898895979 -0.636205673 -0.539165735 -0.422154069 0.355427563
1403638227345096960.000000 -0.924161315 -1.532957792 1.913432479 -0.636615455 -0.539483070 -0.421560317 0.354916543
1403638227845096960.000000 -0.922815382 -1.533335209 1.920430183 -0.636745751 -0.539769471 -0.421232611 0.354636252
1403638228345096960.000000 -0.922658443 -1.531930447 1.920138836 -0.637031853 -0.539720178 -0.420848757 0.354653180
1403638228845096960.000000 -0.922818720 -1.531307101 1.919931769 0.637175560 0.539776742 0.420570523 -0.354639083
