1403637149738319104.000000 -9.536768913 -11.936793327 6.208838463 -0.592137933 -0.545516729 -0.405106395 0.433212340
1403637151088318976.000000 -9.333876610 -11.699033737 6.459825516 -0.594079077 -0.549364209 -0.431756228 0.398566872
1403637153888318976.000000 -8.848081589 -11.131003380 6.824704647 -0.595003664 -0.560461581 -0.418371975 0.396002859
1403637156688318976.000000 -7.894667625 -10.196064949 6.623018265 -0.764548481 -0.282329619 -0.525143325 0.244908303
1403637159388318976.000000 -5.395800591 -11.052729607 6.379781246 -0.807355225 -0.150808781 -0.549987793 0.151485294
1403637161038319104.000000 -3.634093285 -12.355659485 6.112285137 0.829525709 -0.044169184 0.556426287 0.018058443
1403637163938319104.000000 -2.753680944 -15.286223412 6.206514359 0.741853297 -0.346103072 0.551206708 0.161361873
1403637164938319104.000000 -3.988849401 -16.611423492 6.374342918 0.748468399 -0.308370143 0.553795934 0.194969475
1403637167738319104.000000 -5.842444420 -17.955257416 6.136600494 0.750270009 -0.329137385 0.518002808 0.245838672
1403637169938319104.000000 -3.796078920 -15.243499756 5.655933857 0.796955228 -0.088376991 0.584049821 0.126244307
1403637171338319104.000000 -3.241430044 -12.520470619 5.280564308 -0.750141561 -0.224969536 -0.595340252 0.179572850
1403637173688318976.000000 -5.725764275 -10.586379051 5.285531998 -0.838972926 -0.023490878 -0.532097280 0.111557364
1403637173938319104.000000 -5.756682396 -10.658261299 5.195907593 0.856068313 -0.027061919 0.508376598 -0.089264408
1403637174138319104.000000 -5.704962730 -10.782318115 5.175723553 0.839568496 -0.013509834 0.541901171 -0.035854369
1403637174588318976.000000 -5.524470806 -11.133677483 5.273083210 0.802732050 -0.044150181 0.592393875 -0.052359506
1403637177288318976.000000 -7.128918648 -14.874300957 5.428169727 0.826823831 -0.207100973 0.513985753 0.096386477
1403637180138319104.000000 -5.555865765 -16.769531250 4.993270874 0.767494023 -0.251635164 0.543234766 0.229191393
1403637182938319104.000000 -2.485201836 -13.417425156 5.713310242 0.724520981 -0.294021755 0.590230286 0.200621203
1403637183888318976.000000 -2.827360392 -11.926336288 5.599323273 0.719279051 -0.335868269 0.590909004 0.143724903
1403637184188318976.000000 -3.237657785 -11.594494820 5.575540066 0.726274014 -0.346209466 0.578709364 0.133268654
1403637184938319104.000000 -4.539512634 -11.156091690 5.417807579 0.780390143 -0.318853498 0.509218514 0.173263416
1403637185188318976.000000 -4.919339657 -11.120596886 5.416104317 0.784473538 -0.320548296 0.502443671 0.171465278
1403637185488318976.000000 -5.301272869 -11.165555954 5.480906010 0.797123551 -0.315454066 0.482339770 0.180086359
1403637185988318976.000000 -5.743535995 -11.387858391 5.657972813 0.769375265 -0.301673681 0.523689330 0.206891939
1403637186388318976.000000 -6.008659363 -11.584997177 5.784020424 0.761538148 -0.299725354 0.535095751 0.209515646
1403637186838319104.000000 -6.271462917 -11.786254883 5.993392944 0.756610274 -0.321713150 0.538684189 0.184013054
1403637187538319104.000000 -6.770656586 -12.252787590 6.056994915 0.767591596 -0.337649524 0.508020401 0.196752056
1403637188038319104.000000 -7.073270798 -12.759101868 6.007228851 0.770378232 -0.342867792 0.497740656 0.203010827
1403637189838319104.000000 -7.684286118 -14.916256905 5.469203472 0.719039142 -0.390573502 0.512420177 0.260500938
1403637191738319104.000000 -8.586483955 -16.579528809 5.617373466 0.737514019 -0.348628551 0.520231068 0.252766639
1403637192338319104.000000 -8.776128769 -16.803787231 5.803268909 0.758478880 -0.342710197 0.481637448 0.274381220
1403637192838319104.000000 -8.676803589 -16.935955048 5.955993176 0.754729450 -0.365158200 0.486819565 0.245050177
1403637193738319104.000000 -8.214352608 -17.364837646 6.203145504 0.749544024 -0.355664402 0.497121692 0.254080147
1403637193988318976.000000 -8.040268898 -17.521472931 6.282587051 0.747096598 -0.352522969 0.501083255 0.257856429
1403637194238319104.000000 -7.845636845 -17.665317535 6.295253277 0.741986096 -0.353181213 0.507983804 0.258209676
1403637194488318976.000000 -7.636297226 -17.792448044 6.303783894 0.744717062 -0.356256902 0.503374040 0.255131572
1403637197238319104.000000 -4.622387886 -17.392339706 6.338750839 0.733332932 -0.299356878 0.555297732 0.253481328
1403637199988318976.000000 -3.862364769 -11.001996994 6.678842545 -0.727768540 -0.216474161 -0.609922588 0.226906061
1403637200238319104.000000 -4.152513504 -10.490428925 6.531626225 -0.688787401 -0.285492599 -0.597027719 0.296013445
1403637202738319104.000000 -6.306746960 -9.858240128 6.282229424 -0.768439054 -0.294221729 -0.519594133 0.230123594
1403637205238319104.000000 -6.081057072 -10.807947159 6.241778851 -0.768268883 -0.294757485 -0.532240927 0.198998660
1403637207738319104.000000 -6.597935677 -10.938794136 6.260364056 -0.767044783 -0.299191862 -0.519484997 0.228608474
1403637209238319104.000000 -6.856942177 -11.187523842 6.356294155 -0.749034524 -0.322146356 -0.540660262 0.207015648
1403637211988318976.000000 -5.466159344 -8.460496902 5.766349316 -0.763753414 -0.336752594 -0.487954706 0.255301237
1403637212238319104.000000 -5.152074814 -8.116517067 5.755542278 -0.742945910 -0.334972650 -0.520397902 0.254972100
1403637212488318976.000000 -4.847741604 -7.799483776 5.779082298 -0.739702940 -0.333071828 -0.527292788 0.252715379
1403637212738319104.000000 -4.562420368 -7.510015488 5.826150417 -0.751780689 -0.337595493 -0.512556493 0.241124108
1403637212988318976.000000 -4.278035164 -7.221412659 5.889043808 -0.751539350 -0.344902873 -0.512198150 0.232128680
1403637213238319104.000000 -3.998219013 -6.925203800 5.946036816 -0.752284884 -0.344811916 -0.507858455 0.239273936
1403637213488318976.000000 -3.720351219 -6.626890659 5.969710827 -0.748061359 -0.344127089 -0.513169408 0.242152795
1403637213738319104.000000 -3.453157902 -6.333452225 5.963025570 -0.739282608 -0.357325584 -0.524879277 0.224235192
1403637213988318976.000000 -3.217403412 -6.031569958 5.923489094 -0.737129092 -0.364062190 -0.525857627 0.218113065
1403637214238319104.000000 -3.021068573 -5.702986717 5.908681393 -0.723950982 -0.368244201 -0.526869178 0.250400066
1403637214488318976.000000 -2.866282463 -5.378852367 5.937502861 -0.688587308 -0.411402553 -0.530365705 0.274422765
1403637214788318976.000000 -2.772920132 -5.020034313 6.016655922 -0.640031695 -0.468530118 -0.538579285 0.284202904
1403637215588318976.000000 -3.210807085 -4.256317139 6.151258469 -0.605370104 -0.475342989 -0.525604367 0.362375557
1403637216338319104.000000 -4.195356369 -4.118961811 6.350331306 -0.556269944 -0.574023366 -0.414678931 0.434858948
1403637216688318976.000000 -4.637255192 -4.197945595 6.395618916 -0.546040237 -0.560684204 -0.421298862 0.458236367
1403637216988318976.000000 -4.969799995 -4.371494770 6.424002171 -0.541047871 -0.549126327 -0.438196450 0.462289363
1403637217788318976.000000 -5.554045677 -5.317636490 6.422788143 -0.531752527 -0.565204978 -0.424538761 0.466421932
1403637218088318976.000000 -5.674448013 -5.825190544 6.419607639 -0.490030199 -0.614073873 -0.396600902 0.474859506
1403637218338319104.000000 -5.769201756 -6.304055691 6.418111324 -0.478467077 -0.629897892 -0.382534385 0.477457136
1403637218588318976.000000 -5.858778000 -6.819414139 6.393037796 -0.476316869 -0.631110549 -0.381408125 0.478904486
1403637218838319104.000000 -5.949028015 -7.363347054 6.385132313 -0.483847499 -0.635977626 -0.378427833 0.467136443
1403637220788318976.000000 -7.265178680 -11.400492668 6.500517368 -0.523890734 -0.635822117 -0.342639118 0.451516628
1403637223438319104.000000 -8.054471970 -13.115776062 6.280870914 -0.637170196 -0.524490416 -0.431648433 0.364147812
1403637223938319104.000000 -8.039155960 -13.083701134 6.433928490 -0.625760853 -0.524937630 -0.442206025 0.370564044
1403637224438319104.000000 -8.038475990 -13.042728424 6.421233177 -0.623160481 -0.524568319 -0.447117001 0.369574755
1403637227238319104.000000 -8.600379944 -13.163607597 6.362298012 -0.640281737 -0.515729189 -0.419051856 0.385302782
1403637228738319104.000000 -8.734820366 -13.024555206 6.335762501 -0.617047787 -0.523404598 -0.453230381 0.374007910
1403637229238319104.000000 -8.815956116 -13.075823784 6.348074913 -0.617476940 -0.524100721 -0.454830348 0.370364904
1403637229488318976.000000 -8.869329453 -13.115303040 6.312067986 -0.645048797 -0.506900072 -0.444458425 0.359751523
1403637230488318976.000000 -8.875109673 -13.196572304 6.152232170 -0.749163449 -0.332399875 -0.524698496 0.230121762
1403637230788318976.000000 -8.867694855 -13.182735443 6.208674431 -0.755128741 -0.292286515 -0.543107271 0.222224310
1403637231038319104.000000 -8.864859581 -13.190380096 6.253249645 -0.796424329 -0.234648943 -0.526382744 0.183219701
1403637231288318976.000000 -8.834305763 -13.209677696 6.236496925 -0.820253372 -0.149357900 -0.535862744 0.133145362
1403637231788318976.000000 -8.695610046 -13.310125351 5.953625202 0.832185924 -0.052450843 0.551855743 -0.013068744
1403637232288318976.000000 -8.453441620 -13.559455872 5.770808220 0.793923259 -0.191281185 0.572255194 0.074976802
1403637232788318976.000000 -8.286109924 -13.965704918 5.761948109 0.768735647 -0.320990682 0.537158668 0.132177919
1403637233238319104.000000 -8.199638367 -14.536212921 5.856769085 0.785280049 -0.352440268 0.480386764 0.168373391
1403637235988318976.000000 -4.410365582 -15.356005669 5.031141281 0.803503036 -0.040147033 0.583885670 0.108851627
1403637238938319104.000000 -5.501080036 -10.988079071 6.623305798 0.851408958 -0.181540519 0.485300601 -0.081419319
1403637239338319104.000000 -5.909122944 -11.590614319 6.771069050 0.852407873 -0.169648319 0.494557649 0.005752017
1403637239688318976.000000 -6.058859825 -12.362552643 6.797173500 0.822227478 -0.232800871 0.514789999 0.068825424
1403637240038319104.000000 -6.140558243 -13.238992691 6.648499966 0.762902439 -0.289343417 0.550948322 0.175260335
1403637240538319104.000000 -6.283825397 -14.448855400 6.336083889 0.749121487 -0.380250722 0.484036177 0.244817302
1403637240938319104.000000 -6.311356068 -15.400360107 6.202820301 0.734936833 -0.365079820 0.500988066 0.274946511
1403637241288318976.000000 -6.262545586 -16.172574997 6.104267597 0.739768565 -0.352623612 0.503427505 0.273788124
1403637241638319104.000000 -6.151148796 -16.847997665 5.978990555 0.742655516 -0.323848397 0.505180299 0.297284395
1403637241938319104.000000 -5.983037949 -17.290283203 5.927305698 0.721169472 -0.319725782 0.539628148 0.294094563
1403637242238319104.000000 -5.805614948 -17.581363678 5.926154613 0.718325377 -0.320337564 0.541187108 0.297504783
1403637242738319104.000000 -5.497447491 -17.722518921 5.932283401 0.724596679 -0.290674239 0.545341849 0.305074424
1403637243038319104.000000 -5.296823025 -17.571853638 5.974495888 0.727824450 -0.269132674 0.570462525 0.269094110
1403637243338319104.000000 -5.123479366 -17.293195724 5.994590759 0.746270537 -0.267893046 0.554224849 0.253275543
1403637243638319104.000000 -4.966499329 -16.916780472 5.983980179 0.751826286 -0.282613724 0.547932327 0.233787939
1403637243938319104.000000 -4.816529274 -16.499975204 6.036298752 0.757913411 -0.315505505 0.536334813 0.195878804
1403637244238319104.000000 -4.691399574 -16.118289948 6.173882484 0.755200863 -0.320887774 0.535459101 0.199965492
1403637244538319104.000000 -4.587715626 -15.786541939 6.361388206 0.766070545 -0.312597007 0.525750875 0.197497442
1403637244788318976.000000 -4.495375633 -15.543537140 6.510122299 0.785689533 -0.273680896 0.519222856 0.195444107
1403637245088318976.000000 -4.348790646 -15.275131226 6.635682106 0.797306120 -0.266757905 0.515721858 0.164846003
1403637245388318976.000000 -4.156727791 -15.066511154 6.714669228 0.800435007 -0.260831654 0.513268650 0.166810781
1403637245688318976.000000 -3.908244848 -14.906829834 6.754240036 0.807363331 -0.231351256 0.518045306 0.162080839
1403637245988318976.000000 -3.608543158 -14.758440971 6.749844551 0.804039419 -0.161686823 0.558704913 0.123396464
1403637246288318976.000000 -3.306164980 -14.590180397 6.698245049 0.810966790 -0.051240545 0.580701411 0.049932320
1403637246588318976.000000 -3.033051968 -14.394206047 6.610317707 -0.799177408 -0.082418837 -0.595141470 0.018142886
1403637246888318976.000000 -2.836623669 -14.156421661 6.510136127 -0.771707177 -0.185090005 -0.602001488 0.088340908
1403637247388318976.000000 -2.719277382 -13.690175056 6.399519444 -0.773210764 -0.238045543 -0.568960249 0.147525355
1403637247838319104.000000 -2.757958174 -13.244504929 6.252599239 -0.744465888 -0.269125789 -0.592019320 0.151178762
1403637248488318976.000000 -3.206456661 -12.601068497 6.135709763 -0.741596341 -0.324094087 -0.546401083 0.215508357
1403637248938319104.000000 -3.643023729 -12.181607246 6.090457916 -0.749624670 -0.320710063 -0.540572762 0.207338035
1403637249388318976.000000 -4.135105610 -11.753179550 6.187692642 -0.752816558 -0.310200155 -0.544231415 0.202127114
1403637249738319104.000000 -4.538713455 -11.407141685 6.163925171 -0.749023616 -0.307058811 -0.549325943 0.207170561
1403637250038319104.000000 -4.908499718 -11.113809586 6.125528812 -0.739876032 -0.321882486 -0.544685245 0.228677094
1403637252988318976.000000 -6.822674751 -10.000557899 6.422769070 -0.696344137 -0.430144668 -0.477022201 0.320203543
1403637253988318976.000000 -6.952798843 -10.195207596 6.423572540 -0.684565067 -0.432456672 -0.497716099 0.310854554
1403637256688318976.000000 -8.010331154 -11.175551414 6.660014629 -0.578521490 -0.573264837 -0.417882860 0.402559757
1403637257338319104.000000 -8.362173080 -11.449323654 6.628633976 -0.565128922 -0.589687943 -0.402308702 0.413575947
1403637257788318976.000000 -8.604926109 -11.621865273 6.652458668 -0.562217951 -0.606534421 -0.385447860 0.409215122
1403637258138319104.000000 -8.808602333 -11.715973854 6.611301422 -0.540012896 -0.630929351 -0.357621282 0.427108109
1403637258638319104.000000 -9.099626541 -11.772111893 6.572852612 -0.497724414 -0.651281774 -0.335012585 0.464617193
1403637258988318976.000000 -9.272955894 -11.796993256 6.509842396 -0.494357735 -0.646166980 -0.337510705 0.473460853
1403637259438319104.000000 -9.439841270 -11.820898056 6.549591541 -0.501508892 -0.638787746 -0.335807800 0.477150112
1403637259938319104.000000 -9.515153885 -11.850683212 6.558608532 -0.505065680 -0.637950122 -0.334593713 0.475368768
1403637260288318976.000000 -9.508435249 -11.871740341 6.511198044 -0.494808525 -0.646431684 -0.347933710 0.465008348
1403637260588318976.000000 -9.499206543 -11.898941040 6.447614193 -0.490764052 -0.659066677 -0.351449758 0.448625565
1403637260888318976.000000 -9.519495010 -11.919322968 6.380068779 -0.491487950 -0.653837800 -0.348766357 0.457490683
1403637261188318976.000000 -9.554037094 -11.938866615 6.312037945 -0.494088739 -0.656794429 -0.343852788 0.454161644
1403637261538319104.000000 -9.607439995 -11.951653481 6.269800186 -0.497087717 -0.652181864 -0.340167612 0.460270286
1403637261838319104.000000 -9.654153824 -11.939453125 6.273223877 -0.497308582 -0.656494856 -0.341304183 0.453001440
1403637262088318976.000000 -9.695631027 -11.913697243 6.272012234 -0.493552774 -0.644499719 -0.349810243 0.467609435
1403637262338319104.000000 -9.721481323 -11.902202606 6.234471798 -0.502852261 -0.614276767 -0.337230802 0.506042659
1403637262588318976.000000 -9.706619263 -11.917099953 6.230924129 -0.514796615 -0.597891986 -0.367225736 0.492600232
1403637262838319104.000000 -9.705143929 -11.914648056 6.223997116 -0.520995498 -0.603248835 -0.361886591 0.483417749
1403637263338319104.000000 -9.706009865 -11.913073540 6.223053455 -0.521530986 -0.603767037 -0.360788256 0.483014107
1403637263838319104.000000 -9.706201553 -11.913199425 6.223440647 -0.521567404 -0.603837311 -0.360902011 0.482802004
1403637264338319104.000000 -9.706065178 -11.913736343 6.223459244 -0.521873772 -0.603634596 -0.360416830 0.483086675
1403637264838319104.000000 -9.706179619 -11.913249969 6.223348141 -0.522002637 -0.603616416 -0.360264897 0.483083516
1403637265338319104.000000 -9.705995560 -11.913452148 6.223505020 -0.522194266 -0.603606761 -0.359938949 0.483131468
