1403638147795097088.000000 0.943340421 -3.925561905 2.985646248 -0.572157323 -0.613077581 -0.368134975 0.401557654
1403638148095097088.000000 0.942345560 -3.898026466 3.019123077 -0.563950837 -0.595628679 -0.388282925 0.420026451
1403638150095097088.000000 0.775198817 -3.550621986 3.414561510 -0.527388632 -0.626949251 -0.377892375 0.431269348
1403638152545096960.000000 -0.601457894 -2.948811769 3.522246599 -0.380463213 -0.733345747 -0.279670745 0.489117712
1403638152895097088.000000 -0.922257364 -2.883056164 3.526441097 -0.373661429 -0.734560430 -0.260698259 0.502826691
1403638153345096960.000000 -1.361705780 -2.791255951 3.614514828 -0.335772693 -0.759335399 -0.227869049 0.508667111
1403638153545096960.000000 -1.564559579 -2.744532347 3.641260624 -0.306724250 -0.773776114 -0.220793277 0.508371055
1403638155145096960.000000 -3.370966673 -2.674098730 3.746276617 -0.195424527 -0.792021215 -0.164466947 0.554492950
1403638155345096960.000000 -3.578882456 -2.740391731 3.782984972 -0.179350644 -0.789873004 -0.155820191 0.565379500
1403638155745096960.000000 -3.967947721 -2.940730095 3.783179998 -0.135322914 -0.789189219 -0.112320945 0.588431895
1403638156295097088.000000 -4.383615494 -3.309111357 3.766191006 -0.037228610 -0.824608266 -0.017093295 0.564219117
1403638156495097088.000000 -4.524995327 -3.435256958 3.781538486 -0.017570779 -0.830819964 0.002337132 0.556258976
1403638156695097088.000000 -4.675575733 -3.548428059 3.772540569 -0.010824446 -0.831749141 0.008159938 0.554986238
1403638157095097088.000000 -5.019944668 -3.742153406 3.726727247 -0.015309785 -0.834433436 0.003829191 0.550882876
1403638158095097088.000000 -6.109740734 -4.162551403 3.809849739 0.078487307 -0.818256855 0.055736300 0.566735327
1403638158345096960.000000 -6.385380745 -4.274406433 3.828124762 0.092925444 -0.817161918 0.072244823 0.564262450
1403638158645096960.000000 -6.706812382 -4.396137238 3.815404177 0.102715358 -0.813277423 0.063151516 0.569246292
1403638159095097088.000000 -7.167613983 -4.589601517 3.821109772 0.087441184 -0.830135524 0.072465710 0.545873404
1403638159295097088.000000 -7.385275364 -4.670415878 3.845513582 0.085306011 -0.837666869 0.070395403 0.534866095
1403638160095097088.000000 -8.230479240 -4.797262669 4.063546181 0.081815690 -0.793896556 0.077744350 0.597486734
1403638160345096960.000000 -8.406178474 -4.757682800 4.228736877 0.090181753 -0.817699015 0.070635349 0.564133167
1403638160595097088.000000 -8.580269814 -4.716593266 4.409008980 0.091429032 -0.824472606 0.069320403 0.554148197
1403638160995097088.000000 -8.883978844 -4.648945808 4.644536018 0.059423819 -0.806135356 0.073886096 0.584085226
1403638161395097088.000000 -9.139656067 -4.515526295 4.826456547 -0.013188433 -0.815128863 0.014127429 0.578957200
1403638161595097088.000000 -9.251976013 -4.436726093 4.900220394 -0.038026437 -0.824867606 -0.007373875 0.563997388
1403638161995097088.000000 -9.484530449 -4.255278111 4.989005089 -0.070651658 -0.817446113 -0.022432076 0.571215451
1403638162345096960.000000 -9.684904099 -4.060436249 5.077454567 -0.090445861 -0.820242047 -0.023258770 0.564341784
1403638163945096960.000000 -10.409910202 -2.647154331 5.466768742 -0.165270463 -0.798168719 -0.095571384 0.571383119
1403638166195097088.000000 -9.931594849 -0.158722430 5.682639122 -0.196999207 -0.794915676 -0.135211363 0.557690203
1403638166995097088.000000 -9.461181641 0.551334262 5.940266609 -0.208264038 -0.812776387 -0.098784909 0.535034657
1403638167195097088.000000 -9.375301361 0.745110571 5.975775242 -0.202594832 -0.818674862 -0.106226586 0.526728213
1403638167595097088.000000 -9.299629211 1.187189937 6.099603176 -0.200529367 -0.808099389 -0.113391794 0.542130649
1403638169395097088.000000 -9.194320679 3.767351866 6.263679028 -0.320601761 -0.749562383 -0.187466294 0.547929883
1403638169595097088.000000 -9.208432198 4.070904732 6.224256992 -0.346773237 -0.727877855 -0.198984608 0.557088315
1403638169795097088.000000 -9.181004524 4.374517441 6.209805489 -0.368759036 -0.719720006 -0.238622054 0.537661076
1403638169995097088.000000 -9.129623413 4.664402008 6.229409218 -0.387315750 -0.704395890 -0.291632265 0.518424273
1403638170845096960.000000 -8.787399292 5.566967964 6.265681744 -0.543860555 -0.585182548 -0.364529133 0.478430420
1403638171045096960.000000 -8.641158104 5.713478565 6.282596111 -0.567936599 -0.561929047 -0.386875659 0.460446626
1403638171495097088.000000 -8.228092194 5.935770035 6.272180080 -0.593958676 -0.526927292 -0.408353478 0.450342208
1403638171895097088.000000 -7.745930672 5.982244015 6.241516590 -0.614184558 -0.492287487 -0.419854015 0.451832980
1403638172295097088.000000 -7.134731770 5.838825703 6.251693726 -0.616875827 -0.486306369 -0.438193649 0.436986029
1403638172695097088.000000 -6.450100422 5.531145096 6.136531830 -0.612972379 -0.483442098 -0.437154919 0.446591765
1403638174145096960.000000 -3.378324747 3.375393867 5.000372410 -0.608873606 -0.526183426 -0.432207018 0.406941056
1403638174745096960.000000 -2.154567480 2.353990078 4.483078480 -0.621663809 -0.548479438 -0.410487801 0.379742444
1403638175045096960.000000 -1.581347227 1.918539405 4.296071529 -0.622515500 -0.552923203 -0.409797549 0.372580826
1403638177045096960.000000 0.994554102 1.353759646 3.982679367 -0.607924700 -0.557140589 -0.433608800 0.363325298
1403638177545096960.000000 1.197604418 1.521381140 3.936614752 -0.611547828 -0.554178536 -0.431560963 0.364212185
1403638177895097088.000000 1.273990870 1.665697336 3.841897964 -0.624944270 -0.524713814 -0.421641171 0.395397037
1403638178195097088.000000 1.367480755 1.770329356 3.794577599 -0.625652373 -0.507864118 -0.443382233 0.392486215
1403638179595097088.000000 2.135409117 1.750946879 3.602037430 -0.753111184 -0.335135996 -0.508757651 0.248340592
1403638179995097088.000000 2.442108631 1.741517663 3.521565199 -0.781937122 -0.262813091 -0.528427958 0.200668097
1403638180295097088.000000 2.685830832 1.731097698 3.501134634 -0.795204818 -0.240746379 -0.525388002 0.183461353
1403638181045096960.000000 3.413627386 1.757357359 3.416894674 -0.796999037 -0.254954964 -0.516972661 0.180360392
1403638182145096960.000000 4.712183952 1.698955894 3.286913157 -0.818484426 -0.120099097 -0.552293539 0.103109054
1403638182395097088.000000 4.999684334 1.623456955 3.310482740 -0.828951120 -0.102792777 -0.539873362 0.103973813
1403638182645096960.000000 5.313557148 1.539369702 3.354665995 -0.831300437 -0.118804030 -0.536370158 0.084452510
1403638183045096960.000000 5.868544579 1.430537581 3.453157187 -0.820082605 -0.124589622 -0.550535798 0.094086990
1403638183495097088.000000 6.515726566 1.341412306 3.471286535 -0.826376557 -0.137929291 -0.539649069 0.082802400
1403638183745096960.000000 6.889579773 1.326298952 3.462173700 -0.819878697 -0.138481364 -0.549358487 0.082626142
1403638184045096960.000000 7.332195282 1.342293501 3.501195431 -0.810073435 -0.137693658 -0.563921988 0.082544610
1403638184495097088.000000 7.965416431 1.424124718 3.570405245 -0.816385746 -0.135923371 -0.555589497 0.079747371
1403638184695097088.000000 8.242529869 1.483368635 3.584373236 -0.813962042 -0.134489968 -0.559389114 0.080387205
1403638185145096960.000000 8.840977669 1.657587767 3.629177809 -0.813611448 -0.133836836 -0.560189724 0.079445943
1403638185395097088.000000 9.156397820 1.776393890 3.662481070 -0.810252547 -0.141978279 -0.564091325 0.071652569
1403638185645096960.000000 9.450835228 1.927522421 3.700421810 -0.797878087 -0.169238061 -0.572721958 0.082089201
1403638185895097088.000000 9.713571548 2.106975317 3.737490892 -0.801320374 -0.168870345 -0.559939504 0.125842452
1403638186145096960.000000 9.963209152 2.278139353 3.752729654 -0.806274116 -0.173833042 -0.549479544 0.133328244
1403638186395097088.000000 10.214041710 2.436978340 3.771168232 -0.805728436 -0.181929484 -0.550057769 0.123043858
1403638186645096960.000000 10.457218170 2.596187353 3.813182354 -0.804776967 -0.184387818 -0.552159488 0.115996033
1403638189395097088.000000 11.143218994 4.314669132 4.230652809 -0.715588510 -0.371972620 -0.523904383 0.274032295
1403638190045096960.000000 10.702089310 4.303342342 4.359298229 -0.728892148 -0.411833882 -0.472671717 0.275119096
1403638190545096960.000000 10.441745758 4.390972137 4.348523617 -0.682548106 -0.429850250 -0.522112131 0.277048558
1403638190995097088.000000 10.087388992 4.459009647 4.310171604 -0.686965883 -0.431255996 -0.499375641 0.304499924
1403638191795097088.000000 9.374612808 4.497072697 4.413529396 -0.697591245 -0.442700803 -0.486338019 0.284355074
1403638191995097088.000000 9.196338654 4.529556274 4.402365685 -0.697543502 -0.442926824 -0.487050533 0.282897085
1403638192795097088.000000 8.440505981 4.772191525 4.625865936 -0.677151501 -0.419911414 -0.514476717 0.316944867
1403638192995097088.000000 8.232021332 4.802101135 4.681896687 -0.668092489 -0.400308162 -0.523836970 0.344964892
1403638193195097088.000000 8.019772530 4.781781673 4.736893177 -0.667442560 -0.410868704 -0.511603296 0.352093101
1403638193795097088.000000 7.383785248 4.468521595 4.997383118 -0.670905828 -0.451388836 -0.485586196 0.332174033
1403638194195097088.000000 6.960201740 4.178130150 5.075031757 -0.670930922 -0.450147927 -0.487478524 0.331033617
1403638194595097088.000000 6.547184467 3.858631134 5.108503342 -0.681044281 -0.452181995 -0.475650638 0.324756294
1403638196845096960.000000 5.072591305 3.254402161 5.093957424 -0.701552451 -0.461241335 -0.448027968 0.307166934
1403638197195097088.000000 4.980125904 3.369820356 5.080315590 -0.689144075 -0.455509990 -0.467063546 0.315345526
1403638197895097088.000000 4.779170513 3.631312609 5.257706165 -0.672530234 -0.454073876 -0.489148021 0.319772184
1403638198295097088.000000 4.607130527 3.747452497 5.230369568 -0.671271503 -0.447950244 -0.490107596 0.329438627
1403638198595097088.000000 4.459903240 3.792673588 5.110404968 -0.666246057 -0.464642674 -0.496359766 0.306350172
1403638199795097088.000000 2.969018698 3.912391186 5.138034344 -0.650161386 -0.484020472 -0.498546898 0.307352096
1403638199995097088.000000 2.577366352 3.924329281 5.202884197 -0.653576374 -0.486083567 -0.480757475 0.324704409
1403638200195097088.000000 2.177819490 3.934894323 5.252178192 -0.635550439 -0.504496336 -0.480182260 0.333142936
1403638200395097088.000000 1.763120770 3.940943241 5.316545963 -0.607532978 -0.522740901 -0.480339259 0.356258005
1403638200595097088.000000 1.328412414 3.934810400 5.405364513 -0.586582899 -0.548704982 -0.476476341 0.357510388
1403638200995097088.000000 0.369174600 3.891079187 5.607683182 -0.571493328 -0.576239467 -0.450185448 0.372392863
1403638201195097088.000000 -0.144220203 3.858656406 5.669311047 -0.577835023 -0.569495201 -0.438924283 0.386170059
1403638201395097088.000000 -0.660261750 3.821133852 5.701903820 -0.580232024 -0.567373633 -0.439137697 0.385455668
1403638201595097088.000000 -1.176259756 3.779273272 5.705604076 -0.580106020 -0.563927591 -0.444164068 0.384942979
1403638201795097088.000000 -1.692574382 3.730309010 5.677604675 -0.581056833 -0.560942829 -0.446529597 0.385132998
1403638201995097088.000000 -2.211344004 3.669644594 5.628184319 -0.579509914 -0.563515186 -0.442165583 0.388726711
1403638202195097088.000000 -2.731536865 3.589033842 5.591229439 -0.581011474 -0.569184244 -0.422479391 0.399957746
1403638202595097088.000000 -3.729120493 3.420425653 5.553853512 -0.584641814 -0.576353490 -0.402673721 0.404801965
1403638202995097088.000000 -4.644612789 3.288524151 5.445166111 -0.584257901 -0.574532330 -0.405147642 0.405476034
1403638203595097088.000000 -5.871970654 3.094140530 5.361307621 -0.580696106 -0.567305923 -0.410584241 0.415182739
1403638203795097088.000000 -6.242161274 3.018658638 5.342528820 -0.580469251 -0.568653524 -0.410662740 0.413575709
1403638204195097088.000000 -6.919528961 2.846485376 5.383863926 -0.584494829 -0.571637988 -0.399913311 0.414324999
1403638204395097088.000000 -7.224121571 2.759845018 5.437872887 -0.600638688 -0.568032026 -0.376644939 0.417984813
1403638204695097088.000000 -7.610825539 2.656483412 5.502280712 -0.598484337 -0.569434166 -0.372691393 0.422684878
1403638204945096960.000000 -7.879858971 2.591621161 5.511678696 -0.553983867 -0.607480109 -0.379157960 0.424628139
1403638205145096960.000000 -8.089591980 2.545316696 5.494936943 -0.501197517 -0.650175631 -0.357055992 0.445627421
1403638205345096960.000000 -8.305330276 2.497536898 5.494352341 -0.433567494 -0.693011761 -0.315348625 0.481984615
1403638205545096960.000000 -8.520203590 2.445670128 5.526180744 -0.362150669 -0.726071954 -0.289728999 0.507664740
1403638205745096960.000000 -8.732380867 2.371274948 5.585776329 -0.312166214 -0.739549100 -0.291541725 0.520214319
1403638205945096960.000000 -8.957826614 2.254853725 5.662783146 -0.281125546 -0.753309429 -0.269113898 0.530161500
1403638206145096960.000000 -9.196455956 2.094814062 5.760819912 -0.248863146 -0.766405463 -0.234228954 0.543899357
1403638206645096960.000000 -9.768233299 1.569948554 5.955702305 -0.208165154 -0.770899773 -0.170804843 0.577240467
1403638207145096960.000000 -10.201528549 0.961602092 5.980375290 -0.185628951 -0.771081805 -0.148300916 0.590746582
1403638207395097088.000000 -10.350369453 0.635397911 5.927251339 -0.167241544 -0.770369589 -0.134955093 0.600290120
1403638207645096960.000000 -10.439444542 0.289123088 5.878609657 -0.131742030 -0.782902479 -0.102197260 0.599385917
1403638207895097088.000000 -10.469679832 -0.056157488 5.873725414 -0.119754516 -0.801215708 -0.075572878 0.581378639
1403638208145096960.000000 -10.473667145 -0.376806796 5.899629116 -0.118367873 -0.802146852 -0.071099296 0.580942750
1403638208395097088.000000 -10.456254005 -0.675287306 5.889631748 -0.119865075 -0.800517619 -0.075277545 0.582354844
1403638208645096960.000000 -10.418363571 -0.959109366 5.866617680 -0.105468132 -0.807024419 -0.064772725 0.577401638
1403638208895097088.000000 -10.367275238 -1.223757029 5.879481316 -0.086029135 -0.807761252 -0.049176760 0.581121802
1403638209245096960.000000 -10.270174026 -1.559529901 5.854572773 -0.075063020 -0.808127224 -0.041503806 0.582729340
1403638209495097088.000000 -10.184287071 -1.776156068 5.789076805 -0.076515414 -0.807149649 -0.037027802 0.584195018
1403638209745096960.000000 -10.089465141 -1.971281290 5.647185326 -0.078565642 -0.806069911 -0.037630718 0.585373878
1403638209995097088.000000 -9.981681824 -2.148382902 5.411155224 -0.073627174 -0.800780594 -0.046743408 0.592574537
1403638210295097088.000000 -9.815069199 -2.349722385 5.130812168 -0.073778354 -0.791173995 -0.047109216 0.605294287
1403638210645096960.000000 -9.534997940 -2.574864149 4.817018509 -0.075470068 -0.789860427 -0.046948079 0.606812000
1403638210945096960.000000 -9.225140572 -2.756597281 4.546973228 -0.078954279 -0.794283390 -0.043286879 0.600838125
1403638211195097088.000000 -8.925457954 -2.894384861 4.373202324 -0.081821918 -0.801753223 -0.037516598 0.590838015
1403638211445096960.000000 -8.616531372 -3.008887291 4.238291264 -0.092363141 -0.802999198 -0.044377893 0.587104797
1403638211695097088.000000 -8.289573669 -3.100811720 4.080437660 -0.133864596 -0.796165287 -0.065422855 0.586447716
1403638211945096960.000000 -7.947095394 -3.164926767 3.908670425 -0.197753429 -0.785278141 -0.095097065 0.578954518
1403638212195097088.000000 -7.589211941 -3.192368984 3.779904842 -0.249632150 -0.771193266 -0.138038635 0.569113553
1403638212445096960.000000 -7.212450027 -3.196118832 3.703655243 -0.298203915 -0.754813254 -0.180284545 0.555723667
1403638212695097088.000000 -6.816619873 -3.187864780 3.676564455 -0.349942088 -0.733236194 -0.214239731 0.542223811
1403638212945096960.000000 -6.401915073 -3.173520565 3.690675974 -0.402927339 -0.707548320 -0.251879007 0.523050606
1403638213245096960.000000 -5.885634899 -3.143191099 3.735224962 -0.478604198 -0.669390202 -0.285783678 0.491103470
1403638213495097088.000000 -5.438600540 -3.094844103 3.738824844 -0.549171388 -0.630571961 -0.294014156 0.462974638
1403638213695097088.000000 -5.057159424 -3.023885727 3.729046345 -0.562498093 -0.604602873 -0.338006765 0.451445192
1403638213995097088.000000 -4.471026421 -2.896193743 3.750739574 -0.557298958 -0.596923530 -0.373800606 0.439742237
1403638214295097088.000000 -3.900768995 -2.768888950 3.808672428 -0.563602269 -0.615436375 -0.356675774 0.419967860
1403638217095097088.000000 0.067949891 -1.777502656 3.421671391 -0.557698965 -0.586841106 -0.404809117 0.425110608
1403638219945096960.000000 0.751420557 -2.422987223 3.414109707 -0.610693276 -0.534061968 -0.412999839 0.413838953
1403638220745096960.000000 0.826437831 -2.865727663 3.422633171 -0.602899373 -0.551902354 -0.429224432 0.384294808
1403638220995097088.000000 0.837219238 -3.000456572 3.410030842 -0.606343687 -0.549867034 -0.427485734 0.383730948
1403638221495097088.000000 0.829954743 -3.251990795 3.377659082 -0.615071356 -0.548262954 -0.418710470 0.381806791
1403638221995097088.000000 0.827890992 -3.464613199 3.354048014 -0.609748125 -0.544390202 -0.425951928 0.387829214
1403638222495097088.000000 0.827812612 -3.649299383 3.366639376 -0.618723214 -0.555467367 -0.413619429 0.370886236
1403638222995097088.000000 0.818919778 -3.759301186 3.299767256 -0.603606045 -0.540041983 -0.434325695 0.394177139
1403638223345096960.000000 0.802753866 -3.851006746 3.274566650 -0.621227026 -0.549546301 -0.409964502 0.379479855
1403638223645096960.000000 0.804650128 -3.913290739 3.251880169 -0.619774222 -0.538793981 -0.412451953 0.394289762
1403638223945096960.000000 0.830318630 -3.966880798 3.215546846 -0.608194411 -0.551114202 -0.429367185 0.376850754
1403638224245096960.000000 0.839493334 -4.010209084 3.165594816 -0.616772652 -0.558541656 -0.416483760 0.366284221
1403638224495097088.000000 0.832263052 -4.020855427 3.134482622 -0.611392796 -0.543694496 -0.424846500 0.387428164
1403638224795097088.000000 0.818342924 -4.032286167 3.096477270 -0.618854821 -0.554333746 -0.414000183 0.371936351
1403638225145096960.000000 0.800494254 -4.022829533 3.096096039 -0.612308681 -0.540324450 -0.420941144 0.394887656
1403638225445096960.000000 0.800018787 -4.012781143 3.106900692 -0.610481679 -0.550255060 -0.422159761 0.382508457
1403638225745096960.000000 0.794457853 -4.003094673 3.070937157 -0.595208287 -0.539257884 -0.443155229 0.398172736
1403638226045096960.000000 0.774083316 -4.017843723 2.975755930 -0.617683768 -0.562142849 -0.408116311 0.368650585
1403638226445096960.000000 0.752589345 -3.997263670 2.989388704 -0.616487980 -0.561946809 -0.409489661 0.369427532
1403638226745096960.000000 0.757169545 -3.991291285 3.009374857 -0.616853118 -0.561789632 -0.408735663 0.369891554
1403638227045096960.000000 0.761464179 -3.985699654 3.027904749 -0.616230488 -0.562504530 -0.409439534 0.369063556
1403638227545096960.000000 0.764731944 -3.974154711 3.055613756 -0.617059112 -0.562550068 -0.408157349 0.369029969
1403638228045096960.000000 0.764857650 -3.955389977 3.080033541 -0.617569745 -0.562696099 -0.407469362 0.368713230
1403638228545096960.000000 0.763795197 -3.924425125 3.100318432 -0.617875159 -0.562842786 -0.406978965 0.368519336
