1413394887055760384.000000 -0.070186988 0.089918114 1.294257522 -0.546115637 -0.597670078 -0.387827426 0.440611184
1413394887905760512.000000 -0.089581206 0.065302677 1.541259646 -0.564450741 -0.615460336 -0.379274189 0.398440838
1413394890855760384.000000 -0.499855131 0.685865402 1.830919981 -0.522672653 -0.557031810 -0.429057121 0.482119262
1413394892555760384.000000 -0.542895794 1.382946134 1.960805178 -0.431694955 -0.646807849 -0.371752739 0.507029593
1413394895105760512.000000 -1.810622454 -0.553016067 1.771018505 -0.068447784 -0.811252177 -0.019582655 0.580345929
1413394898005760512.000000 -2.039068222 -0.353339702 1.673448324 -0.071235865 -0.791752458 -0.055163693 0.604161024
1413394898905760512.000000 -1.677346945 0.676601171 1.932860136 0.066579178 -0.823466420 -0.073982507 0.558566928
1413394901605760512.000000 -1.516732693 -2.074026108 2.109186172 0.468309373 -0.607534230 0.418803632 0.485996008
1413394902605760512.000000 -0.453156292 -2.429796457 2.048925400 0.644119799 -0.418791264 0.547285736 0.331966817
1413394902705760512.000000 -0.350556314 -2.394429207 2.041124344 0.641475976 -0.432653666 0.560008883 0.296158016
1413394903655760384.000000 -0.130176008 -2.132341385 1.839051485 0.629252851 -0.515403390 0.468931019 0.344244123
1413394905705760512.000000 -0.576582789 -2.425657988 1.777469277 0.270657748 -0.833475709 0.159865633 0.454428971
1413394907805760512.000000 -0.684628546 -1.828703046 1.890123487 0.039493989 -0.861595035 0.078364044 0.499953330
1413394910455760384.000000 -0.793929577 -0.609025061 2.168404579 -0.031438943 -0.880585313 -0.009895376 0.472740024
1413394912655760384.000000 -0.588306904 0.131707355 1.895546079 -0.148581520 -0.823781848 -0.083052248 0.540748894
1413394914305760512.000000 -1.297182560 -0.158968911 1.904488802 0.182289988 -0.798885524 0.091357611 0.565867603
1413394915405760512.000000 -1.479502559 -1.289253354 1.820771456 0.452094495 -0.667477131 0.239025652 0.541250050
1413394915605760512.000000 -1.362098813 -1.542542696 1.797432899 0.493117541 -0.626646101 0.296272069 0.525711536
1413394917255760384.000000 -0.120786615 -2.486281157 1.478557110 0.808477283 -0.225306988 0.521839559 0.152593672
1413394917455760384.000000 -0.067810401 -2.614367723 1.396003962 0.830031157 -0.166081816 0.517098546 0.126784518
1413394917655760384.000000 0.035043776 -2.744014978 1.330246687 0.826250970 -0.125923976 0.531590998 0.137344643
1413394918255760384.000000 0.625194013 -2.864323854 1.259237289 0.824003696 -0.082421526 0.553501725 0.088658914
1413394918555760384.000000 1.009206176 -2.811549187 1.222620487 0.826675594 -0.078197211 0.556821465 -0.021039737
1413394918655760384.000000 1.143417120 -2.814520597 1.217531443 0.827207386 -0.048647333 0.559149206 -0.026714051
1413394919155760384.000000 1.792845726 -2.871435165 1.294995666 -0.782522500 -0.083115615 -0.615188181 0.047893032
1413394919255760384.000000 1.893565178 -2.871561766 1.353057742 -0.772002876 -0.102191977 -0.623237371 0.071719132
1413394919355760384.000000 1.977707624 -2.870830297 1.420120239 -0.758875966 -0.131306291 -0.632070303 0.085750788
1413394919455760384.000000 2.043816328 -2.869416952 1.491157532 -0.746294677 -0.168649554 -0.637953579 0.087275036
1413394919855760384.000000 2.149213314 -2.810687065 1.702010512 -0.789341390 -0.260946482 -0.529350519 0.169219539
1413394919955760384.000000 2.164899349 -2.779472351 1.731611490 -0.791057706 -0.284068912 -0.505529940 0.194864139
1413394920155760384.000000 2.214638472 -2.701346159 1.760601640 -0.774871230 -0.348483592 -0.470257878 0.238728583
1413394920255760384.000000 2.250979900 -2.653239012 1.757311225 -0.760537148 -0.385263264 -0.456632167 0.254248679
1413394920455760384.000000 2.341362953 -2.532937050 1.733494639 -0.710227907 -0.452889472 -0.463813186 0.274490178
1413394920555760384.000000 2.388129234 -2.458591938 1.724213958 -0.683609486 -0.480382770 -0.473226488 0.279225856
1413394920755760384.000000 2.458479881 -2.287317038 1.711656570 -0.650186539 -0.516385674 -0.486927122 0.271118522
1413394922755760384.000000 2.836437225 -0.124082804 1.368727326 -0.598568738 -0.572164953 -0.403430223 0.389341623
1413394922955760384.000000 2.849729538 0.048376814 1.479962945 -0.606889486 -0.578432441 -0.386176407 0.384667218
1413394923155760384.000000 2.868775129 0.247283265 1.569035649 -0.609096944 -0.583077490 -0.384615391 0.375623047
1413394923955760384.000000 2.807766676 1.271596670 1.819338083 -0.496405482 -0.657303393 -0.371749252 0.428178042
1413394924155760384.000000 2.734473944 1.545464158 1.811134815 -0.451884806 -0.682631552 -0.340242714 0.462654501
1413394924355760384.000000 2.639866590 1.804491043 1.808362722 -0.420233935 -0.704202950 -0.277812213 0.500321984
1413394924555760384.000000 2.546821594 2.058068037 1.817474365 -0.367397308 -0.728664994 -0.242537588 0.524635196
1413394924755760384.000000 2.459803104 2.303076744 1.834732771 -0.297613919 -0.758217752 -0.221535578 0.536147296
1413394925055760384.000000 2.320305586 2.622310162 1.886296868 -0.186952233 -0.770887971 -0.232475370 0.562792838
1413394925205760512.000000 2.243961573 2.728917360 1.915451646 -0.161106810 -0.787733436 -0.224519327 0.550555706
1413394925605760512.000000 1.967642426 2.815466166 1.948752284 -0.140694425 -0.804074228 -0.188252941 0.546104968
1413394925855760384.000000 1.741800308 2.760052919 1.912840843 -0.173567832 -0.799259841 -0.135472372 0.559200406
1413394926655760384.000000 0.904185474 2.457174301 1.853371620 -0.137969449 -0.818446696 -0.078522623 0.552217126
1413394926855760384.000000 0.655763805 2.374460936 1.850759149 -0.114284240 -0.814352453 0.008972144 0.568936586
1413394927105760512.000000 0.354581922 2.346579552 1.830825925 -0.053217683 -0.814065754 0.052809063 0.575913131
1413394929205760512.000000 -1.717986703 2.321388483 1.951812983 0.017373858 -0.792418242 0.006945195 0.609691024
1413394929505760512.000000 -1.828918099 2.231883287 1.921459317 -0.000071483 -0.794156313 0.030627292 0.606941402
1413394931055760384.000000 -1.990910292 2.074508667 1.577605605 0.009987662 -0.797210038 -0.008898186 0.603553832
1413394931455760384.000000 -2.040682077 2.042536974 1.633829355 0.002877496 -0.771104574 -0.010145426 0.636621296
1413394933705760512.000000 -1.116762996 1.321728706 1.707562804 0.493988603 -0.630742311 0.369540572 0.470721990
1413394934005760512.000000 -0.949708283 1.308205962 1.600450277 0.533738315 -0.602700114 0.391842097 0.445349067
1413394934255760384.000000 -0.805653095 1.315722823 1.534284115 0.569248199 -0.560890615 0.427723855 0.422386765
1413394935005760512.000000 -0.430695921 1.405459762 1.213230252 0.641720593 -0.491962403 0.471724778 0.351629794
1413394935205760512.000000 -0.358252585 1.434269547 1.221556425 0.625112176 -0.497427016 0.481140673 0.360977650
1413394935705760512.000000 -0.241408795 1.582486868 1.125006437 0.611814201 -0.520257533 0.453130960 0.386895150
1413394936005760512.000000 -0.178999037 1.719037175 1.110148907 0.611232996 -0.528933525 0.442788273 0.388023287
1413394936205760512.000000 -0.128288567 1.818072200 1.065112710 0.644797206 -0.525887847 0.428082585 0.352737635
1413394936605760512.000000 0.020126697 1.987397790 0.964860201 0.724807262 -0.364803404 0.505339086 0.293607563
1413394936805760512.000000 0.112225167 2.082171440 0.935478330 0.761292994 -0.301153123 0.522767127 0.237601444
1413394937005760512.000000 0.218855008 2.186350107 0.917625785 0.789803684 -0.244675845 0.527805567 0.194332883
1413394937205760512.000000 0.348483562 2.296693802 0.904469788 0.813947558 -0.184172288 0.529993236 0.150589123
1413394937305760512.000000 0.422391891 2.351468325 0.897788882 0.821705282 -0.167873248 0.530546606 0.123042285
1413394937455760384.000000 0.544645965 2.426723957 0.890160620 0.824173331 -0.153731927 0.536364019 0.097049341
1413394937655760384.000000 0.725208402 2.509492397 0.879882634 0.820140243 -0.145635068 0.546169460 0.088653810
1413394937855760384.000000 0.919551373 2.574462652 0.874010444 0.812299013 -0.156782478 0.554984868 0.087070540
1413394938055760384.000000 1.117821336 2.614036083 0.878167391 0.807415485 -0.197727501 0.549436808 0.084281497
1413394938255760384.000000 1.321954489 2.609724522 0.925721169 0.803182840 -0.236249775 0.540003419 0.086485706
1413394938455760384.000000 1.528801441 2.545662642 1.039834738 0.788078487 -0.252379864 0.545861304 0.131423339
1413394938555760384.000000 1.631214142 2.500062943 1.103492260 0.781242967 -0.260921627 0.544628739 0.157984063
1413394938755760384.000000 1.833074331 2.398736477 1.195259809 0.773281634 -0.302763253 0.520098627 0.199668363
1413394938955760384.000000 2.037319899 2.287843227 1.243112803 0.740174592 -0.382097602 0.510402560 0.213617399
1413394939155760384.000000 2.223001480 2.152121544 1.253583431 0.677723408 -0.467184782 0.517266750 0.234231874
1413394939355760384.000000 2.363299131 1.989124417 1.231968641 0.642643988 -0.511869788 0.493621707 0.285194069
1413394939755760384.000000 2.556548357 1.623907685 1.282646775 0.616280973 -0.534469903 0.465412617 0.343410462
1413394939955760384.000000 2.618115187 1.436427832 1.351662755 0.594194055 -0.570295453 0.454130918 0.339796394
1413394940155760384.000000 2.645003557 1.238042831 1.379918456 0.596781254 -0.587013125 0.405498803 0.367203593
1413394940355760384.000000 2.658218622 1.021173596 1.362842083 0.549872100 -0.616941988 0.396207988 0.400053084
1413394940555760384.000000 2.653172970 0.798785150 1.318640709 0.498980671 -0.648081601 0.370087147 0.440504342
1413394940955760384.000000 2.650219917 0.349454701 1.311099768 0.449263483 -0.683696508 0.310720176 0.483915657
1413394941105760512.000000 2.663007736 0.175782517 1.346064687 0.420644820 -0.714454710 0.324265063 0.455482781
1413394941305760512.000000 2.646852493 -0.054372188 1.403638721 0.395329356 -0.742957056 0.323266655 0.432698756
1413394941855760384.000000 2.375936031 -0.765011013 1.625028610 0.405435324 -0.719538212 0.266571552 0.496816546
1413394942205760512.000000 2.150821447 -1.254572034 1.767990351 0.297882974 -0.766689301 0.358268261 0.441697866
1413394942355760384.000000 1.972620368 -1.412929416 1.847647071 0.261390537 -0.782871246 0.359415472 0.435440034
1413394942655760384.000000 1.439791799 -1.602855206 1.987812757 0.196669742 -0.799269974 0.291282415 0.487486482
1413394942805760512.000000 1.121191144 -1.642379999 2.006374121 0.172632277 -0.789301872 0.224837855 0.544654548
1413394943255760384.000000 0.302689403 -1.672252417 1.813638568 0.091461197 -0.725448191 0.016551394 0.681972027
1413394944855760384.000000 0.164062634 -2.483198404 1.400734425 -0.235142723 -0.837775230 -0.103433244 0.481811345
1413394945205760512.000000 0.009293742 -2.453016996 1.292857766 -0.346120447 -0.779183507 -0.213182107 0.477102727
1413394946055760384.000000 -0.490913063 -2.180046082 1.105898976 -0.631062090 -0.506236792 -0.384314060 0.444733262
1413394946255760384.000000 -0.469606578 -2.147470951 1.088639855 -0.677660644 -0.443826407 -0.446469814 0.380077451
1413394946455760384.000000 -0.412154675 -2.138460159 1.072689533 -0.730134249 -0.358450830 -0.478497893 0.330842435
1413394946655760384.000000 -0.320870459 -2.161784410 1.063985944 -0.764093339 -0.275590956 -0.517403066 0.269267529
1413394946855760384.000000 -0.210035861 -2.216266394 1.060921311 -0.776630878 -0.200790539 -0.568588138 0.182305112
1413394947055760384.000000 -0.111917153 -2.289618492 1.064279795 -0.787206233 -0.114386946 -0.597489953 0.101132713
1413394948655760384.000000 0.675377846 -2.515899181 1.742714524 -0.733447194 -0.064712979 -0.675891876 0.032212634
1413394948855760384.000000 0.738710761 -2.495924711 1.808760047 -0.737717927 -0.061582312 -0.671683013 0.028668333
1413394949255760384.000000 0.670367181 -2.419113874 1.880307078 -0.870293915 -0.054952163 -0.489444733 0.003555097
1413394949455760384.000000 0.700784028 -2.343902111 1.865071535 -0.881900251 -0.049700219 -0.468808889 -0.000414958
1413394950055760384.000000 1.004038095 -1.970390201 1.904196501 -0.762336791 -0.033823352 -0.642947912 0.065700799
1413394950255760384.000000 0.997733474 -1.860233188 1.910519361 -0.797725439 -0.046753675 -0.589120805 0.119937703
1413394950455760384.000000 0.982969642 -1.802306890 1.920568347 -0.849367440 -0.098828852 -0.512255728 0.080011629
1413394950655760384.000000 1.025642753 -1.746459007 1.949624538 -0.859773874 -0.122163117 -0.492965817 0.053384159
1413394951055760384.000000 1.215665221 -1.535269022 2.070603609 -0.707941949 -0.156965241 -0.680093408 0.107949652
1413394951655760384.000000 0.952705622 -1.326825738 2.242563725 -0.860356092 -0.240071595 -0.421606421 0.156208232
1413394951855760384.000000 0.968555391 -1.227508783 2.346828461 -0.854242682 -0.238891467 -0.438894480 0.143428832
1413394952055760384.000000 1.084768772 -1.076274276 2.476111174 -0.779312730 -0.224181741 -0.562662184 0.160703391
1413394952255760384.000000 1.192088842 -0.924870610 2.560840845 -0.740623415 -0.209841549 -0.613520682 0.176170185
1413394953155760384.000000 1.527621508 -0.431663811 2.726816416 -0.684050560 -0.257502526 -0.642736912 0.229470342
1413394953255760384.000000 1.519820929 -0.410118341 2.744583607 -0.674070895 -0.253712147 -0.653448701 0.232945234
1413394953455760384.000000 1.415391684 -0.428208262 2.830288887 -0.673944712 -0.248613596 -0.655674040 0.232554227
1413394953555760384.000000 1.329443693 -0.460545868 2.850650549 -0.725068510 -0.263784766 -0.600830972 0.209034726
1413394953655760384.000000 1.232477903 -0.499357253 2.834453344 -0.774023533 -0.278776497 -0.538616955 0.181831986
1413394953955760384.000000 0.969251573 -0.576002061 2.601051807 -0.825544357 -0.292540848 -0.459645778 0.147044614
1413394954055760384.000000 0.908968508 -0.571163952 2.509898663 -0.800775230 -0.287920356 -0.500029385 0.160722256
1413394954155760384.000000 0.856825531 -0.554858267 2.422622442 -0.767756701 -0.282741040 -0.547224939 0.176499575
1413394954555760384.000000 0.555538714 -0.506645262 2.136543989 -0.733521521 -0.267236829 -0.588423193 0.210449323
1413394954755760384.000000 0.338919342 -0.523603022 2.032387495 -0.823193550 -0.266509026 -0.464990914 0.187373146
1413394954955760384.000000 0.186256438 -0.517196298 1.926271200 -0.828989744 -0.263804466 -0.464203209 0.166429028
1413394955155760384.000000 0.095704205 -0.469761670 1.815258026 -0.760288179 -0.275567383 -0.557564557 0.187473699
1413394955355760384.000000 -0.014522091 -0.414567351 1.716027379 -0.717468143 -0.302069426 -0.580373406 0.239082247
1413394957555760384.000000 -0.159320131 0.352785200 1.910325050 -0.609709740 -0.442165375 -0.510393739 0.415020496
1413394959705760512.000000 -0.005972654 0.310118914 2.132702827 -0.400950015 -0.779517710 -0.218767315 0.428640008
1413394962655760384.000000 -1.404315114 0.119178109 2.046365023 -0.067374408 -0.741848111 -0.060283583 0.664445639
1413394964905760512.000000 -0.608163655 -1.383036137 1.586099029 -0.095129326 -0.865527213 0.014726066 0.491524518
1413394965105760512.000000 -0.627664447 -1.445525408 1.619961143 -0.093498789 -0.840617776 0.002933975 0.533489525
1413394967605760512.000000 0.001110375 -1.786445141 1.772880554 0.453850478 -0.640182972 0.370624393 0.496812850
1413394967855760384.000000 0.103580944 -1.779406071 1.822725415 0.523548722 -0.636983097 0.367224008 0.430460066
1413394968105760512.000000 0.203241602 -1.779217362 1.901243091 0.558457434 -0.572810173 0.421447963 0.427077830
1413394968355760384.000000 0.299551964 -1.758770585 1.913075089 0.610394716 -0.567589521 0.409295797 0.371129930
1413394968605760512.000000 0.394216955 -1.771229386 1.892727494 0.633775413 -0.541755736 0.426448941 0.350672007
1413394968855760384.000000 0.488857508 -1.826380968 1.882378578 0.652655721 -0.517397285 0.418723762 0.361954391
1413394969155760384.000000 0.636652350 -1.929625869 1.883425593 0.638531089 -0.494021535 0.473560035 0.352082133
1413394969455760384.000000 0.771828115 -2.015352488 1.789370298 0.633217633 -0.462743312 0.505877078 0.359155118
1413394969755760384.000000 0.885570467 -2.031602621 1.665827513 0.677114248 -0.453165293 0.440661490 0.376795650
1413394970055760384.000000 1.079133034 -2.013016224 1.596009970 0.679560661 -0.484620839 0.430344194 0.343720615
1413394970355760384.000000 1.340082645 -2.036334991 1.632955194 0.644667208 -0.488782704 0.478556603 0.341290802
1413394970755760384.000000 1.600578666 -2.051771879 1.596531391 0.589366496 -0.498425245 0.549749374 0.319366604
1413394971055760384.000000 1.633756399 -2.000078201 1.571746349 0.658149123 -0.484690487 0.452316642 0.356825739
1413394971355760384.000000 1.678253889 -1.950690985 1.617023706 0.685257018 -0.519176304 0.400125772 0.317455947
1413394971655760384.000000 1.780627966 -2.036246538 1.637479663 0.669390798 -0.542949736 0.415250987 0.291012287
1413394971955760384.000000 1.863148928 -2.266300440 1.690741301 0.587487817 -0.538029492 0.494606733 0.347485930
1413394972155760384.000000 1.857140422 -2.412136793 1.703163266 0.536338270 -0.556996465 0.493785739 0.397834063
1413394972355760384.000000 1.799312949 -2.506429911 1.678424120 0.478185475 -0.602327406 0.460290819 0.443478107
1413394972755760384.000000 1.559911966 -2.523894548 1.582221746 0.372689933 -0.726407230 0.292421281 0.497920185
1413394973205760512.000000 1.246900797 -2.490661383 1.542985678 0.200167879 -0.790221214 0.137248233 0.562713265
1413394973505760512.000000 1.066857219 -2.487463474 1.524606228 0.062309038 -0.816596210 0.064391784 0.570212305
1413394974005760512.000000 0.753390193 -2.454048157 1.533915997 -0.154062241 -0.800224721 -0.086608566 0.573065698
1413394974255760384.000000 0.617356896 -2.427776575 1.547528625 -0.262087882 -0.769064367 -0.146047220 0.564376056
1413394974505760512.000000 0.509892464 -2.378891230 1.569623470 -0.366760701 -0.731691062 -0.195978925 0.540099084
1413394975205760512.000000 0.404270947 -2.116027832 1.570444942 -0.505383611 -0.620372713 -0.375141412 0.467967898
1413394975605760512.000000 0.375343293 -2.034230471 1.426714182 -0.552660882 -0.592962384 -0.407806188 0.420304328
1413394976055760384.000000 0.283445209 -1.971732020 1.354468226 -0.552623868 -0.581595480 -0.421988189 0.422231764
1413394976605760512.000000 0.077181816 -1.983059049 1.324589133 -0.525873065 -0.562747121 -0.447199613 0.454737067
1413394976855760384.000000 -0.034273133 -2.093178272 1.315761685 -0.561034739 -0.562824667 -0.398843199 0.457594424
1413394977105760512.000000 -0.104263060 -2.230205059 1.315241456 -0.634298027 -0.589137197 -0.307062298 0.395343125
1413394977405760512.000000 -0.079460844 -2.216409206 1.382324815 -0.643394649 -0.616015553 -0.311737835 0.330738187
1413394977705760512.000000 -0.014667265 -1.922492027 1.528693318 -0.624715626 -0.625938475 -0.344128668 0.315447181
1413394979755760384.000000 -0.631915569 1.193645477 1.955358863 -0.514974773 -0.482699841 -0.473201543 0.527145386
1413394981255760384.000000 -0.913018942 -0.083091371 2.100168228 -0.607228160 -0.548897505 -0.393609315 0.418398410
1413394981555760384.000000 -0.946771324 -0.327535033 2.031502724 -0.602535725 -0.556288004 -0.411537290 0.397657424
1413394981805760512.000000 -0.959298849 -0.499397069 1.985049129 -0.622811794 -0.551473379 -0.404163241 0.380308628
1413394982605760512.000000 -0.707659423 -0.818756461 1.941965938 -0.738093972 -0.364048272 -0.451469094 0.344763458
1413394982805760512.000000 -0.510470390 -0.905678630 1.970019460 -0.758198261 -0.317344636 -0.478990793 0.308213383
1413394983005760512.000000 -0.265341103 -1.010753989 2.005079508 -0.771217108 -0.280196190 -0.506719053 0.264480889
1413394983205760512.000000 0.006132849 -1.125828028 2.045986414 -0.772381902 -0.267583460 -0.528182805 0.229887500
1413394983405760512.000000 0.285333067 -1.240880847 2.089404583 -0.768167794 -0.270203114 -0.539858401 0.213217005
1413394984405760512.000000 1.357737660 -1.540172696 1.945286274 -0.745596945 -0.342410058 -0.537628472 0.194412723
1413394984605760512.000000 1.477337003 -1.508936048 1.896382928 -0.743780911 -0.362913519 -0.523321152 0.203024015
1413394985005760512.000000 1.646777868 -1.327679753 1.841000795 -0.710113227 -0.425407171 -0.498096019 0.258202434
1413394985405760512.000000 1.737080336 -1.024619222 1.866445422 -0.697011650 -0.450203389 -0.464702576 0.309100628
1413394987705760512.000000 2.078301191 1.654250860 2.407488346 -0.645638585 -0.447566718 -0.540788531 0.300637156
1413394987905760512.000000 1.993535161 1.856002927 2.430508852 -0.636171043 -0.440922439 -0.553653836 0.307150245
1413394988705760512.000000 1.261400223 2.186313391 2.556857586 -0.733306408 -0.298192888 -0.525232732 0.312207311
1413394989205760512.000000 0.841992378 1.990112185 2.495448112 -0.751120746 -0.269242853 -0.566217899 0.206695721
1413394989405760512.000000 0.652395189 1.890732288 2.478755951 -0.759132087 -0.267276615 -0.554363966 0.212042883
1413394989505760512.000000 0.554954529 1.839647174 2.470756054 -0.761524081 -0.266102165 -0.549020946 0.218739122
1413394989605760512.000000 0.457668632 1.786609650 2.455814362 -0.764166415 -0.265494972 -0.542846322 0.225566283
1413394990005760512.000000 0.103614882 1.565346360 2.307516336 -0.752613842 -0.339231193 -0.485673457 0.287430078
1413394990355760384.000000 -0.123858780 1.383353949 2.103686810 -0.664144039 -0.495004326 -0.452433944 0.330434620
1413394990805760512.000000 -0.392246485 1.249974251 1.861014962 -0.616888762 -0.562785625 -0.405207872 0.372192532
1413394990955760384.000000 -0.478009522 1.245316625 1.798005939 -0.617753088 -0.561492860 -0.405308694 0.372601360
1413394991405760512.000000 -0.717664957 1.333061099 1.662553787 -0.646974623 -0.522046328 -0.415758580 0.368830979
1413394991855760384.000000 -0.873249710 1.518390775 1.588008523 -0.683328509 -0.432323396 -0.485737503 0.331990600
1413394992255760384.000000 -0.968201876 1.660629511 1.543487191 -0.721240282 -0.370658875 -0.486080378 0.325807363
1413394992455760384.000000 -0.977863610 1.694393158 1.538211823 -0.735703707 -0.351503193 -0.502795339 0.287023634
1413394992805760512.000000 -0.971407771 1.742719769 1.550423026 -0.740257978 -0.324674547 -0.531829536 0.252511263
1413394993305760512.000000 -0.960256815 1.784494162 1.490152836 -0.753079057 -0.308291376 -0.534356117 0.228674367
1413394993705760512.000000 -0.959250152 1.823201656 1.366523981 -0.749272346 -0.317057580 -0.539412558 0.217024431
1413394994155760384.000000 -0.974521637 1.872772217 1.179391265 -0.788933933 -0.203410983 -0.546090424 0.194916666
1413394994305760512.000000 -0.969111681 1.865882635 1.146508932 -0.796235800 -0.166157946 -0.559825599 0.158099413
1413394994505760512.000000 -0.961579621 1.843860626 1.131505728 -0.802631021 -0.137591362 -0.572514951 0.095283099
1413394994905760512.000000 -0.967294991 1.858862758 1.193361878 -0.797345221 -0.111850023 -0.589690447 0.063208133
1413394995305760512.000000 -1.026957870 1.937404037 1.125975490 -0.814120173 -0.092816599 -0.563701510 0.104087353
1413394995705760512.000000 -1.034720540 1.985619187 0.973181427 -0.820004284 -0.104308315 -0.555266738 0.091606200
1413394996105760512.000000 -0.988978863 2.021461725 0.912730336 -0.796676517 -0.099265106 -0.589229882 0.090890191
1413394996505760512.000000 -0.962290287 2.032317162 0.925254464 -0.798322737 -0.110404119 -0.585666001 0.086527206
1413394997005760512.000000 -0.905765176 2.050142288 0.962068260 -0.796907842 -0.108881354 -0.587549090 0.088706620
1413394997505760512.000000 -0.833478570 2.075314283 1.005911827 -0.797001839 -0.108637221 -0.587441206 0.088875636
1413394998005760512.000000 -0.747384131 2.107810259 1.056200027 -0.797118306 -0.108349748 -0.587335765 0.088878304
