1413393216555760384.000000 -0.047036067 0.151588708 0.197286621 -0.587812185 -0.549793184 -0.427131027 0.412023395
1413393219255760384.000000 -0.580682993 -0.305448830 0.458829373 -0.613611221 -0.553131878 -0.408278495 0.388375044
1413393221755760384.000000 -0.764354944 -0.269307643 0.920641661 -0.602071822 -0.553178251 -0.427945256 0.385183215
1413393223905760512.000000 -0.837323844 0.370289922 0.861271322 -0.590643942 -0.557901859 -0.431215346 0.392350197
1413393224355760384.000000 -0.912308931 0.580787003 0.816485941 -0.593630195 -0.549208641 -0.439058572 0.391408622
1413393225005760512.000000 -1.036472082 0.815936983 0.562973261 -0.650579512 -0.489267707 -0.450534284 0.366581947
1413393225305760512.000000 -1.067879438 0.899399877 0.541738391 -0.658512056 -0.484292477 -0.454908997 0.353384525
1413393228155760384.000000 -0.586336553 1.718738437 0.432415634 -0.790911615 -0.197367609 -0.555464685 0.164206460
1413393230755760384.000000 0.664746702 2.276696682 0.315139562 -0.816781580 -0.081238352 -0.565085888 0.083343826
1413393231755760384.000000 1.409006834 2.509123325 0.321537137 0.796516597 -0.012419623 0.604160845 -0.019920034
1413393232805760512.000000 1.937874913 2.425467014 0.176618725 0.804131508 -0.154274002 0.568827987 0.077503555
1413393233305760512.000000 2.192047358 2.234227419 0.144384861 0.803635657 -0.147748083 0.567040265 0.103950568
1413393233755760384.000000 2.414179325 2.058331490 0.277279794 0.785794318 -0.203060001 0.563194335 0.155261680
1413393233955760384.000000 2.503978014 1.996641755 0.370733857 0.769276917 -0.230785325 0.569247484 0.175808206
1413393234155760384.000000 2.583122492 1.949118376 0.454321533 0.760363877 -0.269885361 0.561693370 0.183055505
1413393237055760384.000000 2.559305906 1.598189235 0.568044662 0.540954590 -0.611551940 0.400588214 0.415814251
1413393239155760384.000000 2.704822302 0.972501338 0.635051668 0.545351803 -0.604580700 0.386017472 0.433663666
1413393242005760512.000000 2.606691122 -0.356628597 0.527524233 0.534045398 -0.604013026 0.382424831 0.451348126
1413393244655760384.000000 2.535767317 -0.544735074 0.483817846 0.637450278 -0.490311265 0.474364877 0.358092219
1413393247605760512.000000 2.633621931 -0.069570877 0.165615305 0.687521517 -0.469772905 0.473928064 0.286391079
1413393250555760384.000000 2.486694813 -0.224606544 0.002807492 0.653285801 -0.464636832 0.496154100 0.333408922
1413393250805760512.000000 2.543603659 -0.207172826 -0.017467318 0.653936088 -0.471669704 0.496342450 0.321775645
1413393253305760512.000000 2.556327105 0.047764387 0.162008181 0.392365634 -0.729424238 0.262860239 0.494867712
1413393254705760512.000000 2.455318213 -0.334384024 0.412794352 0.316061914 -0.757612646 0.216363132 0.528502524
1413393257105760512.000000 2.011804342 -1.034609079 0.556277692 0.311060399 -0.756713212 0.228675053 0.527574062
1413393257955760384.000000 1.701260924 -1.386080980 0.451323450 0.304630309 -0.757715821 0.216189384 0.535097361
1413393260505760512.000000 1.260202765 -2.437592983 0.518986881 0.690279841 -0.375948429 0.527601063 0.322201282
1413393263355760384.000000 1.744452715 -2.626978874 0.436164379 0.771370530 -0.267994314 0.553562641 0.163508654
1413393266205760512.000000 2.107223511 -2.867543459 0.148483574 0.807147384 -0.108756423 0.575002134 0.077830918
1413393267855760384.000000 2.055979490 -2.875750780 0.324039638 -0.797123134 -0.160810605 -0.572473943 0.104920745
1413393269755760384.000000 1.979522228 -2.864048719 0.238617986 -0.786693752 -0.187055826 -0.566702068 0.158025131
1413393270005760512.000000 1.952181816 -2.873265982 0.156264216 -0.793071568 -0.203324854 -0.556345761 0.142042369
1413393270255760384.000000 1.933740377 -2.880726337 0.085099705 -0.795908093 -0.206249759 -0.550861120 0.143330082
1413393272505760512.000000 1.944697022 -2.519741058 0.080517635 -0.809133291 -0.004860855 -0.587558746 0.007369190
1413393275455760384.000000 1.674188972 -1.755663991 0.375984609 0.613488317 -0.523621500 0.461045742 0.369985849
1413393277955760384.000000 1.209705710 -1.810689449 0.408929467 0.529019654 -0.601222277 0.414828837 0.431957096
1413393278805760512.000000 0.897109151 -1.833067656 0.379034460 0.454526961 -0.680155694 0.344464600 0.460584044
1413393279155760384.000000 0.680716813 -1.845222831 0.417770565 0.473505348 -0.662386000 0.326972038 0.479715317
1413393279655760384.000000 0.441155642 -1.904835105 0.391400456 0.490178883 -0.657731831 0.327093184 0.469173312
1413393280155760384.000000 0.288184285 -2.025223255 0.377611667 0.483789921 -0.646854222 0.357008874 0.469117880
1413393280655760384.000000 0.159885615 -2.090197086 0.401665390 0.476216614 -0.653783381 0.388059497 0.441808611
1413393281005760512.000000 -0.004820921 -2.084974051 0.353996217 0.483219117 -0.660538852 0.383673579 0.427764326
1413393281355760384.000000 -0.239285618 -2.083928347 0.360420972 0.504861891 -0.643008471 0.352243483 0.455608666
1413393281705760512.000000 -0.446242779 -2.108973980 0.394097596 0.496677160 -0.643509805 0.348702967 0.466490418
1413393282205760512.000000 -0.662674367 -2.147128105 0.470819741 0.473263681 -0.662653744 0.359474123 0.455730140
1413393282705760512.000000 -0.872924626 -2.175287724 0.547815502 0.486083090 -0.643522620 0.345930547 0.479514182
1413393283205760512.000000 -0.998401284 -2.194208145 0.552079916 0.546657205 -0.610064387 0.378093928 0.431314647
1413393283705760512.000000 -1.031828046 -2.250654459 0.539641559 0.625003934 -0.530099928 0.433688283 0.374538064
1413393284755760384.000000 -0.830409050 -2.380004644 0.400171459 0.757291198 -0.305755585 0.539135695 0.205806285
1413393287705760512.000000 -0.156925648 -2.854633093 0.450836569 -0.803045571 -0.153788179 -0.562212169 0.124034025
1413393290455760384.000000 0.510511696 -2.863397598 0.327149928 -0.765805602 -0.284724981 -0.537858605 0.207802102
1413393293155760384.000000 0.774101138 -2.832008123 0.302046627 -0.719632149 -0.362120599 -0.530651331 0.263453126
1413393295455760384.000000 -0.374950528 -2.813332319 0.427635550 -0.736855686 -0.356227458 -0.507874668 0.268717259
1413393295955760384.000000 -0.585382044 -2.755215406 0.402171463 -0.732372940 -0.366294682 -0.512508452 0.258443773
1413393296905760512.000000 -0.906138062 -2.503453970 0.321760386 -0.754742742 -0.324489266 -0.514004827 0.246716946
1413393297905760512.000000 -0.974053144 -2.170981407 0.208976060 -0.758682430 -0.292354763 -0.528228760 0.244753286
1413393300805760512.000000 -0.745795131 -1.454310894 0.272100747 -0.713740110 -0.391315967 -0.497187316 0.300419092
1413393302655760384.000000 -1.135759711 -1.422142029 0.100721300 -0.626740813 -0.521084785 -0.430079281 0.388199031
1413393303155760384.000000 -1.283706188 -1.399255514 0.178881153 -0.631541848 -0.516818643 -0.432326913 0.383597344
1413393304155760384.000000 -1.495712638 -1.304515839 0.403113246 -0.636149049 -0.512659132 -0.434793442 0.378747702
1413393304905760512.000000 -1.602724195 -1.171201348 0.358194977 -0.620174766 -0.534276783 -0.439038754 0.370373726
1413393305155760384.000000 -1.646300316 -1.100785971 0.361397326 -0.621790111 -0.536090732 -0.434108078 0.370855868
1413393305605760512.000000 -1.740883589 -0.948565960 0.400357991 -0.631699920 -0.523879528 -0.442450076 0.361584753
1413393307605760512.000000 -2.312077284 -0.111363873 0.501740694 -0.767674983 -0.298337460 -0.523573101 0.218038961
1413393307855760384.000000 -2.301999807 -0.023668695 0.523372769 -0.786817312 -0.246291876 -0.538407862 0.174286842
1413393310705760512.000000 -2.004457712 0.821628690 0.388111860 0.812419474 -0.063252762 0.578961194 0.027887737
1413393311555760384.000000 -1.771869183 0.769088864 0.289082378 0.821480393 -0.067634620 0.563701093 0.053259753
1413393314205760512.000000 -1.052906990 0.639679551 0.275993705 0.814724982 -0.060806166 0.575353861 0.038649868
1413393314655760384.000000 -1.040480614 0.564358294 0.282141775 -0.821811974 -0.016887713 -0.569498062 -0.003468714
1413393317455760384.000000 -0.472333491 1.321559668 0.525514245 -0.792375624 -0.118432790 -0.593027413 0.080206707
1413393317905760512.000000 -0.501042902 1.525830984 0.437104732 -0.795653880 -0.110054553 -0.590751469 0.076391630
1413393318205760512.000000 -0.556824028 1.662071228 0.367906362 -0.806557357 -0.095530786 -0.578824699 0.072809346
1413393318505760512.000000 -0.614759326 1.795453787 0.287964225 -0.807945192 -0.077048630 -0.578144133 0.083890259
1413393318805760512.000000 -0.667865038 1.897310853 0.208498448 -0.806786954 -0.074813090 -0.579937756 0.084676623
1413393319205760512.000000 -0.754825175 1.979115725 0.166796520 -0.802811801 -0.080105096 -0.584718108 0.084741808
1413393319505760512.000000 -0.833989501 2.008404016 0.145742089 -0.818738520 -0.082256891 -0.561649978 0.086316168
1413393319755760384.000000 -0.870488524 2.015572309 0.090893365 -0.828273535 -0.080887862 -0.546614826 0.092910103
1413393320005760512.000000 -0.865681469 2.009544373 0.016200803 -0.814504981 -0.102208503 -0.566741168 0.070282862
1413393320255760384.000000 -0.849760354 2.013533115 -0.070412919 -0.799627483 -0.102712125 -0.587628365 0.068840906
1413393320505760512.000000 -0.845825493 2.032712936 -0.099994272 -0.811912417 -0.096335776 -0.571727395 0.068158694
1413393320855760384.000000 -0.841304123 2.076140642 -0.175888762 -0.802246749 -0.091367915 -0.586558819 0.063251607
1413393321205760512.000000 -0.863764048 2.052851915 -0.163848728 -0.790868878 -0.091491014 -0.601912796 0.062104329
1413393321355760384.000000 -0.862509787 2.052780390 -0.174010247 -0.804195106 -0.083870687 -0.585166991 0.061771266
1413393321855760384.000000 -0.862486899 2.052134991 -0.170497954 -0.799454331 -0.084769182 -0.591731966 0.059500583
1413393322355760384.000000 -0.862355232 2.052112818 -0.170633212 -0.799296081 -0.084701784 -0.591929972 0.059753105
1413393322855760384.000000 -0.862863243 2.052006483 -0.170790672 -0.799357653 -0.084612109 -0.591847658 0.059872337
1413393323355760384.000000 -0.863506019 2.051872253 -0.169914976 -0.799342692 -0.084495850 -0.591850340 0.060208123
1413393323855760384.000000 -0.863213003 2.051903963 -0.171009675 -0.799406052 -0.084288411 -0.591772139 0.060425609
1413393324355760384.000000 -0.863135397 2.052025557 -0.170688063 -0.799496412 -0.084100224 -0.591668785 0.060503118
1413393324855760384.000000 -0.863444030 2.051924944 -0.170113862 -0.799566448 -0.084121071 -0.591556549 0.060646657
1413393325355760384.000000 -0.863881767 2.052092075 -0.170472130 -0.799610853 -0.084074557 -0.591467321 0.060994215
1413393325855760384.000000 -0.863140702 2.051772594 -0.170632184 -0.799598098 -0.083677769 -0.591539502 0.061007123
