#Stereo rect[ms], MP culling[ms], MP creation[ms], LBA[ms], KF culling[ms], Total[ms]
7.805447,0.064645,0.641170,0.009379,0.009379,8.528412
9.332611,0.268935,3.161279,0.002499,0.002499,12.767295
9.283622,0.370159,5.196963,0.483760,0.483760,54.859316
7.597061,0.253592,4.578140,0.687487,0.687487,31.955200
10.475064,0.452881,20.552047,0.754970,0.754970,65.846522
10.233393,0.415762,19.659872,0.940648,0.940648,56.412779
10.978187,0.409158,27.789056,1.175038,1.175038,86.426981
9.244134,0.467343,26.870604,1.290008,1.290008,70.905843
7.764863,0.339473,24.567172,1.203869,1.203869,67.367063
5.073674,0.224359,10.010298,53.128860,53.128860,110.997362
5.045402,0.162192,15.011521,1.652441,1.652441,57.669423
2.787029,0.112828,6.666656,1.862642,1.862642,48.783892
5.127938,0.221235,15.566443,2.085244,2.085244,75.988406
2.426486,0.056580,5.921805,2.636029,2.636029,47.360343
1.960022,0.048062,4.873959,3.021342,3.021342,41.908801
4.081878,0.098082,11.993000,2.476482,2.476482,70.044432
3.795417,0.093934,10.232537,2.002693,2.002693,61.243424
3.649720,0.082329,8.623585,2.179247,2.179247,65.460420
3.802989,0.103678,10.476673,2.333254,2.333254,66.048652
5.067932,0.148994,16.483294,3.619418,3.619418,98.036339
3.823673,0.093420,10.168520,2.526592,2.526592,69.159044
3.904669,0.092469,10.610705,3.200550,3.200550,72.214121
4.277892,0.087813,11.568556,3.137239,3.137239,71.113626
3.302040,0.081228,11.003069,3.018080,3.018080,73.329022
8.201238,0.204379,34.495505,3.302406,3.302406,106.799991
10.190973,0.295021,38.918176,3.606889,3.606889,118.566492
7.114009,0.169452,28.632930,3.562660,3.562660,94.344475
4.697751,0.198973,19.330340,4.312584,4.312584,81.886891
4.173229,0.168037,14.193536,3.288014,3.288014,72.252511
4.678235,0.157881,15.441632,2.900020,2.900020,74.230028
1.857073,0.103411,10.009753,3.909919,3.909919,48.743427
2.734303,0.080488,11.101020,3.234604,3.234604,65.354924
3.940010,0.068101,9.100264,2.738233,2.738233,164.353813
1.649671,0.061046,5.169892,3.164659,3.164659,39.312990
1.730859,0.055057,4.731192,2.585372,2.585372,30.047878
2.068677,0.034712,7.008265,2.772187,2.772187,32.393044
4.236199,0.104307,15.588143,5.759111,5.759111,61.421698
6.482263,0.337006,14.851538,2.121606,2.121606,81.475494
8.462813,0.608454,20.776243,1.449576,1.449576,110.481851
7.866502,0.667443,18.089984,0.583223,0.583223,108.911049
5.615481,0.400248,9.210683,1.097465,1.097465,79.910703
4.905685,0.390246,14.710947,1.400238,1.400238,92.481929
3.242113,0.151875,7.086386,0.792417,0.792417,66.337974
3.462263,0.148194,9.087105,0.802911,0.802911,71.365578
2.279834,0.114794,5.515846,1.043150,1.043150,36.860930
2.575316,0.091054,6.176610,0.972906,0.972906,64.831533
2.258993,0.085067,6.088880,1.560023,1.560023,64.072215
4.010051,0.140047,12.184958,2.068577,2.068577,88.462511
2.546457,0.068292,6.513101,1.354258,1.354258,64.081203
3.041419,0.096042,11.678211,1.212848,1.212848,77.165526
1.955929,0.056779,4.771943,1.000946,1.000946,27.499984
3.375411,0.068138,10.440099,0.995069,0.995069,59.415478
4.042904,0.077698,12.166379,1.165882,1.165882,68.241189
3.915152,0.095951,10.442340,1.139586,1.139586,77.859045
3.501733,0.110699,7.655051,1.232534,1.232534,70.105310
4.273392,0.170710,13.666447,1.151305,1.151305,89.927989
2.939244,0.121581,7.607122,1.366407,1.366407,67.718387
2.885044,0.102031,8.070796,1.138522,1.138522,66.281069
2.884545,0.074716,8.340268,1.668519,1.668519,67.392557
2.830363,0.097310,7.511186,1.349912,1.349912,40.413838
2.751180,0.081239,8.652332,1.424589,1.424589,48.087723
2.532895,0.063769,6.887950,1.057642,1.057642,32.239238
2.697787,0.077706,7.551113,1.752113,1.752113,57.667772
3.373931,0.106658,9.438026,1.957688,1.957688,61.591980
3.653263,0.195988,11.146385,1.806237,1.806237,51.480389
1.827126,0.045980,4.629958,1.577758,1.577758,31.145462
2.516695,0.033736,6.375862,1.534122,1.534122,28.728410
1.900042,0.040264,4.992776,1.689314,1.689314,28.777371
5.079796,0.104218,28.864573,5.252013,5.252013,67.452688
7.351036,0.259485,23.134047,3.036875,3.036875,87.711333
3.902416,0.145600,9.814151,3.273064,3.273064,65.494108
3.797282,0.122082,9.805993,4.241953,4.241953,67.716112
5.399980,0.181177,10.118019,2.388920,2.388920,68.277812
6.654403,0.210609,17.131628,1.752417,1.752417,74.921680
6.569395,0.241948,17.979065,2.724913,2.724913,75.438865
4.099906,0.140372,10.735935,1.766413,1.766413,63.327124
8.662806,0.306390,37.631433,1.980864,1.980864,113.842992
8.788156,0.393065,28.689108,3.065769,3.065769,105.447092
6.209841,0.231329,21.358527,2.453329,2.453329,88.564102
2.929516,0.197528,8.720944,2.402625,2.402625,65.193656
2.395087,0.145464,6.428420,1.579417,1.579417,53.414712
2.884570,0.153823,7.324481,2.122406,2.122406,58.360320
3.018160,0.101737,7.822545,1.685122,1.685122,69.475983
2.850931,0.091576,6.846889,1.831186,1.831186,67.305224
3.155902,0.151236,4.778294,2.192267,2.192267,68.317416
4.363164,0.143230,9.783387,1.289122,1.289122,76.857178
5.008554,0.322984,13.367418,3.388614,3.388614,89.910266
4.720040,0.416344,10.655141,2.117098,2.117098,91.939539
4.228253,0.275915,10.895459,1.270826,1.270826,78.976331
5.432241,0.367523,11.720949,1.743438,1.743438,83.686652
3.869903,0.147122,6.509429,1.411585,1.411585,63.572853
5.198103,0.447881,11.917701,1.008308,1.008308,97.690572
4.938769,0.447751,10.145674,1.487549,1.487549,102.499901
5.135857,0.447421,10.956098,1.370732,1.370732,93.533543
6.257476,0.417125,8.688054,1.208638,1.208638,84.290207
5.399337,0.459249,8.809413,1.499816,1.499816,99.031570
7.456343,0.699863,15.439322,0.270217,0.270217,239.297721
5.304404,0.394025,7.401334,0.455492,0.455492,82.276691
8.917478,0.999326,18.894301,1.252279,1.252279,117.516411
8.557327,1.095424,21.736640,0.802591,0.802591,104.338064
5.977714,0.801773,8.403152,2.256242,2.256242,89.674301
2.756414,0.317239,5.622970,1.372527,1.372527,67.216828
2.198497,0.289704,5.198275,0.538896,0.538896,36.536971
1.828008,0.114387,5.033875,0.504831,0.504831,33.344852
1.909652,0.074616,4.479613,0.587645,0.587645,30.959749
2.096160,0.081668,4.396987,0.451276,0.451276,29.741868
5.059800,0.193916,12.228165,1.314263,1.314263,81.096653
4.027477,0.264088,7.356746,1.247855,1.247855,77.784149
5.831127,0.324833,10.132448,2.545671,2.545671,95.769902
4.800008,0.367416,27.413136,3.258780,3.258780,117.508836
2.109652,0.243427,8.674999,3.290718,3.290718,38.798750
1.637247,0.103640,6.257010,3.091108,3.091108,33.450259
1.672873,0.057915,4.799348,2.361279,2.361279,29.464795
1.361695,0.041171,4.282730,2.604225,2.604225,26.016787
1.579361,0.043635,5.730026,2.693650,2.693650,29.918984
2.674583,0.053392,7.828666,5.246729,5.246729,41.204296
1.467869,0.029462,4.306054,3.224079,3.224079,26.889236
1.486812,0.042639,5.685453,2.414725,2.414725,27.968678
2.049769,0.048927,5.935231,3.092789,3.092789,28.590125
2.173015,0.048975,5.676908,2.529667,2.529667,67.297464
2.707749,0.062395,8.645638,3.146434,3.146434,71.496655
2.325686,0.068757,7.186421,2.561760,2.561760,72.023352
3.225914,0.074212,11.578213,2.648579,2.648579,74.641842
3.028856,0.075710,8.302307,2.343404,2.343404,72.045575
2.934125,0.073860,6.536686,2.910448,2.910448,64.563211
2.347486,0.058464,6.199065,4.004121,4.004121,72.784788
3.113590,0.088676,8.257344,2.318096,2.318096,70.207330
2.661138,0.078332,6.990508,2.441535,2.441535,70.368404
3.456618,0.128355,9.944009,2.155985,2.155985,74.907143
4.055181,0.124856,10.052699,2.585526,2.585526,75.070521
2.860557,0.104062,7.323839,2.102641,2.102641,70.203457
4.412281,0.161152,10.265009,2.237858,2.237858,70.849425
4.151351,0.181393,10.031432,2.204168,2.204168,72.427010
4.133362,0.165926,9.564724,2.789157,2.789157,71.747640
3.511773,0.137317,8.330747,2.535380,2.535380,69.810588
4.637644,0.163497,10.499063,2.602343,2.602343,70.497685
3.188006,0.119160,7.303787,2.171471,2.171471,67.834000
4.507341,0.201956,12.176926,1.962133,1.962133,73.279205
5.978607,0.312461,11.826684,2.877751,2.877751,81.235769
6.658673,0.315120,22.532556,2.596838,2.596838,97.425955
6.353925,0.223334,11.896563,2.131667,2.131667,77.170257
6.914131,0.280871,24.038065,3.166564,3.166564,96.588385
3.470220,0.144795,8.146386,1.993220,1.993220,67.973329
3.612357,0.094985,8.060657,2.403952,2.403952,69.352007
4.226862,0.114597,10.653027,2.404506,2.404506,76.423823
3.962456,0.096871,7.824032,2.483467,2.483467,74.879979
3.797525,0.126563,9.372800,3.129444,3.129444,71.119803
5.512563,0.157144,16.993790,3.222006,3.222006,104.866571
5.010494,0.186166,10.169788,3.397981,3.397981,80.455439
6.350199,0.277851,19.924477,2.568273,2.568273,104.887390
7.331619,0.212556,18.335658,3.151860,3.151860,101.480357
3.656744,0.102570,9.647105,2.694892,2.694892,68.188445
4.327147,0.126026,9.825801,2.740477,2.740477,67.978085
6.697439,0.207819,19.469746,3.773978,3.773978,110.198552
4.688529,0.146657,12.160573,3.771727,3.771727,85.624825
5.334993,0.157654,15.484617,3.732475,3.732475,89.917237
3.171218,0.095380,8.966827,3.416869,3.416869,72.767293
3.756789,0.130284,14.763159,3.282141,3.282141,68.694308
3.912730,0.136121,14.053592,2.976072,2.976072,76.696340
3.233579,0.096420,9.344160,3.227677,3.227677,71.554918
2.484594,0.076472,6.269407,2.934816,2.934816,34.073758
2.447241,0.064687,6.964119,2.562930,2.562930,66.174661
2.571301,0.063729,7.665613,3.951286,3.951286,43.172178
1.776288,0.045974,5.000221,5.438485,5.438485,34.475971
1.872558,0.034147,5.325708,2.731321,2.731321,30.371258
2.676172,0.038872,7.185660,3.752822,3.752822,34.532312
2.431113,0.055766,6.367199,3.575693,3.575693,69.528171
2.713417,0.080199,7.993555,3.438125,3.438125,70.974489
2.689891,0.061905,7.713164,3.923278,3.923278,70.488953
2.652699,0.037706,4.872189,4.081803,4.081803,65.082647
2.007255,0.033392,5.465535,3.643541,3.643541,34.105573
2.006067,0.032475,5.330757,5.940661,5.940661,36.673420
2.604466,0.050263,4.731336,3.150360,3.150360,27.960350
2.523518,0.035231,7.327858,3.426099,3.426099,63.432837
2.015650,0.033520,5.424983,4.273442,4.273442,35.477506
1.711633,0.034621,5.395183,2.564305,2.564305,29.772779
2.295050,0.034787,6.205381,3.818946,3.818946,63.655115
3.325991,0.065418,13.050637,7.189122,7.189122,80.887224
2.617402,0.048143,6.534065,3.148897,3.148897,66.511432
3.403491,0.064905,7.391417,3.975589,3.975589,67.641964
3.392701,0.071477,9.321911,3.695839,3.695839,71.822914
5.838683,0.144561,15.858342,7.049019,7.049019,94.704140
3.984684,0.115320,13.117516,6.620486,6.620486,78.587932
4.610322,0.151807,10.529375,3.948973,3.948973,76.612430
9.129822,0.284202,23.245618,4.728427,4.728427,116.922447
5.142515,0.202115,12.492186,4.532897,4.532897,82.301931
9.180808,0.326166,30.110698,3.376223,3.376223,119.929859
9.437760,0.366172,32.219051,3.363950,3.363950,106.826342
4.628818,0.149105,11.582832,4.115304,4.115304,78.289341
8.553764,0.298641,27.133782,5.002787,5.002787,111.957948
4.343717,0.135068,11.271228,4.650886,4.650886,79.671142
5.312502,0.146534,14.061967,7.395921,7.395921,91.706292
7.883944,0.227369,22.320418,4.932295,4.932295,94.780181
6.869886,0.179356,16.441961,5.751237,5.751237,87.920686
4.864988,0.142336,12.131490,7.219425,7.219425,83.705418
4.894525,0.140608,12.670443,6.085592,6.085592,83.677483
3.916800,0.117041,11.245298,3.592446,3.592446,76.745083
3.977135,0.127123,12.147877,7.070951,7.070951,85.762616
6.108134,0.187991,15.733462,8.448196,8.448196,98.539503
2.606548,0.097529,6.919290,4.952610,4.952610,72.093988
2.765557,0.083052,7.957685,3.978107,3.978107,72.593895
2.473002,0.057951,6.682819,5.165198,5.165198,73.886814
2.627454,0.054579,7.263667,4.959597,4.959597,52.729026
3.542614,0.063944,9.482828,4.967593,4.967593,50.059911
1.751397,0.030984,4.096830,5.928553,5.928553,39.377284
1.495468,0.024597,3.850344,4.885557,4.885557,33.415565
1.429932,0.022011,4.432632,3.765322,3.765322,30.793602
1.305692,0.026697,3.430822,3.626801,3.626801,30.871516
1.326015,0.025658,3.667855,4.176622,4.176622,32.181550
1.211065,0.020965,3.200488,3.821396,3.821396,31.105935
1.859668,0.056259,5.633833,6.897645,6.897645,38.408213
1.285938,0.022949,3.626511,3.602276,3.602276,31.578518
1.523904,0.024903,4.077406,3.297864,3.297864,31.981446
1.412619,0.023295,4.402275,3.911342,3.911342,33.593657
1.500280,0.028784,5.679354,3.930352,3.930352,35.713182
2.438276,0.045519,8.040552,4.976322,4.976322,60.185182
2.831886,0.043372,10.072973,7.112887,7.112887,67.670461
2.262019,0.045008,5.702870,5.358292,5.358292,43.048859
3.367124,0.082628,9.481803,5.481966,5.481966,69.072442
3.019678,0.053236,5.991538,3.700809,3.700809,66.383257
3.340664,0.052623,8.443126,4.511454,4.511454,57.199180
3.582825,0.064515,10.522212,4.586528,4.586528,52.354012
2.244699,0.057726,5.502960,4.410573,4.410573,62.716693
2.919529,0.049809,6.842776,4.716544,4.716544,41.638415
3.568646,0.081119,9.426603,5.321480,5.321480,46.232407
2.481568,0.034921,5.395612,3.983265,3.983265,58.762324
2.188454,0.027613,4.790960,3.827115,3.827115,61.360478
2.688307,0.032123,6.494513,3.688352,3.688352,62.857451
2.022056,0.052720,4.569657,3.885140,3.885140,56.200069
2.115456,0.024915,5.047999,3.736455,3.736455,64.364883
3.007257,0.050251,8.230857,4.100087,4.100087,63.174045
2.621890,0.053799,7.736224,5.282765,5.282765,35.820120
3.437630,0.064510,6.575717,4.374535,4.374535,64.483030
2.528917,0.061184,8.147165,5.401713,5.401713,38.526242
3.558381,0.076624,7.857107,4.552427,4.552427,64.138890
4.826093,0.081700,10.599065,7.912545,7.912545,43.943228
4.047534,0.079860,10.194301,4.446123,4.446123,68.979749
3.759607,0.077632,11.238662,3.486941,3.486941,68.716652
4.067428,0.083388,10.987524,5.234281,5.234281,70.928984
4.292705,0.089833,14.070229,4.024987,4.024987,75.601851
4.552266,0.084752,14.294604,4.961348,4.961348,80.650187
5.841387,0.237803,29.307721,4.028753,4.028753,100.214512
5.754976,0.178094,17.244667,5.633503,5.633503,88.389019
8.867701,0.380381,33.640527,4.337552,4.337552,115.531430
5.945913,0.372822,18.243834,5.880735,5.880735,86.307076
3.598666,0.161305,15.246685,4.161036,4.161036,80.041481
3.591549,0.131338,12.433787,7.355611,7.355611,76.241696
3.449358,0.095714,11.308799,5.229253,5.229253,72.665830
2.831441,0.090813,10.318565,4.918030,4.918030,70.375843
3.007708,0.090843,11.130621,5.421553,5.421553,73.984850
3.761817,0.066376,13.290270,4.894793,4.894793,72.957389
3.359158,0.061900,12.364441,4.754810,4.754810,74.305785
3.419413,0.094042,10.912532,4.328672,4.328672,71.463095
3.039130,0.108506,8.181571,4.937674,4.937674,71.516551
3.012286,0.098759,9.084658,4.680069,4.680069,76.173939
9.262860,0.291470,30.990837,5.212802,5.212802,113.712856
8.830544,0.474794,24.594967,3.432188,3.432188,115.082276
11.533500,0.607867,36.237315,3.331110,3.331110,117.096729
6.526682,0.268621,20.982101,3.709472,3.709472,105.690479
6.452084,0.203900,19.532816,3.982079,3.982079,101.144555
8.926269,0.312708,26.796050,4.510445,4.510445,118.620847
7.909540,0.279993,21.121031,4.037051,4.037051,120.850959
8.096953,0.289156,24.523833,4.506617,4.506617,117.506611
6.822872,0.297642,16.896218,3.176779,3.176779,110.344636
7.939428,0.409994,25.056812,4.271145,4.271145,121.126622
5.511466,0.355300,21.830320,4.127556,4.127556,118.827367
6.548934,0.671603,20.209163,3.654399,3.654399,122.279282
7.166347,0.731274,12.688114,3.285183,3.285183,120.309019
5.555977,0.277123,13.846785,1.834515,1.834515,111.433484
5.125532,0.298348,14.780370,3.176264,3.176264,114.561535
9.790977,0.404772,26.779947,3.411626,3.411626,133.031149
5.721395,0.191281,13.705480,3.500367,3.500367,119.402918
9.993744,0.560792,21.595389,2.772366,2.772366,130.030838
7.156021,0.341723,25.746308,5.801883,5.801883,130.197752
5.791463,0.216307,15.918136,4.690684,4.690684,130.978910
10.820231,0.396025,38.209403,3.993243,3.993243,165.871265
11.972588,0.411058,38.720867,5.171627,5.171627,156.816590
6.326644,0.184099,15.104018,4.206946,4.206946,124.107625
10.508126,0.266814,31.537322,4.998363,4.998363,146.549846
11.900568,0.353853,28.109804,6.165574,6.165574,153.649559
8.570270,0.307666,24.473143,5.834400,5.834400,140.454212
4.645427,0.177520,11.784737,4.183129,4.183129,125.343750
4.402040,0.281687,11.788565,4.014342,4.014342,118.128319
2.931277,0.163386,8.504111,5.308165,5.308165,104.509031
3.118761,0.161669,10.007551,4.196296,4.196296,115.627141
1.575859,0.093848,5.382331,4.203570,4.203570,98.511086
3.131662,0.120251,9.280574,4.323216,4.323216,115.556340
3.508223,0.107967,10.249567,5.829645,5.829645,109.148101
3.573233,0.084256,9.885222,5.247499,5.247499,104.735989
5.724397,0.156736,15.858774,4.796599,4.796599,128.773334
10.358511,0.277920,36.916539,6.675535,6.675535,166.886591
10.945478,0.292344,38.878143,4.649001,4.649001,158.404197
5.907725,0.276026,18.246103,5.536409,5.536409,121.638871
2.657728,0.188154,8.291272,4.884040,4.884040,59.297676
1.889934,0.176037,5.967886,5.672158,5.672158,45.607768
1.175517,0.071598,3.347417,3.138033,3.138033,35.881415
1.523496,0.052351,3.973176,3.458751,3.458751,35.404204
3.268743,0.125210,9.716221,2.234429,2.234429,132.741440
2.839911,0.182753,9.551627,5.150471,5.150471,70.566792
3.071521,0.187391,10.732917,5.336270,5.336270,54.020062
2.904922,0.088736,9.297538,6.338603,6.338603,91.282123
10.314597,0.224706,31.013751,8.400321,8.400321,127.147831
12.076501,0.315687,35.952924,7.018696,7.018696,143.216964
12.623594,0.383768,30.574197,8.410011,8.410011,139.435709
5.623720,0.150006,15.706570,6.316540,6.316540,118.129959
5.762657,0.236085,13.359535,6.808180,6.808180,102.149477
7.919975,0.271968,17.112674,8.245952,8.245952,114.118692
8.945960,0.140080,16.901854,6.205956,6.205956,111.065375
12.244545,0.266964,41.240706,10.175751,10.175751,141.134803
7.092080,0.132242,20.230915,8.661779,8.661779,109.529770
8.048590,0.261908,21.769170,9.385467,9.385467,127.821051
13.020906,0.473503,48.296226,8.132789,8.132789,155.043017
13.479930,0.780834,42.902717,10.717119,10.717119,153.365369
11.086885,0.563908,38.624056,9.868709,9.868709,147.389420
10.711657,0.375843,31.562564,10.642988,10.642988,133.987555
6.941360,0.202968,23.964306,7.296303,7.296303,133.236443
6.915076,0.295503,25.805673,10.341401,10.341401,135.817163
5.458068,0.273080,20.730887,6.000682,6.000682,121.073061
9.929409,0.599554,37.588455,6.896507,6.896507,140.716975
11.730076,0.437771,25.502900,9.284422,9.284422,138.017854
6.614711,0.313948,23.501929,7.227587,7.227587,123.058721
6.996271,0.244949,22.550638,9.463367,9.463367,137.680003
7.016708,0.290806,21.817855,8.305851,8.305851,130.885705
6.580318,0.248676,24.344950,9.068827,9.068827,136.187896
7.170444,0.250051,24.271241,8.490869,8.490869,141.764439
6.477485,0.331409,21.926533,9.036248,9.036248,132.877115
5.943144,0.482895,17.333128,6.004715,6.004715,126.464317
3.210440,0.303385,9.901846,5.464772,5.464772,113.029002
4.131501,0.243031,12.642632,4.882184,4.882184,127.867213
2.773922,0.150550,11.423721,2.835275,2.835275,113.050960
2.644821,0.145685,7.038445,4.586131,4.586131,116.991090
3.128578,0.127776,7.191917,4.623040,4.623040,110.624826
2.141571,0.099153,8.182452,5.183900,5.183900,111.301478
6.454760,0.231799,27.526210,8.811037,8.811037,152.572213
6.409398,0.121298,21.866349,8.917170,8.917170,135.528584
11.959966,0.502862,33.160555,7.871589,7.871589,157.842020
6.279766,0.215800,26.894665,8.603746,8.603746,141.680956
13.222912,0.359656,44.481521,6.954426,6.954426,178.209069
7.699860,0.279318,26.553505,9.768849,9.768849,142.078811
7.038100,0.262963,24.905011,8.565336,8.565336,143.220436
6.604116,0.271231,21.834558,8.272187,8.272187,143.556601
10.907015,0.355113,27.184186,6.525015,6.525015,163.485012
11.892156,0.392496,30.697382,8.614231,8.614231,164.121054
9.084413,0.356887,28.807851,6.082672,6.082672,151.295281
6.633767,0.201765,21.894443,8.882272,8.882272,147.466770
6.940715,0.236634,20.970790,9.853304,9.853304,152.457952
6.710200,0.237292,19.633291,9.941332,9.941332,148.252868
6.384909,0.248386,22.422946,8.334747,8.334747,150.950282
6.372289,0.385786,24.280994,13.514158,13.514158,156.315420
3.503465,0.297213,11.290306,8.356560,8.356560,130.033240
3.315441,0.222082,12.241096,8.089834,8.089834,130.921158
5.009746,0.309582,15.513675,10.326611,10.326611,145.494761
8.583121,0.249487,28.174674,9.717895,9.717895,149.628144
12.545299,0.482760,34.642597,9.350668,9.350668,169.098879
8.677657,0.313141,24.161750,7.799682,7.799682,148.624784
4.633321,0.319645,13.187568,8.153583,8.153583,125.463126
3.261884,0.238178,14.803725,7.428439,7.428439,122.705131
2.946246,0.180562,11.345426,9.332886,9.332886,117.854766
2.266358,0.136616,6.587245,4.675025,4.675025,108.601414
3.739643,0.327196,12.878638,5.484088,5.484088,142.786936
2.602581,0.100303,8.527936,8.954694,8.954694,109.381083
3.303582,0.129529,14.859075,8.061118,8.061118,68.981454
4.174574,0.092175,15.059774,7.381290,7.381290,112.652983
6.599388,0.049191,27.400880,8.070255,8.070255,128.092119
7.098998,0.124918,25.530571,8.273459,8.273459,130.577370
6.773607,0.259286,23.799936,10.202901,10.202901,132.477950
6.630256,0.252072,25.864668,8.937223,8.937223,135.875732
7.449821,0.338262,31.678642,11.080939,11.080939,158.870900
5.054522,0.294432,20.008097,10.896427,10.896427,131.551415
4.745035,0.213990,18.183355,7.819316,7.819316,128.599719
4.100672,0.165910,16.060575,7.332855,7.332855,127.254202
2.956618,0.154169,10.548788,5.920996,5.920996,111.650147
2.417073,0.111592,10.542980,6.438510,6.438510,72.645387
5.541315,0.079906,23.175817,5.924817,5.924817,131.501538
9.755233,0.098579,29.143970,7.699170,7.699170,148.039216
10.952708,0.328820,32.587912,7.876671,7.876671,153.777678
12.519393,0.456697,41.218521,6.062917,6.062917,165.774105
9.216508,0.351873,27.439990,7.365737,7.365737,152.394080
5.643946,0.260121,27.706562,5.205448,5.205448,142.502619
2.699171,0.511097,11.895684,4.639302,4.639302,78.079032
2.506603,0.349311,10.354538,4.857842,4.857842,74.062938
2.721258,0.170808,9.680725,6.022140,6.022140,65.364545
5.366963,0.201340,21.059699,6.733314,6.733314,86.166673
4.855797,0.207912,15.000320,5.483840,5.483840,73.405973
6.362302,0.323564,22.110149,10.632466,10.632466,142.288669
6.696241,0.116181,25.964114,6.420157,6.420157,127.799084
6.074217,0.165785,18.919384,7.450821,7.450821,128.225755
8.213502,0.287908,23.200803,8.183285,8.183285,127.385047
6.795768,0.329819,23.512017,7.394715,7.394715,126.786072
4.668647,0.283144,18.797767,6.770862,6.770862,122.175286
2.676433,0.263214,11.353300,6.256947,6.256947,67.514219
2.635409,0.197629,12.139041,6.449641,6.449641,66.844859
3.305742,0.122395,12.524905,6.036570,6.036570,68.758190
4.059086,0.082491,13.963685,5.955952,5.955952,68.987484
4.067359,0.116477,13.908337,5.494085,5.494085,71.956188
3.000709,0.114831,9.332562,4.773041,4.773041,90.041827
3.161866,0.132274,9.520367,4.470157,4.470157,61.408985
3.962396,0.171786,12.614970,4.001117,4.001117,101.459273
2.979467,0.119330,13.080756,6.512582,6.512582,104.063561
3.026113,0.107168,11.212246,8.868273,8.868273,101.747966
2.679157,0.103666,8.941504,7.268273,7.268273,93.125724
2.437132,0.087238,9.558797,8.224245,8.224245,89.158279
2.441902,0.085929,12.628087,9.240155,9.240155,95.003477
2.773686,0.064328,13.152474,10.662804,10.662804,98.707195
4.699665,0.108111,18.798043,6.624029,6.624029,114.027668
10.048657,0.248522,39.895769,10.850591,10.850591,138.090074
3.635620,0.149016,13.620649,8.719674,8.719674,99.757348
3.260022,0.299642,13.024214,8.008843,8.008843,95.221411
2.710674,0.179282,9.427569,6.081612,6.081612,87.922440
6.198066,0.276727,15.246923,5.742758,5.742758,103.102289
3.583320,0.144413,12.287898,9.598509,9.598509,94.653795
9.583158,0.240933,14.932847,5.290672,5.290672,110.105760
6.744849,0.282275,21.545419,5.837178,5.837178,118.096754
5.284774,0.235007,15.387693,4.736979,4.736979,106.833306
5.646617,0.258301,20.869950,6.448145,6.448145,120.111188
3.823658,0.168210,13.205714,8.577203,8.577203,92.269688
3.163535,0.119454,12.120458,7.115050,7.115050,85.600032
4.745439,0.117999,15.721632,8.449733,8.449733,101.875257
5.196976,0.178992,17.044122,6.470584,6.470584,108.030997
9.268089,0.334823,31.924803,6.637913,6.637913,124.474541
4.697965,0.272512,21.224216,6.911837,6.911837,107.205985
8.666838,0.521010,37.361420,5.158544,5.158544,123.749005
4.401252,0.168446,17.422179,6.999175,6.999175,106.727333
4.584340,0.194415,12.289073,5.155230,5.155230,97.638443
4.953647,0.257250,18.152723,4.765522,4.765522,112.761374
9.133892,0.416435,38.093360,7.186900,7.186900,146.667116
6.797148,0.376888,24.452154,6.398081,6.398081,122.858917
3.640840,0.209877,13.765930,6.054403,6.054403,103.971237
2.730503,0.151734,10.366844,6.794233,6.794233,90.329835
4.369912,0.123762,14.606082,9.220283,9.220283,108.785250
5.381103,0.143042,13.094047,6.521345,6.521345,101.381259
6.389836,0.276681,30.653894,5.489487,5.489487,128.060594
5.571429,0.211980,20.049157,6.205729,6.205729,109.292409
5.233217,0.263060,20.973719,6.931764,6.931764,112.334898
5.780709,0.184009,16.030123,5.293748,5.293748,103.804264
4.602746,0.184927,17.070092,5.398536,5.398536,108.663164
10.060228,0.354434,21.691487,5.373830,5.373830,127.270267
5.552195,0.311233,15.709006,4.738601,4.738601,108.771726
5.282523,0.266972,14.315133,6.320738,6.320738,107.978503
4.089570,0.189430,11.044521,4.369824,4.369824,92.765028
3.452681,0.150519,9.129180,6.737570,6.737570,97.291594
3.354927,0.130824,9.186268,5.357250,5.357250,90.595453
5.050163,0.143738,14.494966,4.976918,4.976918,105.772934
7.861026,0.316941,23.442470,4.213102,4.213102,118.617103
6.326714,0.358767,14.061469,3.916182,3.916182,117.485343
5.594904,0.386717,19.556922,4.761334,4.761334,121.271589
7.686385,0.637387,27.366497,4.441196,4.441196,135.868327
3.943778,0.214852,11.358381,5.585348,5.585348,101.601112
5.056394,0.152533,10.420127,4.550086,4.550086,107.227465
4.525893,0.200228,11.563912,6.488346,6.488346,105.921878
4.157384,0.158409,11.254362,5.766503,5.766503,97.913573
3.902007,0.077847,10.147081,7.402483,7.402483,96.866650
4.382499,0.138388,10.865744,5.610761,5.610761,106.543842
6.771669,0.179754,23.308550,3.297731,3.297731,132.612838
8.247421,0.220151,16.645111,7.030502,7.030502,128.098630
6.335385,0.267249,18.103050,4.790452,4.790452,127.727317
4.178918,0.217802,12.059206,5.886899,5.886899,105.808180
4.002911,0.213957,11.706940,4.694329,4.694329,106.754070
3.449876,0.200584,9.555676,5.524079,5.524079,95.328385
1.841712,0.149106,5.313952,3.827628,3.827628,83.695980
3.953026,0.319093,12.733987,4.738032,4.738032,120.817843
5.831347,0.160268,16.507176,6.480830,6.480830,107.747517
3.785080,0.139704,13.055880,5.223933,5.223933,101.935861
5.204052,0.219936,17.311939,6.116405,6.116405,112.174352
6.394864,0.312698,20.850866,5.432693,5.432693,120.318425
5.895834,0.346758,19.720158,4.766661,4.766661,126.892712
6.787564,0.321430,17.028165,5.493362,5.493362,120.616766
7.702038,0.348351,21.307957,6.100224,6.100224,120.555014
8.172820,0.295010,25.156094,6.946147,6.946147,134.526599
5.923128,0.188707,18.963658,4.835059,4.835059,120.991983
8.072581,0.243315,18.560378,5.268780,5.268780,122.763136
12.176003,0.497787,32.129399,8.323624,8.323624,151.056556
5.607936,0.210901,18.487076,6.254412,6.254412,124.466562
7.221618,0.224412,21.907003,6.263621,6.263621,126.986775
13.310681,0.291191,29.825303,6.193866,6.193866,149.677598
5.634035,0.183299,17.434803,6.743287,6.743287,125.019863
6.887451,0.175901,20.052228,8.232833,8.232833,129.075609
7.404815,0.230557,23.527502,6.070653,6.070653,129.292335
6.475311,0.221891,22.357130,7.364929,7.364929,123.879864
6.098436,0.242990,21.602704,6.781360,6.781360,123.119295
6.482712,0.255132,25.330272,4.825271,4.825271,123.940385
10.322401,0.456194,26.443150,11.837524,11.837524,134.667268
4.418694,0.214829,14.530950,6.919427,6.919427,124.540633
12.317164,0.442767,30.249484,8.474505,8.474505,139.235067
6.720500,0.182479,22.502789,9.257514,9.257514,125.546053
6.649225,0.169657,20.694632,5.951032,5.951032,126.065019
6.624942,0.272066,23.472171,8.759108,8.759108,130.386131
6.525631,0.209867,23.093033,9.339008,9.339008,130.397034
5.465007,0.277141,15.231649,6.111675,6.111675,126.772244
5.548245,0.247535,16.781606,7.207302,7.207302,123.855152
4.533411,0.493258,13.785521,8.617248,8.617248,130.176026
5.446728,0.192523,17.308394,7.421126,7.421126,126.860493
6.475332,0.164663,19.657759,8.948283,8.948283,130.118790
7.150327,0.210804,19.325281,8.881548,8.881548,131.151427
5.877352,0.182583,17.789889,6.881494,6.881494,122.167910
7.277718,0.183563,18.151896,8.417387,8.417387,126.571914
11.146464,0.342483,30.708627,11.395296,11.395296,146.397043
4.682670,0.180261,18.032515,8.166571,8.166571,120.830518
4.999066,0.173541,16.738936,8.312587,8.312587,130.158821
11.635471,0.585555,40.344981,8.652489,8.652489,163.755657
13.461913,0.627714,36.553561,9.144283,9.144283,161.779216
6.559922,0.350205,20.952481,8.081511,8.081511,130.830519
6.743227,0.228858,21.099257,12.290292,12.290292,139.443235
5.980553,0.188446,19.380078,12.320083,12.320083,138.073598
9.209421,0.454524,32.675407,10.175803,10.175803,156.721958
6.474917,0.248515,19.721470,10.965866,10.965866,134.356532
5.622822,0.223009,23.899138,13.364951,13.364951,141.182201
10.710679,0.613617,35.846116,8.147917,8.147917,160.655424
7.580635,0.443187,30.939054,10.690958,10.690958,158.389031
7.378588,0.422387,23.961971,11.600527,11.600527,144.013705
4.859890,0.238035,19.177071,8.872912,8.872912,128.555726
6.017169,0.257909,25.884956,12.220004,12.220004,149.997477
8.779441,0.413825,25.129246,8.839409,8.839409,147.672758
8.472164,0.516199,29.089333,12.455746,12.455746,155.684124
7.324621,0.288407,27.088054,9.980766,9.980766,152.840967
6.380449,0.279431,26.380873,11.749879,11.749879,144.004099
14.420524,0.842666,45.680017,13.586658,13.586658,184.771817
6.958295,0.234403,25.258903,11.031654,11.031654,146.375860
7.870470,0.237944,33.511593,9.964368,9.964368,168.212739
16.218587,0.456804,43.725306,10.302291,10.302291,185.292518
7.501133,0.209558,29.615309,10.304875,10.304875,163.069627
11.158862,0.206212,30.714636,10.065783,10.065783,177.607970
9.285297,0.243134,29.380970,9.803373,9.803373,156.253515
8.798980,0.219028,30.892937,10.727073,10.727073,178.012354
8.449707,0.198695,35.005473,14.143107,14.143107,190.790918
8.432300,0.213998,29.544188,9.550403,9.550403,163.944855
10.939525,0.239807,32.826138,9.093373,9.093373,173.310111
10.903713,0.231872,27.240513,11.629465,11.629465,186.558551
16.142825,0.378809,45.321631,10.866905,10.866905,200.348277
15.407090,0.414512,42.041354,11.727099,11.727099,186.032440
11.301134,0.263674,27.583113,11.809945,11.809945,187.508853
9.290193,0.250519,27.632622,11.772242,11.772242,191.013220
15.307219,0.433703,39.992421,12.665385,12.665385,206.088776
7.760184,0.290063,28.711687,13.954367,13.954367,185.727937
6.413569,0.295693,24.477165,12.999634,12.999634,176.369905
4.752934,0.326441,20.134641,12.888284,12.888284,167.938678
3.498207,0.238005,11.714664,10.493684,10.493684,154.948334
3.303488,0.142889,14.725360,10.517293,10.517293,149.232999
2.988791,0.124787,15.708521,9.088083,9.088083,146.257519
6.241199,0.292954,29.446703,9.222413,9.222413,185.297986
2.365247,0.124885,8.594228,6.200650,6.200650,84.156778
1.582339,0.077200,5.409149,5.281903,5.281903,75.402959
1.670481,0.105972,5.862452,5.976840,5.976840,59.282278
2.820595,0.100987,8.766953,5.807260,5.807260,77.548034
2.138951,0.066303,8.322601,6.096590,6.096590,73.849574
2.573877,0.083433,9.112849,6.284425,6.284425,75.327703
3.191658,0.102842,11.055476,6.783160,6.783160,65.078834
2.506653,0.078827,8.167480,6.871439,6.871439,55.368528
2.546539,0.060986,8.238030,6.880806,6.880806,46.190014
3.221186,0.075976,10.640587,7.710863,7.710863,133.197200
3.291420,0.085772,13.116665,6.463553,6.463553,141.810805
4.489178,0.148005,16.315077,10.561992,10.561992,150.733981
4.396595,0.171683,16.074900,5.050844,5.050844,162.698948
4.484111,0.164037,15.308660,8.892470,8.892470,158.799045
4.944174,0.197638,13.405387,7.485351,7.485351,153.510031
5.467854,0.164997,15.208402,5.572903,5.572903,157.595086
3.876787,0.197343,14.439993,6.122839,6.122839,155.645143
3.756075,0.186761,13.971540,6.062287,6.062287,150.249031
2.858168,0.184360,8.899847,5.521137,5.521137,139.695649
3.350497,0.267933,9.098960,3.769605,3.769605,140.937321
2.631247,0.154066,8.251306,4.038473,4.038473,136.063888
5.629748,0.296984,17.117791,7.566928,7.566928,160.565131
6.949139,0.336290,32.109825,25.506851,25.506851,202.504827
7.261648,0.316561,26.235216,8.896952,8.896952,157.886782
6.565610,0.316989,25.483984,7.198929,7.198929,147.330187
4.253384,0.182071,17.457268,8.592771,8.592771,129.997743
5.179069,0.197985,17.631144,9.525274,9.525274,139.184645
5.171679,0.225343,20.693922,7.853146,7.853146,133.827042
6.536108,0.279962,24.494050,11.639449,11.639449,152.845378
6.136142,0.371619,24.001972,8.701496,8.701496,147.486977
5.926306,0.373737,22.524090,9.697807,9.697807,138.578985
3.931585,0.407751,14.286739,6.121314,6.121314,124.869471
2.574725,0.408210,9.562194,5.157134,5.157134,76.933611
3.056667,0.239481,8.816329,6.479069,6.479069,66.398276
2.642661,0.124025,8.940194,5.798789,5.798789,109.838976
3.083373,0.164453,14.296685,5.239944,5.239944,74.971390
2.477841,0.140497,10.263752,5.169360,5.169360,64.473942
2.165797,0.162982,8.869087,3.405588,3.405588,60.036889
2.141506,0.132098,9.939465,2.895454,2.895454,59.384952
1.280343,0.123397,5.508995,4.540914,4.540914,63.824318
1.245675,0.090830,5.967966,4.939152,4.939152,48.041234
1.368356,0.060242,7.494356,6.522580,6.522580,56.385747
2.241074,0.083845,8.645110,4.584065,4.584065,33.455795
1.345221,0.044058,5.650885,4.411955,4.411955,29.180475
1.930390,0.069608,7.686179,4.211974,4.211974,31.474169
2.130059,0.065949,9.190948,5.089136,5.089136,36.754722
3.206449,0.202214,7.769416,6.750430,6.750430,105.674811
1.889023,0.068960,5.781988,3.803665,3.803665,28.128419
2.121033,0.069144,7.863057,5.929845,5.929845,89.801720
2.304492,0.068381,8.043343,6.102433,6.102433,89.178932
3.367720,0.100730,11.888967,5.928005,5.928005,97.580490
7.198709,0.318140,36.823847,8.720322,8.720322,143.227622
3.643454,0.103298,14.253768,6.942704,6.942704,105.405100
8.549374,0.364556,38.572512,6.353240,6.353240,152.726878
10.091563,0.405988,33.592597,8.568171,8.568171,135.931229
9.338047,0.328596,30.448355,6.668347,6.668347,132.982052
4.691593,0.134363,19.619354,6.034782,6.034782,113.913281
4.817574,0.217841,16.408594,7.420968,7.420968,120.421811
7.768277,0.199346,29.433679,7.432195,7.432195,126.812197
7.296840,0.116078,24.110896,7.726242,7.726242,127.118325
13.981839,0.431611,50.491704,6.691727,6.691727,177.024895
14.310110,0.531272,47.312388,7.784342,7.784342,174.541596
8.168209,0.256859,26.849845,7.152850,7.152850,123.079109
11.157936,0.229578,35.549791,10.163508,10.163508,148.450249
15.593166,0.436764,55.323213,10.772764,10.772764,173.760439
8.015957,0.173388,23.983814,7.036905,7.036905,118.196000
8.565891,0.131119,26.063714,7.420993,7.420993,126.696114
8.585744,0.155874,25.093009,8.005416,8.005416,123.682504
7.320334,0.143336,19.663939,7.114109,7.114109,107.075595
8.124532,0.174286,24.326526,8.988119,8.988119,90.481047
8.073108,0.113195,16.371122,7.780949,7.780949,77.969524
5.218568,0.091614,14.316170,6.255275,6.255275,71.405666
5.801058,0.061887,14.368539,7.005357,7.005357,75.125945
6.543099,0.094182,17.925114,6.739805,6.739805,75.121387
5.169075,0.072644,14.561695,7.282346,7.282346,73.005468
10.693084,0.090785,34.116596,7.536854,7.536854,108.103248
10.221497,0.041496,21.310838,7.068947,7.068947,88.712930
12.272817,0.062996,29.053624,7.682474,7.682474,104.660091
9.955742,0.049539,29.132118,10.228041,10.228041,94.618832
7.953004,0.022905,13.245024,7.363809,7.363809,65.880735
10.490508,0.043906,29.483661,8.030187,8.030187,96.216177
