1403715278412143104.000000 -7.515797138 4.264595032 2.214137554 -0.584520340 -0.589171588 -0.394421071 0.394518405
1403715280162142976.000000 -7.540946484 4.412992001 2.399609327 -0.588577926 -0.588990390 -0.391553253 0.391602397
1403715282212143104.000000 -7.619653702 4.818686485 2.514468908 -0.759047091 -0.322410017 -0.520965934 0.220213115
1403715285112143104.000000 -7.475040436 5.534592628 2.226658344 0.807850480 -0.003624808 0.589225709 -0.013327937
1403715287862142976.000000 -6.939356804 5.244040489 2.771262169 0.797171593 -0.177301109 0.568738461 0.098073043
1403715290612143104.000000 -6.629296303 4.844863415 2.610342979 0.760803461 -0.333119929 0.513911903 0.214717686
1403715291662142976.000000 -6.279247761 4.601573467 2.598653316 0.723722219 -0.396159649 0.518707931 0.224111393
1403715292062142976.000000 -6.236952305 4.430246830 2.552966595 0.728232086 -0.395342588 0.496758193 0.258096337
1403715294412143104.000000 -5.660202980 3.702312469 2.797218084 -0.808409989 -0.046459291 -0.584622383 0.050314378
1403715296212143104.000000 -5.692120075 3.347516537 2.452347517 -0.742833257 -0.338027954 -0.514867187 0.262388617
1403715299162142976.000000 -4.961896896 3.193095446 2.357625723 -0.532545626 -0.642071664 -0.346532792 0.429015368
1403715301662142976.000000 -5.125768661 3.626082897 2.406775236 -0.341222852 -0.736130118 -0.244553030 0.530917406
1403715304412143104.000000 -5.361300945 2.852002859 2.266146183 -0.148924246 -0.799722016 -0.085832253 0.575238347
1403715304912143104.000000 -5.372480869 2.799365520 2.168488741 -0.156572357 -0.800224066 -0.110826991 0.568193674
1403715307712143104.000000 -4.846565247 2.761311531 2.555830002 -0.414720595 -0.716394067 -0.285304636 0.483102292
1403715310662142976.000000 -4.286379814 3.032932520 2.462929249 -0.546308577 -0.602821767 -0.394520670 0.427207679
1403715313112143104.000000 -3.392442703 3.460936069 2.558248043 -0.554237723 -0.578957260 -0.434182018 0.411236078
1403715315362142976.000000 -3.612604856 3.456327677 2.772048950 -0.655537963 -0.490408957 -0.462832570 0.339933991
1403715317862142976.000000 -4.116332054 3.747031689 2.496385574 -0.818672001 -0.064962052 -0.565520406 0.075781524
1403715320712143104.000000 -3.316077471 3.836344242 2.556630135 0.725742459 -0.358085126 0.544167459 0.221257344
1403715321212143104.000000 -3.207606077 3.940502882 2.626497269 0.704723120 -0.420919627 0.519259274 0.237827241
1403715321962142976.000000 -3.370190382 3.875082016 2.692857742 0.687441051 -0.422816098 0.534485221 0.250952125
1403715324712143104.000000 -3.988193750 2.960632801 2.795559645 0.665323913 -0.483140379 0.483638823 0.300021738
1403715327412143104.000000 -4.606501102 3.210789442 2.723155737 0.656390309 -0.500565827 0.475348264 0.304351240
1403715328712143104.000000 -5.237484932 3.134979725 2.646623850 0.709313214 -0.404537976 0.493354678 0.299708188
1403715331362142976.000000 -5.439181805 3.258771896 2.585531473 0.805712700 -0.157206580 0.564673305 0.085189469
1403715334262142976.000000 -5.670804977 2.171328306 2.800734520 0.823071778 -0.062039915 0.564153850 0.020845411
1403715337012143104.000000 -5.384745598 1.042358875 2.775175810 -0.818168163 -0.032496382 -0.573526859 0.024733102
1403715337512143104.000000 -5.266238213 0.937126160 2.818672657 -0.823318839 -0.066330045 -0.559145570 0.071432255
1403715339512143104.000000 -4.514341831 0.398135930 2.915321350 -0.799330056 -0.178783566 -0.558340073 0.131773740
1403715340012143104.000000 -4.323574066 0.299816817 2.862876177 -0.795808494 -0.197544351 -0.564862370 0.092711978
1403715340312143104.000000 -4.244030476 0.328679621 2.857174873 -0.785138309 -0.236482203 -0.555654228 0.137413815
1403715342412143104.000000 -3.743722439 0.853615403 3.029770374 -0.778168738 -0.283494890 -0.522013605 0.203926206
1403715342662142976.000000 -3.696815968 0.932491601 3.029791117 -0.760001004 -0.331123233 -0.519026995 0.208247274
1403715345512143104.000000 -3.896272898 2.412361383 2.888929367 -0.691167116 -0.427509874 -0.500069678 0.299088091
1403715347712143104.000000 -5.115856647 3.256729364 2.880462885 -0.663307965 -0.470798016 -0.486825347 0.318390995
1403715350512143104.000000 -4.979799271 3.625340462 2.422125578 -0.480045468 -0.687386394 -0.333083063 0.431407064
1403715351962142976.000000 -5.299118042 3.996604204 2.353375912 -0.455210328 -0.677999020 -0.324321687 0.477405965
1403715354762142976.000000 -6.050525188 4.358683586 2.347062588 -0.393405586 -0.722733080 -0.264960378 0.502677798
1403715357162142976.000000 -6.432593822 4.733295441 2.678275585 -0.227440491 -0.792542458 -0.138690054 0.548554897
1403715357512143104.000000 -6.563121319 4.824644089 2.734740257 -0.176536754 -0.802942455 -0.129492164 0.554391682
1403715359962142976.000000 -7.853812695 4.660406590 2.691039085 -0.121721044 -0.803588331 -0.084472962 0.576449692
1403715360212143104.000000 -7.918041229 4.574079990 2.701271057 -0.121249102 -0.808383286 -0.083397552 0.569965005
1403715360462142976.000000 -7.971927643 4.494381428 2.712785959 -0.148293227 -0.804421484 -0.075359583 0.570294797
1403715360712143104.000000 -8.009539604 4.445091724 2.726918221 -0.196160078 -0.793732703 -0.095899366 0.567726195
1403715362712143104.000000 -8.391635895 4.446006298 2.703654528 -0.558470786 -0.606920779 -0.393354565 0.406238586
1403715363212143104.000000 -8.607277870 4.512470245 2.694474220 -0.651461422 -0.491522461 -0.412434340 0.404847652
1403715363712143104.000000 -8.605499268 4.531855106 2.736461639 -0.692145526 -0.435338289 -0.467407346 0.336073667
1403715366362142976.000000 -8.152350426 3.984128714 3.047488689 -0.804896355 -0.112791784 -0.568603277 0.126925901
1403715369162142976.000000 -7.169481277 2.623548269 3.123057842 -0.804992735 -0.173243731 -0.552760422 0.128177211
1403715371562142976.000000 -5.900596142 2.074157953 3.066784382 -0.774028540 -0.303488493 -0.512625694 0.214451760
1403715374212143104.000000 -4.058795452 2.369733810 3.133474588 -0.673098445 -0.463079870 -0.478535920 0.321712494
1403715377162142976.000000 -3.945497513 3.519030333 2.994064093 -0.623150885 -0.508591831 -0.471018463 0.362158656
1403715377462142976.000000 -4.071294785 3.556753397 2.966062784 -0.622163415 -0.515101492 -0.462905198 0.365105540
1403715380112143104.000000 -5.385049820 3.635245562 2.938344240 -0.624236047 -0.528192043 -0.456696570 0.350386530
1403715382962142976.000000 -7.285186291 4.256127357 2.965805531 -0.740664840 -0.374846518 -0.497107893 0.252565861
1403715385812143104.000000 -7.410500050 5.128279209 2.932784319 0.821349204 -0.003793546 0.568763793 -0.043347355
1403715388312143104.000000 -7.092832565 3.937359333 2.951464653 -0.825095356 -0.032980982 -0.562589347 0.040287547
1403715390412143104.000000 -6.447796345 2.585697889 2.837510586 -0.814810514 -0.173224524 -0.543178380 0.105044588
1403715393112143104.000000 -4.412285805 2.608811617 3.018682957 -0.672347426 -0.472801119 -0.471915781 0.318909973
1403715394662142976.000000 -4.017965317 2.778206348 2.997842312 -0.359425604 -0.727298915 -0.272631437 0.517225027
1403715395512143104.000000 -4.108609676 2.656372786 2.960296154 -0.132975623 -0.815039396 -0.096701063 0.555587351
1403715397012143104.000000 -4.517721176 2.476331949 2.761282921 -0.028042091 -0.827798486 -0.018805223 0.560008764
1403715398012143104.000000 -5.015816212 2.560479403 2.637502670 -0.029221693 -0.813270628 0.000348534 0.581151426
1403715398412143104.000000 -5.217932701 2.686183453 2.607029200 -0.029264042 -0.806781650 -0.016278751 0.589899957
1403715399412143104.000000 -5.342190742 2.750722647 2.548850298 -0.020974860 -0.805726171 -0.038741343 0.590647519
1403715399912143104.000000 -5.244242191 2.577157497 2.543988943 -0.033694297 -0.833305478 -0.031408403 0.550890446
1403715402462142976.000000 -6.310877800 1.636201382 2.690902948 -0.298920810 -0.752392888 -0.233024776 0.538749218
1403715402762142976.000000 -6.460324287 1.584048629 2.695740700 -0.318830460 -0.739486814 -0.261337191 0.532174110
1403715403062142976.000000 -6.609562397 1.485771060 2.692198277 -0.359001905 -0.741400719 -0.228864312 0.518713593
1403715403362142976.000000 -6.747512341 1.418987513 2.702858925 -0.368362218 -0.750591040 -0.222048104 0.501614451
1403715403762142976.000000 -6.931116104 1.427124619 2.722642899 -0.408298880 -0.730609953 -0.251964748 0.485813767
1403715404112143104.000000 -7.093133450 1.519659758 2.740269661 -0.467332661 -0.691643715 -0.293042183 0.466214061
1403715404712143104.000000 -7.410324574 1.772963405 2.755932808 -0.493401021 -0.653940737 -0.357501447 0.448452681
1403715405362142976.000000 -7.790643215 2.000849962 2.705687046 -0.585645139 -0.570294201 -0.385598838 0.427899390
1403715405662142976.000000 -7.899492741 2.081264019 2.680926800 -0.641358733 -0.519821882 -0.424265116 0.372079700
1403715405962142976.000000 -7.982773304 2.170211792 2.655706167 -0.686455607 -0.467559308 -0.456805885 0.318583637
1403715406212143104.000000 -8.042593956 2.260370731 2.626291752 -0.715178251 -0.405373663 -0.490013391 0.289964169
1403715406812143104.000000 -8.131740570 2.474757910 2.509542942 -0.781409383 -0.271528929 -0.520297885 0.212041259
1403715407112143104.000000 -8.123106956 2.566319704 2.457338095 -0.799766898 -0.212558061 -0.536527872 0.165317148
1403715407412143104.000000 -8.083746910 2.653488874 2.418246269 -0.822350264 -0.180706039 -0.523536384 0.130365610
1403715407712143104.000000 -7.984508514 2.759575605 2.410959959 -0.813306034 -0.178612635 -0.541073084 0.117774442
1403715410512143104.000000 -7.273845673 3.674396753 2.727206945 -0.749705195 -0.332724035 -0.526497304 0.223690435
1403715411012143104.000000 -7.229113579 3.812296867 2.701653242 -0.734862030 -0.336569428 -0.537218750 0.241028965
1403715411362142976.000000 -7.239782810 3.887074709 2.679820538 -0.739803195 -0.339066029 -0.520254016 0.258961946
1403715411862142976.000000 -7.263351440 3.922707081 2.654517651 -0.734147549 -0.350792825 -0.520320475 0.259303689
1403715412212143104.000000 -7.291003227 3.908387184 2.635854483 -0.736744225 -0.352035373 -0.515921116 0.259045511
1403715412562142976.000000 -7.320949554 3.881008148 2.616896152 -0.741927147 -0.353079677 -0.509669483 0.255178094
1403715413062142976.000000 -7.350236893 3.855291605 2.601301670 -0.742179155 -0.355351180 -0.510510683 0.249548793
1403715413362142976.000000 -7.363260269 3.854175329 2.532615423 -0.740023792 -0.349762231 -0.513970375 0.256643146
1403715413662142976.000000 -7.374663830 3.844807863 2.457601309 -0.739198267 -0.346340001 -0.515510321 0.260544896
1403715413962142976.000000 -7.381838322 3.822316408 2.394689560 -0.736156881 -0.352406561 -0.520449996 0.251026899
1403715414262142976.000000 -7.403758049 3.800070286 2.370395184 -0.746936500 -0.356522769 -0.505989134 0.242801175
1403715414562142976.000000 -7.422276497 3.808134079 2.385305405 -0.748174250 -0.359271646 -0.504795492 0.237361938
1403715414862142976.000000 -7.437229633 3.848911524 2.356296062 -0.744605541 -0.343317509 -0.511943042 0.256144643
1403715415162142976.000000 -7.444460392 3.880800486 2.297815084 -0.751072824 -0.322414994 -0.507123351 0.273430049
1403715415462142976.000000 -7.426559448 3.877118587 2.254426956 -0.745261371 -0.333999991 -0.523846209 0.242104590
1403715415662142976.000000 -7.417757511 3.871009350 2.238260746 -0.741358936 -0.338028997 -0.532496214 0.229284137
1403715416012143104.000000 -7.424382687 3.874723673 2.227665901 -0.741403580 -0.338411093 -0.532911599 0.227604955
1403715416262142976.000000 -7.423289776 3.875174284 2.228854656 -0.742984116 -0.337244779 -0.531649053 0.227134258
1403715416762142976.000000 -7.422727585 3.873923063 2.227485180 -0.744218647 -0.336827219 -0.530017197 0.227525294
1403715417112143104.000000 -7.424129963 3.873124361 2.226346970 -0.744352579 -0.336619407 -0.529847920 0.227788955
1403715417562142976.000000 -7.425998688 3.872274160 2.226019621 -0.744291365 -0.336327404 -0.529951453 0.228179246
1403715418062142976.000000 -7.426335812 3.871709108 2.226212978 -0.744387209 -0.336206555 -0.529849529 0.228281245
1403715418562142976.000000 -7.425933361 3.871788263 2.226671219 -0.744452000 -0.336092532 -0.529804051 0.228343397
