1403637149738319104.000000 0.596197307 1.371636629 -0.749672294 -0.599167824 -0.537463427 -0.410618484 0.428396493
1403637150838319104.000000 0.765282035 1.528920770 -0.544729590 -0.610169888 -0.547757506 -0.424492568 0.384005815
1403637153438319104.000000 1.218748927 2.066940546 -0.201854557 -0.602348506 -0.553345978 -0.422400415 0.390592337
1403637156288318976.000000 2.043471336 3.015696049 -0.269286424 -0.732193410 -0.357908130 -0.497102261 0.297798395
1403637159038319104.000000 4.417722702 2.398434877 -0.572798073 -0.806751907 -0.151810467 -0.555041552 0.134290382
1403637160488318976.000000 5.952078342 1.232976317 -0.747308433 -0.815930545 -0.033205450 -0.575568259 0.043311644
1403637163188318976.000000 7.824600220 -1.403366327 -0.652335525 0.761387706 -0.198145375 0.603715658 0.128664643
1403637165938319104.000000 4.597065449 -4.712712288 -0.583131909 0.723436654 -0.389673501 0.475348026 0.314385682
1403637167988318976.000000 4.356544971 -4.449162483 -0.876604915 0.765599787 -0.322577804 0.506312430 0.231188715
1403637170938319104.000000 6.969691277 -0.100778125 -1.630581141 -0.762885690 -0.128865227 -0.625678718 0.099626392
1403637173788318976.000000 4.441798687 2.604703665 -1.718825698 0.843524277 -0.012544916 0.527571678 -0.099887267
1403637173988318976.000000 4.437009811 2.523325443 -1.786717415 0.856918812 -0.037335783 0.509276092 -0.070242651
1403637174188318976.000000 4.499429226 2.389469385 -1.788286448 0.829596639 -0.022316946 0.557446778 -0.022903375
1403637174588318976.000000 4.647498608 2.069465637 -1.695544958 0.802226841 -0.054186914 0.592852533 -0.044965245
1403637177238319104.000000 3.010752916 -1.557341576 -1.537647605 0.821638227 -0.216189966 0.517103255 0.103811756
1403637180138319104.000000 4.482763767 -3.565225601 -1.983045816 0.764114082 -0.261237919 0.540517628 0.236061737
1403637181638319104.000000 6.351371765 -2.186582804 -1.842564702 0.756229520 -0.290671170 0.536777973 0.235577226
1403637183988318976.000000 7.206206799 1.339662910 -1.394449830 0.716908038 -0.351666421 0.584974170 0.142052516
1403637184288318976.000000 6.759359837 1.636962056 -1.392493367 0.727997780 -0.346863657 0.570451736 0.155851483
1403637185038319104.000000 5.476909637 2.048108816 -1.560331464 0.778940558 -0.329155654 0.503011763 0.178570598
1403637185288318976.000000 5.118402958 2.065711260 -1.541760683 0.783372343 -0.330669224 0.495323598 0.177877188
1403637185538319104.000000 4.816747189 2.017457485 -1.471936822 0.792922676 -0.324645489 0.480108112 0.188083097
1403637185938319104.000000 4.460668564 1.844590783 -1.325258970 0.767813802 -0.312167734 0.517662168 0.212224647
1403637186888318976.000000 3.855660677 1.411682963 -0.964466572 0.751854837 -0.336102396 0.536619902 0.183816940
1403637187388318976.000000 3.493229628 1.100860596 -0.912566125 0.756642520 -0.345252395 0.520140707 0.194284678
1403637187738319104.000000 3.236797810 0.798702657 -0.932988584 0.763908565 -0.354348689 0.500005603 0.202176347
1403637190338319104.000000 2.164961100 -2.232357979 -1.449106336 0.706713796 -0.396322250 0.517506301 0.275084853
1403637191638319104.000000 1.509382844 -3.251563311 -1.359962821 0.727601945 -0.353794128 0.526645720 0.260901064
1403637192138319104.000000 1.289038539 -3.458696604 -1.257755876 0.748786926 -0.356112629 0.488356173 0.272048295
1403637192638319104.000000 1.293293953 -3.595251322 -1.060048580 0.751888871 -0.371666491 0.480701208 0.255838841
1403637193438319104.000000 1.641581774 -3.905847549 -0.833609939 0.741078973 -0.383295894 0.497922987 0.236556396
1403637193688318976.000000 1.775765419 -4.061568260 -0.782709301 0.744428933 -0.366915166 0.494710356 0.257799327
1403637194188318976.000000 2.127105474 -4.374945641 -0.674088120 0.737030804 -0.360716105 0.505682409 0.266373575
1403637194438319104.000000 2.329083443 -4.509254932 -0.672443449 0.740719914 -0.364376515 0.499717653 0.262385607
1403637197188318976.000000 5.337353230 -4.299423695 -0.628320634 0.725544035 -0.313598394 0.550424099 0.268840551
1403637199938319104.000000 6.364843845 2.035291195 -0.264156759 -0.739574552 -0.198769346 -0.611951351 0.197574824
1403637200188318976.000000 6.100325584 2.583771944 -0.405584335 -0.696320713 -0.259925693 -0.607103169 0.281072766
1403637203038319104.000000 3.977515221 3.166906834 -0.649023592 -0.762187481 -0.298413992 -0.537148058 0.203694120
1403637205988318976.000000 3.991391182 2.372102737 -0.773171902 -0.754826009 -0.309733659 -0.538389444 0.210807055
1403637208488318976.000000 3.433707237 2.171717644 -0.567160189 -0.765111327 -0.285224557 -0.534621537 0.217787623
1403637209688318976.000000 3.177826643 2.047938108 -0.595538914 -0.769322574 -0.354781657 -0.485839337 0.215018138
1403637212438319104.000000 5.342997074 5.329122066 -1.194626212 -0.742459357 -0.323119521 -0.532039702 0.247551531
1403637212688318976.000000 5.638295650 5.614666939 -1.151145458 -0.754717231 -0.326312274 -0.517228842 0.237479746
1403637212938319104.000000 5.930119514 5.894733906 -1.090863943 -0.756697536 -0.333323836 -0.514583647 0.226953134
1403637213188318976.000000 6.218533039 6.181558132 -1.028423548 -0.756962657 -0.335157186 -0.510971189 0.231485903
1403637213438319104.000000 6.505099297 6.472607613 -0.998825371 -0.753653467 -0.334649920 -0.514281332 0.235649601
1403637213688318976.000000 6.784181118 6.760303497 -0.998685479 -0.744966686 -0.345219314 -0.526295125 0.221046835
1403637213938319104.000000 7.034758091 7.052538872 -1.033712506 -0.743765354 -0.354281485 -0.526218414 0.210694119
1403637214188318976.000000 7.247906208 7.372169495 -1.056668282 -0.732106864 -0.355848134 -0.530304790 0.236999109
1403637214438319104.000000 7.420556068 7.695516109 -1.034761071 -0.702342868 -0.390518546 -0.533383906 0.264029115
1403637214738319104.000000 7.542613506 8.056535721 -0.963049054 -0.652152300 -0.454495162 -0.540594935 0.275479048
1403637214988318976.000000 7.539599419 8.338805199 -0.884704888 -0.637860060 -0.468696237 -0.540314078 0.285515457
1403637216588318976.000000 5.827131748 9.019552231 -0.570382595 -0.553655028 -0.560236037 -0.425492495 0.445598423
1403637216888318976.000000 5.475759983 8.891826630 -0.552221000 -0.547773659 -0.543134928 -0.439953536 0.459771067
1403637217288318976.000000 5.073006630 8.534917831 -0.498703659 -0.577159762 -0.532083035 -0.413315147 0.461459517
1403637217638319104.000000 4.831748486 8.100450516 -0.527153850 -0.574555337 -0.532518208 -0.413032383 0.464451194
1403637217888318976.000000 4.715577602 7.729199409 -0.549853981 -0.518335044 -0.579176784 -0.425915927 0.463118553
1403637218188318976.000000 4.582746983 7.195857525 -0.541252971 -0.492524177 -0.616180539 -0.393428862 0.472181410
1403637218488318976.000000 4.457985401 6.602882385 -0.561034858 -0.484480172 -0.624514401 -0.386757582 0.475057214
1403637218738319104.000000 4.354869366 6.072566509 -0.571399808 -0.490255862 -0.627836227 -0.383051246 0.467699289
1403637218988318976.000000 4.248710632 5.517811298 -0.613295555 -0.488570184 -0.635003626 -0.392641127 0.451555848
1403637219238319104.000000 4.120758533 4.949991703 -0.706867278 -0.488502651 -0.636095107 -0.395783752 0.447329134
1403637220438319104.000000 3.181760073 2.395410538 -0.589356899 -0.529179394 -0.635491073 -0.348975986 0.440835625
1403637223338319104.000000 2.054434061 0.143391013 -0.723496258 -0.649700046 -0.516429603 -0.430860281 0.354329914
1403637223838319104.000000 2.070394993 0.168205619 -0.548718214 -0.633920312 -0.516259432 -0.444935292 0.365586966
1403637224338319104.000000 2.076540232 0.210187137 -0.530202568 -0.630529165 -0.515731514 -0.450455695 0.365436345
1403637226838319104.000000 1.643049955 0.086102866 -0.573247492 -0.636184573 -0.531081319 -0.435627729 0.351355076
1403637228638319104.000000 1.389753461 0.259801745 -0.642372966 -0.619085610 -0.513557911 -0.463881761 0.371220887
1403637229138319104.000000 1.313775659 0.213576555 -0.609700441 -0.626458287 -0.516039729 -0.455684841 0.365519375
1403637229438319104.000000 1.251894236 0.174428299 -0.641374826 -0.640661359 -0.506002486 -0.454450428 0.356355667
1403637229688318976.000000 1.206026196 0.131471142 -0.693201780 -0.696809053 -0.455338448 -0.437259823 0.340482056
1403637230438319104.000000 1.228046060 0.087721497 -0.818226278 -0.756287336 -0.326071650 -0.521200657 0.223733515
1403637230788318976.000000 1.239963293 0.106269777 -0.758825362 -0.758822739 -0.282502085 -0.545918345 0.215299085
1403637231038319104.000000 1.245599866 0.099325106 -0.715428174 -0.799339116 -0.224393949 -0.528743625 0.176450118
1403637231288318976.000000 1.279224873 0.079362959 -0.733944952 -0.822021306 -0.138877869 -0.537616134 0.126343936
1403637231788318976.000000 1.423642874 -0.025718294 -1.020283580 0.831359804 -0.063052252 0.552111149 -0.006220605
1403637232288318976.000000 1.662547588 -0.282798529 -1.204393268 0.791404188 -0.201329842 0.571320832 0.082086414
1403637232588318976.000000 1.776610136 -0.513758302 -1.224621534 0.771598101 -0.270449489 0.561401784 0.127756312
1403637232988318976.000000 1.849637389 -0.920656681 -1.181818008 0.768601418 -0.358207345 0.505558312 0.159217134
1403637235788318976.000000 5.365280151 -2.384452820 -1.963865519 0.811409771 -0.106046714 0.564865291 0.106280647
1403637236088318976.000000 5.799166679 -2.064223289 -1.920020700 0.803095400 -0.025928961 0.584537268 0.112612605
1403637238138319104.000000 6.025882721 1.955319643 -0.683845997 -0.780737102 -0.055719912 -0.608242869 0.131853744
1403637239138319104.000000 4.421553612 1.973910332 -0.280067444 0.864823222 -0.188029751 0.463757068 -0.040681649
1403637239488318976.000000 4.170754433 1.304471612 -0.165827915 0.838790834 -0.202325776 0.504240811 0.035150260
1403637239788318976.000000 4.054943562 0.601360261 -0.204922661 0.802849829 -0.259486675 0.526614070 0.103810221
1403637240088318976.000000 3.967943907 -0.152353317 -0.354254365 0.752181709 -0.309814513 0.548588574 0.193101719
1403637240538319104.000000 3.808427572 -1.231969237 -0.636190832 0.744373977 -0.389643282 0.480952710 0.250539631
1403637240888318976.000000 3.756079197 -2.064611673 -0.760355592 0.733883440 -0.379385650 0.491390705 0.275711507
1403637241238319104.000000 3.779090405 -2.849501610 -0.850132525 0.733533025 -0.365370095 0.501325130 0.277681679
1403637241588318976.000000 3.861792803 -3.543873310 -0.979271054 0.739809573 -0.336280048 0.499039322 0.300927401
1403637241888318976.000000 4.010195255 -4.015100002 -1.039821982 0.723014951 -0.325332910 0.526714027 0.306562036
1403637242188318976.000000 4.182609081 -4.333355427 -1.049430847 0.712295949 -0.330853283 0.541136801 0.300568759
1403637242488318976.000000 4.351746082 -4.507222176 -1.036247134 0.716714382 -0.314619839 0.527942181 0.329563349
1403637242738319104.000000 4.515307426 -4.520647049 -1.040346026 0.720946372 -0.299901724 0.541421771 0.311701566
1403637243038319104.000000 4.719557285 -4.375941277 -0.998419821 0.724397838 -0.278513908 0.566981256 0.276061893
1403637243338319104.000000 4.899986744 -4.102350712 -0.978503227 0.742857754 -0.277439684 0.550980806 0.260018796
1403637243638319104.000000 5.066532612 -3.730388641 -0.988667488 0.748252988 -0.292204857 0.544907272 0.240437075
1403637243938319104.000000 5.227259159 -3.317850828 -0.935610712 0.753942668 -0.325132161 0.533753216 0.202403486
1403637244238319104.000000 5.362314701 -2.939563036 -0.797500670 0.751189888 -0.330451190 0.532803416 0.206485301
1403637244538319104.000000 5.473790646 -2.610595703 -0.609325707 0.762205720 -0.322191060 0.523139179 0.203864336
1403637244838319104.000000 5.594533443 -2.324410200 -0.435060471 0.784817398 -0.278261036 0.516578197 0.199448049
1403637245138319104.000000 5.754428864 -2.065555334 -0.319399595 0.796117485 -0.281465113 0.510710120 0.161708251
1403637245438319104.000000 5.960063457 -1.875024915 -0.244789973 0.797112286 -0.266721457 0.512131870 0.176614106
1403637245738319104.000000 6.222635746 -1.725632787 -0.213021323 0.805576444 -0.234083220 0.519152701 0.163499683
1403637246038319104.000000 6.530931473 -1.583063126 -0.225039884 0.803255439 -0.155549571 0.562170088 0.120622329
1403637246338319104.000000 6.835332394 -1.417564511 -0.284071416 0.810739875 -0.039876144 0.582431376 0.043411851
1403637246638319104.000000 7.105709076 -1.222656727 -0.377890646 -0.795780659 -0.091059707 -0.598249674 0.023209125
1403637246938319104.000000 7.290440559 -0.981318355 -0.472579151 -0.773819685 -0.189128488 -0.597512960 0.091716290
1403637247438319104.000000 7.403290749 -0.512391925 -0.582429647 -0.767681837 -0.226007164 -0.582065225 0.144171566
1403637247888318976.000000 7.349075317 -0.064819850 -0.731262326 -0.745406568 -0.265091032 -0.593223095 0.148937240
1403637248188318976.000000 7.174316406 0.243371010 -0.774502456 -0.745481253 -0.297562838 -0.564783335 0.191660747
1403637248688318976.000000 6.759835243 0.737690389 -0.871870220 -0.740893126 -0.314649910 -0.554967821 0.209960818
1403637248938319104.000000 6.509163857 0.972177386 -0.877498567 -0.753622234 -0.311169654 -0.543124259 0.200606406
1403637249538319104.000000 5.860116482 1.568729997 -0.769082248 -0.757243752 -0.298926145 -0.546649873 0.195956811
1403637249838319104.000000 5.514649868 1.874374866 -0.822985709 -0.746582747 -0.298979402 -0.558072329 0.204403520
1403637250138319104.000000 5.139992714 2.170811176 -0.842455626 -0.746159375 -0.318540335 -0.536312640 0.232695177
1403637252938319104.000000 3.374512196 3.238892078 -0.537784517 -0.705234587 -0.420071393 -0.475905240 0.315750748
1403637254938319104.000000 2.971251488 2.765088558 -0.371237159 -0.669563711 -0.456976235 -0.485327631 0.327588439
1403637255738319104.000000 2.642048836 2.482139111 -0.377485812 -0.627427101 -0.515548706 -0.455089718 0.365291774
1403637257338319104.000000 1.789370298 1.828535199 -0.328036070 -0.572950423 -0.582208157 -0.407271892 0.408523172
1403637257638319104.000000 1.626931429 1.712908506 -0.299049675 -0.567537963 -0.593591392 -0.400949121 0.405943185
1403637257938319104.000000 1.452833652 1.614885807 -0.320432931 -0.566863179 -0.607726097 -0.378529251 0.407493353
1403637258288318976.000000 1.244458437 1.551728368 -0.346193284 -0.521922410 -0.635790586 -0.362183094 0.438395590
1403637258688318976.000000 1.012667179 1.518927336 -0.392241895 -0.504465222 -0.644008219 -0.341838211 0.462509453
1403637259138319104.000000 0.801117599 1.494753599 -0.447300345 -0.504504502 -0.638102710 -0.343724221 0.469205558
1403637259638319104.000000 0.649899423 1.469548583 -0.392613292 -0.514333785 -0.626339257 -0.337151051 0.479050219
1403637260138319104.000000 0.620235264 1.441881895 -0.418651164 -0.508236647 -0.633036852 -0.347334296 0.469381243
1403637260438319104.000000 0.633941889 1.417942524 -0.474247932 -0.494667083 -0.645969510 -0.364563972 0.452902853
1403637260738319104.000000 0.627625525 1.391529918 -0.543185472 -0.504460335 -0.652829230 -0.349676669 0.443914533
1403637261088318976.000000 0.591220677 1.371726036 -0.621367931 -0.498429209 -0.644821703 -0.355374753 0.457692206
1403637261388318976.000000 0.549369216 1.354761839 -0.675893068 -0.504365385 -0.651436150 -0.347297460 0.447918594
1403637261638319104.000000 0.509982944 1.352792382 -0.692427814 -0.509768546 -0.651653528 -0.340120077 0.446992338
1403637261888318976.000000 0.470283091 1.371776938 -0.679761767 -0.504443586 -0.646923184 -0.349274546 0.452807188
1403637262138319104.000000 0.430656195 1.396775484 -0.691523135 -0.503810942 -0.636580825 -0.353832722 0.464480132
1403637262388318976.000000 0.415949881 1.401029825 -0.720884025 -0.497888058 -0.623004735 -0.363769233 0.481294602
1403637262638319104.000000 0.429415584 1.389003873 -0.726360500 -0.523727119 -0.589132011 -0.375018626 0.487846673
1403637262888318976.000000 0.428357929 1.391890883 -0.733113348 -0.530027628 -0.597214341 -0.365233630 0.478550136
1403637263388318976.000000 0.429006666 1.391996264 -0.733176589 -0.529738128 -0.596987128 -0.366174400 0.478435159
1403637263888318976.000000 0.428870648 1.391660690 -0.732716739 -0.530028760 -0.596743762 -0.365823448 0.478685349
1403637264388318976.000000 0.429094642 1.391191125 -0.732838511 -0.530075192 -0.596877873 -0.365748316 0.478523970
1403637264888318976.000000 0.429023504 1.391721487 -0.732708395 -0.530325592 -0.596776903 -0.365461648 0.478591681
1403637265388318976.000000 0.429202765 1.391394496 -0.732897401 0.530215681 0.596868873 0.365497649 -0.478571147
