1413394887055760384.000000 1.443464994 -0.005150834 -0.830339730 -0.501500964 -0.635876238 -0.355674893 0.466533661
1413394888705760512.000000 1.207830906 0.151231304 -0.386821538 -0.514193356 -0.648833454 -0.348905891 0.439186871
1413394891505760512.000000 1.051870704 0.590660155 -0.341486901 -0.528566003 -0.676097333 -0.324600279 0.397674680
1413394892555760384.000000 0.783538580 1.204916000 -0.161752060 -0.384313017 -0.675877750 -0.334925830 0.532275856
1413394895105760512.000000 -0.199287549 -0.897687733 -0.351313949 -0.010549504 -0.813945115 0.021431698 0.580450475
1413394897805760512.000000 -0.455736876 -1.101247311 -0.485554665 -0.018460240 -0.801755667 -0.010471987 0.597275019
1413394898605760512.000000 -0.336835325 0.143953085 -0.289588451 0.082278363 -0.802486300 -0.047729146 0.589039922
1413394901255760384.000000 -0.083469853 -1.990699530 -0.053844642 0.492634147 -0.616453111 0.329669476 0.518281043
1413394902755760384.000000 1.549438715 -2.508729219 -0.085799195 0.669474185 -0.395075738 0.581433415 0.240113899
1413394905655760384.000000 1.319089055 -2.574579477 -0.360255599 0.326946557 -0.825355172 0.190479711 0.419061214
1413394907605760512.000000 1.089667320 -2.189929485 -0.207542986 0.090798892 -0.876110971 0.181574851 0.437282294
1413394908655760384.000000 0.903085530 -1.512645602 -0.464707673 0.144139931 -0.845541239 0.072084054 0.509006500
1413394911505760512.000000 0.893989146 -0.293899059 -0.146636292 0.053862773 -0.874005735 0.016857488 0.482626796
1413394913055760384.000000 0.745707810 -0.028478708 -0.134482607 -0.142466754 -0.802554190 -0.092904091 0.571820796
1413394913705760512.000000 0.453094602 -0.082345784 -0.029859364 0.038799603 -0.804010212 -0.046598017 0.591515601
1413394915905760512.000000 0.720521152 -2.126641989 -0.346117198 0.570483148 -0.514700770 0.463699877 0.441151440
1413394917355760384.000000 1.790877700 -2.651139498 -0.683245480 0.833741963 -0.132584333 0.525678337 0.104680076
1413394917455760384.000000 1.829755783 -2.710882187 -0.723075390 0.839418352 -0.109190993 0.524446964 0.091704287
1413394918555760384.000000 2.907028198 -2.764233112 -0.885663629 0.830392361 -0.021450788 0.553639770 -0.058919560
1413394918655760384.000000 3.041630268 -2.749804497 -0.890090466 -0.828736782 -0.007812448 -0.555841208 0.064613909
1413394918855760384.000000 3.309770346 -2.741789341 -0.891933203 -0.816034555 -0.079829089 -0.570126176 0.051683921
1413394919155760384.000000 3.685571909 -2.718267918 -0.813965499 -0.775290132 -0.135880828 -0.610266566 0.089645185
1413394919355760384.000000 3.867423058 -2.693919420 -0.689833105 -0.748633564 -0.182115093 -0.624401987 0.128468439
1413394919555760384.000000 3.973453999 -2.673095942 -0.552437127 -0.733522594 -0.256698161 -0.615883946 0.129374355
1413394919655760384.000000 3.998613358 -2.658824921 -0.495106965 -0.746076584 -0.283177495 -0.585000515 0.144757673
1413394919755760384.000000 4.012397766 -2.638929844 -0.447910041 -0.759574294 -0.299415767 -0.550638199 0.173766091
1413394919955760384.000000 4.033071041 -2.580347061 -0.380219728 -0.770858467 -0.335708201 -0.490687281 0.228699058
1413394920055760384.000000 4.048469543 -2.541900396 -0.360254198 -0.762467682 -0.366631985 -0.470897377 0.249959394
1413394920155760384.000000 4.071394444 -2.497470856 -0.351822078 -0.749953151 -0.399704844 -0.452809632 0.269758672
1413394920255760384.000000 4.100637436 -2.445426464 -0.355424225 -0.733088911 -0.435507059 -0.438267112 0.284316987
1413394920455760384.000000 4.174403191 -2.314964533 -0.380394995 -0.678337753 -0.499444067 -0.444220632 0.305092722
1413394920655760384.000000 4.240964890 -2.150418520 -0.398525327 -0.626988828 -0.545435071 -0.463395476 0.307652980
1413394920855760384.000000 4.262495518 -1.957617044 -0.407779515 -0.616188467 -0.560899079 -0.459869027 0.306960255
1413394922655760384.000000 4.354754448 0.044982236 -0.798067987 -0.553588927 -0.609793127 -0.393262714 0.408700585
1413394922855760384.000000 4.344109535 0.207600459 -0.687781513 -0.564964592 -0.613791227 -0.365014166 0.413328022
1413394923455760384.000000 4.303161144 0.834412098 -0.424326807 -0.551371157 -0.623122394 -0.379741877 0.404356986
1413394923655760384.000000 4.252891064 1.081487775 -0.350161254 -0.535141528 -0.646955609 -0.352679700 0.413145423
1413394923855760384.000000 4.182591915 1.350096226 -0.303298384 -0.479331791 -0.675569952 -0.350710839 0.436861873
1413394924055760384.000000 4.088088989 1.616265297 -0.298879832 -0.427248031 -0.700614214 -0.330331147 0.466347694
1413394924455760384.000000 3.840054512 2.105223179 -0.304681391 -0.347136915 -0.740820825 -0.224154532 0.529561400
1413394924655760384.000000 3.721859455 2.340009212 -0.291532487 -0.284456044 -0.765160620 -0.195607468 0.543462753
1413394925105760512.000000 3.462220430 2.790001154 -0.224776387 -0.126439407 -0.785649121 -0.193154648 0.573985994
1413394925255760384.000000 3.372977972 2.869820118 -0.193001851 -0.100051686 -0.801910460 -0.184814364 0.559261143
1413394925605760512.000000 3.118443489 2.897980213 -0.168539390 -0.087075748 -0.811466575 -0.152002171 0.557525992
1413394926755760384.000000 2.000304937 2.340163946 -0.259934932 -0.072274350 -0.822729409 -0.001140770 0.563818514
1413394926905760512.000000 1.826891065 2.263987064 -0.260012984 -0.051006794 -0.818680227 0.065923028 0.568168283
1413394927205760512.000000 1.472431183 2.222556591 -0.298472971 0.036142975 -0.814091384 0.069649160 0.575411201
1413394928705760512.000000 -0.164388359 2.095310926 -0.120336913 0.070316419 -0.798546314 0.059184846 0.594875157
1413394929105760512.000000 -0.419394612 1.964056611 -0.137277320 0.072094105 -0.797054887 0.043110643 0.598036408
1413394929405760512.000000 -0.545400143 1.854562044 -0.175260201 0.054929923 -0.784397542 0.065338865 0.614356637
1413394931455760384.000000 -0.757539093 1.609504700 -0.468362719 0.052355677 -0.769660711 0.031201463 0.635537386
1413394933955760384.000000 0.379324973 1.010109425 -0.478986591 0.560329378 -0.570864379 0.420099914 0.428556919
1413394934155760384.000000 0.492657870 1.030172944 -0.535397887 0.592255652 -0.546776593 0.435306191 0.400970280
1413394934305760512.000000 0.577909291 1.046974659 -0.579519928 0.611799181 -0.513323188 0.460106641 0.387947112
1413394934455760384.000000 0.661437809 1.072213411 -0.650669277 0.639475286 -0.492786139 0.474340081 0.351048172
1413394935555760384.000000 1.047295570 1.309193254 -0.924843967 0.639600992 -0.471810490 0.490855247 0.356884688
1413394935755760384.000000 1.076961875 1.394563556 -0.976663530 0.642608821 -0.481717408 0.475068003 0.359600872
1413394936005760512.000000 1.114640951 1.512391686 -0.983911335 0.643085599 -0.489374429 0.466741592 0.359313071
1413394936205760512.000000 1.152417898 1.614514112 -1.029765964 0.676353574 -0.484132230 0.449913561 0.325176358
1413394936405760512.000000 1.207453489 1.704082131 -1.088317275 0.704877853 -0.414550871 0.491323113 0.299827397
1413394936605760512.000000 1.275639892 1.794098020 -1.133343339 0.746494830 -0.317400306 0.523300707 0.261072785
1413394936805760512.000000 1.352619767 1.896874905 -1.163667798 0.778843105 -0.251315206 0.537174523 0.204175711
1413394937005760512.000000 1.442613602 2.011283159 -1.182938814 0.803751230 -0.193413198 0.539243877 0.160596922
1413394937105760512.000000 1.495490789 2.072324276 -1.190082312 0.816021264 -0.161897659 0.537460029 0.137967736
1413394937205760512.000000 1.554599524 2.134938955 -1.196238518 0.824160397 -0.131404862 0.538357317 0.116892599
1413394937305760512.000000 1.619361043 2.197869301 -1.203438401 0.830928087 -0.114709586 0.537043333 0.089357406
1413394937455760384.000000 1.728819489 2.287059307 -1.211885333 0.832457483 -0.100369364 0.541274011 0.062952943
1413394937655760384.000000 1.894977689 2.391063452 -1.223261833 0.827844799 -0.092286795 0.550695717 0.053762771
1413394937755760384.000000 1.985299587 2.437270880 -1.226932764 0.823686004 -0.095391072 0.556572855 0.051658660
1413394937955760384.000000 2.172324419 2.514408827 -1.230263352 0.818822026 -0.121770859 0.558595002 0.051711049
1413394938155760384.000000 2.368093491 2.560754776 -1.209860563 0.818343103 -0.166187644 0.548157632 0.047111567
1413394938355760384.000000 2.576470613 2.551514387 -1.128228307 0.811954916 -0.191245615 0.546353698 0.075180411
1413394938555760384.000000 2.790142298 2.495201111 -1.000761032 0.796125233 -0.210194722 0.553909361 0.123236611
1413394938755760384.000000 3.002440214 2.422176838 -0.908866465 0.790784538 -0.252759367 0.532088399 0.166296512
1413394938955760384.000000 3.218644619 2.339789391 -0.859608531 0.762748599 -0.334178686 0.523337483 0.180712879
1413394939155760384.000000 3.419738293 2.230655432 -0.847554445 0.705957651 -0.422955096 0.531432569 0.200779200
1413394939555760384.000000 3.702053070 1.922878742 -0.868460953 0.674221516 -0.465685606 0.477594316 0.316963911
1413394939955760384.000000 3.899939775 1.580153108 -0.745688915 0.629305780 -0.531176329 0.475029886 0.310117155
1413394940155760384.000000 3.951586485 1.388881087 -0.716337681 0.632957280 -0.547805190 0.428162664 0.340516418
1413394940355760384.000000 3.991969347 1.177329183 -0.733015478 0.587675869 -0.580858350 0.421066314 0.374090612
1413394940555760384.000000 4.015589714 0.957043111 -0.776544094 0.538549960 -0.615233302 0.397722811 0.416255265
1413394940755760384.000000 4.031080723 0.736602843 -0.804929316 0.518092513 -0.631539702 0.342025459 0.464495957
1413394940955760384.000000 4.072021008 0.512121677 -0.784367502 0.491210461 -0.654010236 0.341173947 0.463231415
1413394941305760512.000000 4.120791912 0.112719171 -0.692851067 0.441136688 -0.716586351 0.350392997 0.411250919
1413394941705760512.000000 3.996015549 -0.402053237 -0.534267545 0.474370658 -0.688233972 0.284083784 0.469683826
1413394941855760384.000000 3.943086386 -0.624110579 -0.474462777 0.449644983 -0.692705810 0.297525883 0.479016095
1413394942255760384.000000 3.738373756 -1.200899124 -0.309135377 0.332235515 -0.753116548 0.389414728 0.413268834
1413394942405760512.000000 3.559864044 -1.367690682 -0.227598742 0.301555455 -0.770252407 0.378670663 0.415191621
1413394942705760512.000000 3.024927139 -1.599155426 -0.108830258 0.234860301 -0.786561131 0.306079209 0.482159615
1413394942855760384.000000 2.709740162 -1.667105675 -0.102345020 0.218877062 -0.767855644 0.230207801 0.556322753
1413394943005760512.000000 2.403952599 -1.713550091 -0.139105111 0.203913882 -0.735576391 0.147731006 0.628905535
1413394944905760512.000000 1.975876212 -2.602716923 -0.715435743 -0.200461254 -0.848911226 -0.081530824 0.482201010
1413394945105760512.000000 1.895541430 -2.602341413 -0.777241945 -0.267905235 -0.819981635 -0.143474579 0.485048503
1413394946155760384.000000 1.314095020 -2.352531672 -1.009021759 -0.622125328 -0.521168232 -0.389696300 0.435293615
1413394946355760384.000000 1.355326176 -2.323425531 -1.025777459 -0.676301777 -0.447776556 -0.440564215 0.384727597
1413394946555760384.000000 1.432324171 -2.314340353 -1.040378332 -0.730202734 -0.362671286 -0.470857710 0.336996555
1413394946755760384.000000 1.542884707 -2.336041927 -1.048226237 -0.751353860 -0.291929573 -0.531840265 0.259596884
1413394946955760384.000000 1.659986973 -2.382121563 -1.053364158 -0.769980431 -0.210991874 -0.574655116 0.179955512
1413394947155760384.000000 1.757361174 -2.442879915 -1.040680766 -0.787216425 -0.125860661 -0.595273435 0.100494280
1413394947355760384.000000 1.826001048 -2.504755735 -0.971367300 -0.798106253 -0.046756983 -0.599940181 0.030199513
1413394947555760384.000000 1.873888493 -2.550071716 -0.849183619 -0.799112141 0.000407572 -0.601165950 -0.004385019
1413394947755760384.000000 1.905947685 -2.578271389 -0.752503872 0.836599350 -0.009478812 0.547556400 0.013918596
1413394948655760384.000000 2.544131279 -2.517270565 -0.386060357 -0.726863027 -0.115063831 -0.672630906 0.077448517
1413394948755760384.000000 2.588610172 -2.501584530 -0.353159547 -0.712757409 -0.112674110 -0.687839925 0.078471221
1413394949155760384.000000 2.544090748 -2.447072029 -0.250616223 -0.843138516 -0.114904158 -0.523496330 0.043198172
1413394949955760384.000000 2.774520397 -2.004506826 -0.224659100 -0.757121861 -0.084772527 -0.642385840 0.083190694
1413394950155760384.000000 2.778579950 -1.876125336 -0.210203916 -0.765872300 -0.090114146 -0.621280670 0.139030859
1413394950355760384.000000 2.747080564 -1.798100233 -0.203482017 -0.821674883 -0.127982378 -0.536919117 0.142087340
1413394950555760384.000000 2.746561289 -1.750135064 -0.182093576 -0.850880742 -0.172620386 -0.487089574 0.094593920
1413394950755760384.000000 2.815391064 -1.667737722 -0.135524213 -0.824332714 -0.185017809 -0.527562916 0.089002699
1413394950955760384.000000 2.906393766 -1.545516849 -0.070182838 -0.735001683 -0.194134310 -0.636641741 0.129506111
1413394951055760384.000000 2.927569389 -1.483620048 -0.038107038 -0.695478976 -0.204479292 -0.671651781 0.152909160
1413394951155760384.000000 2.919534683 -1.429179311 -0.007073745 -0.677575827 -0.215517163 -0.679143071 0.182230949
1413394951555760384.000000 2.681940556 -1.335941315 0.100866146 -0.819414377 -0.292852879 -0.452536196 0.194957316
1413394951655760384.000000 2.633632183 -1.316143394 0.137352228 -0.842194736 -0.297408730 -0.410560369 0.183565572
1413394951755760384.000000 2.615633726 -1.279411554 0.180645674 -0.853555143 -0.298110008 -0.390526742 0.173387080
1413394952055760384.000000 2.736593008 -1.055447698 0.369235367 -0.761398315 -0.277905345 -0.551239491 0.197929949
1413394952155760384.000000 2.786538363 -0.970629334 0.421150088 -0.728844285 -0.266839623 -0.594603181 0.209832624
1413394953055760384.000000 3.076778412 -0.397306949 0.613158166 -0.679531515 -0.310771823 -0.609955907 0.263840377
1413394953155760384.000000 3.088340759 -0.357999742 0.620601714 -0.664175510 -0.305058151 -0.625998914 0.271911412
1413394953355760384.000000 3.040832043 -0.342670321 0.676904798 -0.642800868 -0.294177383 -0.649161994 0.280812204
1413394953555760384.000000 2.897748470 -0.414248168 0.741320550 -0.704559624 -0.314098805 -0.585656226 0.248886660
1413394954055760384.000000 2.498881817 -0.580668211 0.400133103 -0.778479218 -0.342741251 -0.488815248 0.193799540
1413394954155760384.000000 2.445816517 -0.571224511 0.312620163 -0.745840669 -0.335278720 -0.534820914 0.212782651
1413394954755760384.000000 1.932630658 -0.609486222 -0.079038531 -0.802648783 -0.322315097 -0.452080905 0.217924118
1413394954955760384.000000 1.781412244 -0.623589456 -0.186546445 -0.808720529 -0.319802284 -0.452684581 0.196912006
1413394955155760384.000000 1.683957219 -0.588005304 -0.299662471 -0.739178658 -0.327312082 -0.544125557 0.224519625
1413394955355760384.000000 1.566304803 -0.546368241 -0.401903123 -0.694670618 -0.351007760 -0.563156128 0.277635634
1413394956755760384.000000 1.369377136 -0.163738102 -0.343509257 -0.667259574 -0.540875733 -0.394275218 0.326749355
1413394959705760512.000000 1.475220799 0.183353961 0.011437785 -0.346947700 -0.804761887 -0.189345434 0.442870170
1413394959855760384.000000 1.438788891 0.213861749 0.039873846 -0.300344527 -0.819911420 -0.195745245 0.446343273
1413394962505760512.000000 0.112209201 -0.123616554 -0.111090019 -0.011347239 -0.775089204 -0.025147829 0.631249189
1413394962655760384.000000 0.112144373 -0.190929651 -0.073737964 -0.015946189 -0.744826317 -0.014989453 0.666899443
1413394964105760512.000000 0.805342853 -1.033638835 -0.433766305 0.000430692 -0.830813408 0.005151495 0.556527078
1413394964955760384.000000 1.095094442 -1.595202565 -0.529708207 -0.043214880 -0.874550343 0.053975344 0.479980171
1413394965155760384.000000 1.065713167 -1.646822810 -0.485026568 -0.026765844 -0.826553226 0.032431372 0.561285734
1413394967605760512.000000 1.771033049 -1.886977315 -0.349087268 0.495262831 -0.608183086 0.403303802 0.471353471
1413394967855760384.000000 1.869866371 -1.869245887 -0.300275862 0.564641654 -0.600344121 0.395365477 0.405528039
1413394968105760512.000000 1.966871977 -1.858576655 -0.223075628 0.595340133 -0.533999979 0.449083567 0.398419440
1413394968355760384.000000 2.057262897 -1.827590585 -0.211057052 0.646737754 -0.525453866 0.433205634 0.343455136
1413394968605760512.000000 2.150465250 -1.828059793 -0.230755687 0.668385625 -0.498257011 0.448803067 0.321832955
1413394968905760512.000000 2.273300886 -1.882814884 -0.239820987 0.683223069 -0.470803887 0.447453201 0.333670020
1413394969355760384.000000 2.505594730 -2.001635551 -0.288569927 0.666087389 -0.430287331 0.519701302 0.317948192
1413394969755760384.000000 2.655807257 -2.019068003 -0.451429725 0.705690682 -0.406978250 0.464550614 0.347220540
1413394970055760384.000000 2.839000702 -1.975682497 -0.519569159 0.710141122 -0.438444912 0.451886535 0.315062344
1413394970355760384.000000 3.092549801 -1.964637280 -0.482470095 0.675353765 -0.445129126 0.499967396 0.309499443
1413394970755760384.000000 3.346969128 -1.946379781 -0.517624557 0.620764077 -0.458567739 0.569421113 0.283067465
1413394971055760384.000000 3.371308804 -1.892293692 -0.541890383 0.688449979 -0.440365911 0.474572480 0.326948673
1413394971355760384.000000 3.407033920 -1.838580966 -0.497413039 0.717710555 -0.473142475 0.419918239 0.291026652
1413394971655760384.000000 3.516942501 -1.911094666 -0.478688389 0.703460157 -0.497892857 0.433258176 0.263693035
1413394971955760384.000000 3.626632690 -2.129327536 -0.427426398 0.621422589 -0.498269022 0.516165316 0.314857632
1413394972155760384.000000 3.638899088 -2.275331974 -0.416848928 0.571530819 -0.520695388 0.518587768 0.365096897
1413394972355760384.000000 3.594378471 -2.377421379 -0.442458510 0.516407609 -0.569831610 0.488129199 0.412728637
1413394972755760384.000000 3.361390829 -2.426697254 -0.538467228 0.419140965 -0.700526536 0.324335486 0.477901638
1413394972955760384.000000 3.211679459 -2.425643444 -0.556049943 0.359359831 -0.729503155 0.237844646 0.531145632
1413394973205760512.000000 3.051042080 -2.437977314 -0.575183034 0.251159102 -0.775366724 0.174080700 0.552649617
1413394973455760384.000000 2.905889988 -2.459232330 -0.591850102 0.137860000 -0.807503164 0.115007065 0.561877668
1413394973955760384.000000 2.596949339 -2.475473404 -0.585104704 -0.079802476 -0.811507285 -0.035368696 0.577785969
1413394974255760384.000000 2.430347919 -2.468222380 -0.566708922 -0.211649269 -0.784718812 -0.108557887 0.572395146
1413394975255760384.000000 2.177584410 -2.176084518 -0.559418976 -0.469409376 -0.644627452 -0.351656556 0.490354955
1413394975505760512.000000 2.153674841 -2.124315023 -0.651946306 -0.500995100 -0.626864374 -0.377069801 0.462453783
1413394975755760384.000000 2.119248152 -2.101143122 -0.722467840 -0.523957253 -0.629921198 -0.377879590 0.431132495
1413394976055760384.000000 2.044042110 -2.065751076 -0.754394770 -0.513668358 -0.617072880 -0.393077403 0.448169649
1413394977205760512.000000 1.694696426 -2.406368971 -0.783748269 -0.614964306 -0.634314418 -0.257626981 0.391270280
1413394977405760512.000000 1.719897389 -2.354925871 -0.724505663 -0.601374447 -0.657746911 -0.288832158 0.349705309
1413394977605760512.000000 1.744160652 -2.179581881 -0.631548524 -0.584183514 -0.667320609 -0.317218304 0.335835338
1413394979555760384.000000 0.724564016 0.944482207 -0.173471287 -0.499939591 -0.504776537 -0.420429975 0.564357877
1413394979655760384.000000 0.711090207 0.986188829 -0.167022854 -0.486259460 -0.500393093 -0.431540161 0.571779430
1413394981505760512.000000 0.603074968 -0.531486571 -0.075716197 -0.564375699 -0.595109880 -0.381755322 0.426130593
1413394981755760384.000000 0.612847686 -0.712045670 -0.120998457 -0.578174710 -0.595297217 -0.380007744 0.408569932
1413394982005760512.000000 0.632840872 -0.852345228 -0.161661699 -0.613072038 -0.566249847 -0.377765536 0.400995165
1413394982455760384.000000 0.793765545 -0.995731056 -0.185149595 -0.687884450 -0.453788668 -0.410375118 0.390490770
1413394982855760384.000000 1.181328893 -1.112030387 -0.132979691 -0.740164936 -0.357065529 -0.465162784 0.329064995
1413394983005760512.000000 1.379148126 -1.166673779 -0.104320422 -0.750906467 -0.331186652 -0.488254100 0.296754062
1413394983205760512.000000 1.664140344 -1.244015217 -0.062194351 -0.752867401 -0.318676293 -0.511972785 0.263666660
1413394983405760512.000000 1.956957102 -1.320894122 -0.018008020 -0.748292029 -0.321416825 -0.524716556 0.247836158
1413394984105760512.000000 2.825450182 -1.490308762 -0.063383460 -0.723132491 -0.368737072 -0.541506112 0.218823090
1413394984405760512.000000 3.060053587 -1.474864125 -0.158421814 -0.721148252 -0.391806245 -0.523615599 0.228604317
1413394984705760512.000000 3.219888687 -1.392972350 -0.226131529 -0.711271465 -0.426815271 -0.501876593 0.245033607
1413394985305760512.000000 3.370235205 -1.004028916 -0.251730621 -0.655824661 -0.505796969 -0.462615877 0.316306859
1413394987405760512.000000 3.420179605 1.437908411 0.286208004 -0.640769482 -0.484709054 -0.482891172 0.348263949
1413394987705760512.000000 3.349284172 1.784071088 0.293787509 -0.613056362 -0.491120756 -0.519478738 0.336309731
1413394988005760512.000000 3.162340879 2.060885906 0.339318961 -0.600857079 -0.478828460 -0.536873937 0.348511994
1413394988105760512.000000 3.072223186 2.129751921 0.362891525 -0.600881994 -0.470999956 -0.537536502 0.357986808
1413394988705760512.000000 2.472702742 2.225199461 0.447077692 -0.710776210 -0.347899884 -0.503451526 0.346842051
1413394989305760512.000000 1.998639584 1.914418697 0.373075247 -0.734771132 -0.320201397 -0.546177685 0.243459418
1413394989405760512.000000 1.909670949 1.851506829 0.365075678 -0.738680065 -0.318788052 -0.539340019 0.248673230
1413394989505760512.000000 1.819634318 1.787266731 0.356474519 -0.741158307 -0.317792535 -0.533559918 0.254962802
1413394989605760512.000000 1.729925275 1.721006155 0.340955675 -0.743847609 -0.317379296 -0.526942372 0.261329144
1413394990355760384.000000 1.202734947 1.236777425 -0.014537346 -0.628663480 -0.539651632 -0.429348409 0.359469473
1413394990505760512.000000 1.120494008 1.162852883 -0.103866741 -0.595780134 -0.581270516 -0.406428367 0.376811206
1413394990905760512.000000 0.894750595 1.052886963 -0.301240563 -0.576961875 -0.603974819 -0.379062086 0.398298025
1413394991055760384.000000 0.809406698 1.048773170 -0.357747287 -0.579411566 -0.600704193 -0.382811934 0.396095783
1413394991405760512.000000 0.615388036 1.103538752 -0.457379788 -0.609763026 -0.565434873 -0.390173614 0.395268321
1413394991805760512.000000 0.452669263 1.245730400 -0.526965141 -0.651160121 -0.488715291 -0.454171807 0.361767650
1413394992055760384.000000 0.370075166 1.342713475 -0.556423306 -0.664177954 -0.447456717 -0.473298490 0.366931558
1413394992505760512.000000 0.308284819 1.434217453 -0.582067311 -0.710464478 -0.401321828 -0.491315097 0.304615468
1413394992705760512.000000 0.310243726 1.462416649 -0.574226677 -0.710154712 -0.390581161 -0.514238894 0.280508399
1413394993205760512.000000 0.309103787 1.511729002 -0.597758412 -0.732593894 -0.353754878 -0.512909472 0.274021119
1413394993455760384.000000 0.317204118 1.525331020 -0.675869942 -0.725293636 -0.369552583 -0.523417473 0.251821756
1413394993905760512.000000 0.291371346 1.577985048 -0.827966571 -0.744702220 -0.329446912 -0.521958590 0.253855646
1413394994205760512.000000 0.284710228 1.596374154 -0.951318204 -0.776074886 -0.244438827 -0.537950635 0.220378190
1413394994405760512.000000 0.296813995 1.581416249 -0.983658850 -0.788180232 -0.204025552 -0.557583213 0.162007481
1413394994805760512.000000 0.304272115 1.575082660 -0.947355092 -0.788547039 -0.172059000 -0.582139194 0.098505005
1413394995205760512.000000 0.244165584 1.644167662 -0.954074442 -0.793980062 -0.146876588 -0.573153436 0.139707297
1413394995605760512.000000 0.194310457 1.693277597 -1.116737962 -0.817243934 -0.161147088 -0.538481534 0.127207309
1413394996005760512.000000 0.229343563 1.743467927 -1.237967491 -0.794660866 -0.156088009 -0.572515666 0.127970651
1413394996505760512.000000 0.229474843 1.755045891 -1.213682175 -0.787952363 -0.165217385 -0.579782307 0.125247285
1413394997005760512.000000 0.246694311 1.768689513 -1.196017265 -0.786635220 -0.163562879 -0.581544697 0.127507240
1413394997505760512.000000 0.267167926 1.786247611 -1.180558085 -0.786737919 -0.163302645 -0.581453145 0.127623901
1413394998005760512.000000 0.288880259 1.807560802 -1.168116689 -0.786877394 -0.163018525 -0.581357241 0.127564639
