1413393216555760384.000000 7.660110474 2.784340382 1.162621975 -0.576839745 -0.562328041 -0.416718900 0.421175152
1413393219355760384.000000 7.131713867 2.296283484 1.434234142 -0.600895584 -0.566129208 -0.398686618 0.399338424
1413393222105760512.000000 6.963934422 2.375830889 1.908784270 -0.583833575 -0.562214255 -0.421387821 0.406799614
1413393223855760384.000000 6.874536991 2.942520857 1.817342877 -0.578259110 -0.569978237 -0.420055151 0.405333191
1413393224255760384.000000 6.805791855 3.132149458 1.790156841 -0.582595706 -0.562490463 -0.427685976 0.401586264
1413393224605760512.000000 6.726399899 3.282121181 1.660359383 -0.597865880 -0.540960848 -0.433980584 0.401968539
1413393225855760384.000000 6.631552219 3.633107185 1.518800616 -0.706154644 -0.411807954 -0.485535294 0.309863418
1413393226155760384.000000 6.674143791 3.700392962 1.476214290 -0.730348289 -0.353874892 -0.525014102 0.256367236
1413393228505760512.000000 7.173308849 4.387582302 1.371834636 -0.799150050 -0.161968485 -0.564590693 0.127916798
1413393230555760384.000000 8.151548386 4.876390934 1.259258628 -0.809060156 -0.133325770 -0.562586248 0.105558589
1413393232005760512.000000 9.156575203 5.242981911 1.233695984 0.810383916 -0.030059699 0.584374368 -0.029683201
1413393232405760512.000000 9.353590012 5.224882126 1.212167978 0.811575949 -0.091094144 0.576294482 0.030512812
1413393232605760512.000000 9.449520111 5.188786030 1.170817852 0.810139000 -0.122324467 0.570972681 0.051978949
1413393233055760384.000000 9.672002792 5.056015015 1.081454158 0.810619354 -0.132714629 0.564939320 0.078273751
1413393233455760384.000000 9.891625404 4.901648998 1.115609646 0.795362175 -0.142255202 0.580400229 0.101479441
1413393233855760384.000000 10.089473724 4.762715816 1.263575673 0.783211589 -0.199746266 0.568059802 0.154884428
1413393234055760384.000000 10.178659439 4.711714745 1.353305578 0.768822908 -0.233322784 0.571836174 0.165756986
1413393234255760384.000000 10.254303932 4.668033123 1.426070333 0.757306278 -0.270174146 0.569021344 0.172359973
1413393236905760512.000000 10.206896782 4.346484661 1.504679680 0.563937068 -0.603662014 0.410172760 0.386426598
1413393239655760384.000000 10.401212692 3.452315807 1.597035527 0.560670376 -0.595328510 0.393811822 0.419696331
1413393242605760512.000000 10.390099525 2.239016056 1.438433766 0.542019248 -0.610268295 0.414749265 0.402207494
1413393245255760384.000000 10.296140671 2.300638914 1.448261738 0.662953258 -0.482421070 0.469725311 0.327293485
1413393248055760384.000000 10.385301590 2.559255600 1.028877378 0.679741621 -0.429229647 0.521500051 0.285921246
1413393250205760512.000000 10.130737305 2.462276459 0.971614063 0.691972435 -0.441822559 0.474288583 0.317832261
1413393250955760384.000000 10.302664757 2.510597229 0.906145334 0.674770832 -0.460678339 0.489867240 0.304121673
1413393253355760384.000000 10.283604622 2.750536442 1.096489429 0.409472466 -0.722484648 0.273634404 0.485255182
1413393254755760384.000000 10.198874474 2.338821888 1.357755423 0.330177516 -0.748321474 0.231735334 0.526589572
1413393256605760512.000000 9.945322990 1.821001887 1.503394008 0.315033495 -0.761340678 0.233894765 0.516146839
1413393257105760512.000000 9.792098045 1.636918306 1.482463241 0.328728497 -0.749143839 0.240219235 0.522509098
1413393258055760384.000000 9.460247040 1.225893736 1.365808606 0.322882593 -0.749105573 0.224392712 0.533137679
1413393260805760512.000000 9.067860603 0.163553894 1.413592815 0.719629705 -0.325155258 0.521262467 0.323562443
1413393263705760512.000000 9.677927017 -0.074246123 1.306864500 0.767729938 -0.239627928 0.570643842 0.165936485
1413393266655760384.000000 9.989397049 -0.118103459 1.171127677 -0.804013848 -0.092031173 -0.582135797 0.078803301
1413393267105760512.000000 9.975833893 -0.094488040 1.244916439 -0.787662745 -0.185800284 -0.567416489 0.152000472
1413393269555760384.000000 9.865607262 -0.203309208 1.218378901 -0.776142597 -0.201415420 -0.574471593 0.164367914
1413393269805760512.000000 9.839612007 -0.194723025 1.142364264 -0.784230530 -0.209052861 -0.558285892 0.172035843
1413393272605760512.000000 9.775300026 0.178361177 1.020312667 -0.809966266 -0.012635202 -0.586324036 0.004379844
1413393275455760384.000000 9.483180046 0.904117823 1.300212860 0.626483202 -0.508471072 0.469010949 0.359172314
1413393278255760384.000000 8.951638222 0.805757761 1.297783494 0.503647625 -0.631434679 0.390690118 0.441577375
1413393279155760384.000000 8.494082451 0.769578099 1.343412042 0.489253193 -0.650844097 0.338224947 0.471844435
1413393279655760384.000000 8.257270813 0.698212028 1.315928221 0.505819321 -0.645718455 0.338268101 0.461269200
1413393280155760384.000000 8.107867241 0.569548965 1.303850532 0.499523133 -0.635072649 0.368035465 0.460118800
1413393280655760384.000000 7.983607769 0.498425275 1.326720715 0.492228210 -0.642274201 0.398177296 0.432030320
1413393281005760512.000000 7.820612431 0.499443948 1.272580147 0.498522043 -0.648117304 0.394266158 0.419492602
1413393281255760384.000000 7.652681828 0.493130088 1.272663355 0.517501473 -0.632597923 0.368357390 0.443085819
1413393281755760384.000000 7.354467869 0.444968313 1.323033571 0.509129703 -0.629864275 0.360532731 0.462681442
1413393282255760384.000000 7.145899773 0.401225328 1.401614189 0.487896860 -0.653664768 0.370843649 0.444020450
1413393282755760384.000000 6.939386368 0.361204326 1.468858480 0.501539946 -0.628692210 0.360720575 0.472318321
1413393283255760384.000000 6.824355602 0.337305307 1.477498293 0.570463538 -0.588367820 0.391273588 0.418687940
1413393283655760384.000000 6.799970150 0.290203005 1.473075390 0.631886005 -0.523805141 0.434801608 0.370534629
1413393284155760384.000000 6.845984936 0.212315977 1.367315054 0.698561311 -0.424683660 0.486867875 0.307596475
1413393284755760384.000000 7.007851124 0.160448447 1.320321202 0.764396906 -0.286535293 0.544075072 0.193848833
1413393287655760384.000000 7.692050934 -0.280095339 1.359933972 -0.801505804 -0.160615176 -0.562088549 0.125888288
1413393290405760512.000000 8.365681648 -0.253461897 1.260668159 -0.758080006 -0.300556570 -0.535214007 0.220287427
1413393293255760384.000000 8.598551750 -0.216175050 1.246334076 -0.711320460 -0.379925549 -0.520398617 0.280829400
1413393295105760512.000000 7.690677643 -0.271716505 1.308716774 -0.721222997 -0.385346740 -0.511006713 0.264985591
1413393296455760384.000000 7.103590012 -0.100180149 1.310036182 -0.725411057 -0.387544304 -0.504794180 0.262242466
1413393297405760512.000000 6.870338440 0.206396744 1.166950703 -0.753628135 -0.318399400 -0.519722402 0.246079311
1413393300055760384.000000 7.133826733 0.958681881 1.103428841 -0.738454700 -0.331926167 -0.539440155 0.231331348
1413393302605760512.000000 6.687250614 1.106777191 1.005995631 -0.609457374 -0.539432943 -0.422099531 0.399256557
1413393303105760512.000000 6.529765129 1.119305372 1.080432296 -0.617774010 -0.532419086 -0.423078448 0.394828796
1413393303455760384.000000 6.459105968 1.140564322 1.147293687 -0.610732734 -0.541877151 -0.433259398 0.381655782
1413393304105760512.000000 6.308223248 1.200411916 1.311714649 -0.620176256 -0.527325153 -0.428516060 0.392025113
1413393304605760512.000000 6.229557514 1.265203238 1.283374190 -0.612151086 -0.547703922 -0.431766570 0.372651398
1413393305455760384.000000 6.068758011 1.498600602 1.294796109 -0.611126781 -0.546929955 -0.434350878 0.372466207
1413393305855760384.000000 5.959111691 1.644317746 1.347033501 -0.621683776 -0.530226946 -0.454484016 0.354701191
1413393307605760512.000000 5.400114536 2.365451097 1.417429090 -0.759143472 -0.316805273 -0.519437671 0.231344253
1413393308655760384.000000 5.445094585 2.839881182 1.516298652 -0.814844668 -0.083041318 -0.568271935 0.078736395
1413393310855760384.000000 5.698662281 3.339678049 1.307623982 0.814275146 -0.054132085 0.577945173 0.002288234
1413393311355760384.000000 5.830157757 3.310639858 1.250176311 0.820499241 -0.052619934 0.568434417 0.029909816
1413393314305760512.000000 6.634521008 3.176122427 1.205625772 0.815826118 -0.036003008 0.576717496 0.022991069
1413393317155760384.000000 7.165723801 3.778540373 1.484172463 -0.797761440 -0.136653915 -0.579294086 0.096543923
1413393317805760512.000000 7.165925503 4.076653481 1.396826148 -0.791220188 -0.127208665 -0.590381265 0.096117824
1413393318205760512.000000 7.091104031 4.258780479 1.306807280 -0.804189146 -0.112638198 -0.576942384 0.087920122
1413393318555760384.000000 7.015698910 4.408373356 1.213384628 -0.805839658 -0.093112260 -0.576305091 0.099122085
1413393318905760512.000000 6.948532104 4.512618542 1.133627892 -0.799865127 -0.093264014 -0.584564090 0.099007830
1413393319205760512.000000 6.877119064 4.565806866 1.109520793 -0.801070571 -0.096851267 -0.582068264 0.100510851
1413393319455760384.000000 6.808407784 4.588084221 1.097220302 -0.814013362 -0.099151954 -0.563344240 0.100967661
1413393319755760384.000000 6.759146214 4.596235275 1.035908222 -0.826564133 -0.098473117 -0.543601632 0.107666217
1413393320005760512.000000 6.764106274 4.590838909 0.962039649 -0.812448680 -0.119359918 -0.564238608 0.085528463
1413393320255760384.000000 6.778427601 4.596218109 0.876146317 -0.797734678 -0.119386859 -0.585009933 0.084436722
1413393320505760512.000000 6.780512333 4.615755558 0.846662283 -0.810238600 -0.113355704 -0.568990946 0.083146244
1413393320805760512.000000 6.784701824 4.657429695 0.781326652 -0.810964286 -0.111205749 -0.569181561 0.077477276
1413393321155760384.000000 6.767473221 4.640343666 0.773792028 -0.796977162 -0.104547575 -0.588924766 0.084053345
1413393321555760384.000000 6.773432255 4.643642426 0.782580197 -0.799547911 -0.100303508 -0.587417245 0.074856542
1413393322055760384.000000 6.784509659 4.650299549 0.786599040 -0.797950447 -0.100377649 -0.589584172 0.074764982
1413393322555760384.000000 6.791669846 4.654064178 0.791662931 -0.798043191 -0.100400232 -0.589461625 0.074712522
1413393322955760384.000000 6.794783592 4.655115128 0.796014607 -0.798215985 -0.100187041 -0.589254558 0.074785210
1413393323355760384.000000 6.795533180 4.655015945 0.799085617 -0.798319101 -0.100144841 -0.589099526 0.074963272
1413393323855760384.000000 6.795749187 4.655133247 0.798292935 -0.798508525 -0.099945165 -0.588856876 0.075117804
1413393324355760384.000000 6.795469284 4.655310154 0.798694074 -0.798685849 -0.099758163 -0.588644147 0.075148366
1413393324855760384.000000 6.794974804 4.655160904 0.799457669 -0.798819005 -0.099769682 -0.588449061 0.075246364
1413393325355760384.000000 6.794528484 4.655216217 0.799102366 -0.798919976 -0.099698372 -0.588285565 0.075546943
1413393325855760384.000000 6.795732975 4.655017853 0.799007416 -0.798973382 -0.099281594 -0.588286161 0.075525962
