1403715528412143104.000000 0.559251487 -0.208371609 0.017759226 -0.543417811 -0.614649355 -0.386573583 0.421264857
1403715529662142976.000000 0.395652652 -0.118268564 0.308559000 -0.492985666 -0.662102103 -0.341522634 0.449386477
1403715532062142976.000000 -0.711893380 0.223774523 1.011232853 -0.417090893 -0.689473093 -0.301319271 0.509773374
1403715532362142976.000000 -0.795951009 0.283164322 1.004561543 -0.414858878 -0.690424562 -0.295872360 0.513483763
1403715532812143104.000000 -0.851088643 0.314670414 0.976832330 -0.431710869 -0.675049663 -0.252695858 0.542290092
1403715535062142976.000000 1.728463292 0.467322320 0.889846027 -0.613036454 -0.575369954 -0.400232852 0.364622355
1403715537812143104.000000 2.984232187 2.311200619 0.724590838 -0.550529957 -0.575099826 -0.395514250 0.457979679
1403715538062142976.000000 2.814439297 2.153719902 0.783506930 -0.554221869 -0.571344972 -0.395539165 0.458205044
1403715540912143104.000000 2.576497316 -0.646012902 0.736293077 -0.812488317 -0.275736392 -0.473273039 0.199611813
1403715543112143104.000000 4.846059322 -0.324486166 0.919272125 -0.698339164 -0.395252138 -0.510050237 0.309753031
1403715543912143104.000000 4.950468540 -0.371255934 0.786922514 -0.675862610 -0.380806237 -0.574359179 0.261357814
1403715545212143104.000000 3.968915701 -0.932412982 0.410599589 -0.804430068 -0.101211257 -0.580751956 0.073320381
1403715545462142976.000000 3.691918373 -1.029694796 0.397683591 -0.813544631 -0.059378784 -0.574727118 0.065636635
1403715546962142976.000000 2.196263313 -1.888442397 0.530757844 -0.719528139 -0.450444728 -0.446334898 0.283132434
1403715547312143104.000000 1.922621250 -1.973829150 0.574574113 -0.630069613 -0.573073268 -0.403097719 0.334830642
1403715547562142976.000000 1.722423196 -1.949193120 0.596377611 -0.579642355 -0.636401117 -0.356832623 0.362875879
1403715547762142976.000000 1.540998578 -1.870192528 0.607283711 -0.528250635 -0.684563339 -0.323135644 0.384587675
1403715547962142976.000000 1.333562374 -1.735633373 0.619101524 -0.474905223 -0.716938019 -0.295209706 0.416312665
1403715548262142976.000000 0.982816219 -1.466549277 0.635620177 -0.419393212 -0.714076638 -0.301765680 0.472378522
1403715549462142976.000000 -0.556688786 -0.497819781 0.434018850 -0.407262564 -0.684083343 -0.286054820 0.533235371
1403715549662142976.000000 -0.766050756 -0.392988652 0.404666126 -0.426239371 -0.689884424 -0.253266007 0.527480662
1403715549962142976.000000 -0.984026074 -0.219204128 0.374943227 -0.484268337 -0.651606739 -0.257178485 0.524167955
1403715550462142976.000000 -0.994126678 0.148227245 0.441953510 -0.597218275 -0.572270691 -0.356607229 0.434359223
1403715550712143104.000000 -0.881394982 0.351409763 0.508567631 -0.648430765 -0.510996699 -0.403313547 0.394662052
1403715551012143104.000000 -0.685796916 0.582638443 0.492330551 -0.715757787 -0.413986385 -0.427612215 0.365313500
1403715551262142976.000000 -0.430933654 0.743347108 0.506148696 -0.748946488 -0.345224768 -0.467746168 0.317981929
1403715551512143104.000000 -0.100745313 0.854907036 0.561129749 -0.781011283 -0.258707911 -0.494578034 0.280150533
1403715551762142976.000000 0.285890162 0.893832266 0.618535578 -0.784865379 -0.189961120 -0.550894678 0.210751727
1403715552012143104.000000 0.667676568 0.855967164 0.673867881 -0.774632990 -0.110910222 -0.603376508 0.153556228
1403715552312143104.000000 1.038737535 0.724576652 0.725970864 -0.774512708 -0.037349969 -0.628681660 0.059112739
1403715552562142976.000000 1.241945148 0.584950566 0.758336365 0.765961409 -0.047218677 0.641056716 0.010947887
1403715554062142976.000000 0.133476317 -0.305981398 0.627550304 0.669227242 -0.487083465 0.456683457 0.326074868
1403715556362142976.000000 0.868676305 0.245187387 0.864783704 0.655200839 -0.493862152 0.526374698 0.223028898
1403715558512143104.000000 0.553427100 -1.422286749 0.958511353 0.684766293 -0.432597756 0.481153309 0.335329354
1403715558762142976.000000 0.644095659 -1.671164393 0.967853546 0.664380372 -0.426814288 0.512589574 0.337165058
1403715559112143104.000000 0.761922479 -1.904650569 0.949859560 0.696085274 -0.369885832 0.521887779 0.326010615
1403715559412143104.000000 0.864425004 -1.966907263 0.953231692 0.728909671 -0.305471957 0.539268434 0.290804625
1403715561512143104.000000 2.442611933 -0.906818688 0.787950158 -0.823904157 -0.057838343 -0.559702039 0.067604683
1403715564062142976.000000 2.511274338 1.078467846 0.722842813 -0.568259656 -0.542106986 -0.446785152 0.428467005
1403715566162142976.000000 1.477218390 0.430211335 1.111255527 0.204331666 -0.770763218 0.148658380 0.584870279
1403715566662142976.000000 1.668525934 0.235997766 1.195114374 0.411140710 -0.678709149 0.300798506 0.528996646
1403715567012143104.000000 1.908804178 0.190971017 1.167106271 0.541486919 -0.581388474 0.401874155 0.455276340
1403715567312143104.000000 2.157697678 0.236232445 1.146569133 0.657185853 -0.468630046 0.483322233 0.338957578
1403715567712143104.000000 2.480318308 0.369184196 1.040044188 0.777560592 -0.261465073 0.537389815 0.195570186
1403715568062142976.000000 2.751421452 0.534816563 0.892342806 0.805117548 -0.073783100 0.583079815 0.079747871
1403715568362142976.000000 2.935982704 0.730488777 0.785784662 -0.797486007 -0.068420999 -0.598933339 0.024770143
1403715568612143104.000000 3.029881001 0.919500053 0.717359304 -0.779510081 -0.180011228 -0.590376377 0.106844477
1403715570712143104.000000 2.156244278 1.859417677 0.570904732 -0.327797353 -0.723033667 -0.274248511 0.542733014
1403715572912143104.000000 0.821712732 1.344499230 0.119704127 0.026328526 -0.814933479 -0.028597575 0.578249514
1403715573162142976.000000 0.606879711 1.293379903 0.155504793 0.082253881 -0.807086825 0.041189551 0.583222687
1403715574162142976.000000 -0.113378264 1.012549758 0.370794415 0.374822885 -0.760878146 0.238070235 0.473175377
1403715574412143104.000000 -0.329494596 0.882165432 0.429210365 0.459607840 -0.689720392 0.278824836 0.485080689
1403715574812143104.000000 -0.589866638 0.608349681 0.483567327 0.527642608 -0.643355370 0.298297882 0.467659771
1403715575362142976.000000 -0.711106539 0.133678958 0.579548001 0.496914506 -0.623373270 0.348239750 0.493164182
1403715575662142976.000000 -0.683218479 -0.074738465 0.638930202 0.501594663 -0.629042387 0.306909770 0.508443713
1403715575912143104.000000 -0.565819025 -0.239419267 0.696379662 0.498086154 -0.631706834 0.290689081 0.518031478
1403715576712143104.000000 0.228193521 -0.675899684 0.854514539 0.449507713 -0.629488945 0.346516520 0.530672133
1403715576912143104.000000 0.485891312 -0.696179152 0.890542388 0.446547598 -0.655326784 0.321436554 0.517513990
1403715578762142976.000000 2.446158886 -0.077912971 0.479401290 0.239432663 -0.845887005 0.132675216 0.457760125
1403715579062142976.000000 2.381809235 -0.008859627 0.362633020 0.240245849 -0.830107093 0.094749346 0.494192988
1403715579362142976.000000 2.238415956 -0.120056868 0.335323185 0.267735273 -0.775701463 0.057072904 0.568636835
1403715582162142976.000000 1.900702238 -2.286404848 0.313734651 0.242645070 -0.766547024 0.155315727 0.573939145
1403715583812143104.000000 1.446769595 -2.916554451 0.113714553 -0.200366944 0.674365461 -0.218075737 -0.676407635
1403715586662142976.000000 2.782715082 -1.518490672 0.378413171 0.252620459 -0.746990025 0.165008947 0.592419565
1403715587162142976.000000 2.879068136 -1.513062000 0.390718102 0.238199174 -0.786992967 0.171435699 0.542690456
1403715587662142976.000000 2.997420788 -1.496666789 0.461017251 0.205601767 -0.784990788 0.207206130 0.546427488
1403715587912143104.000000 3.039471388 -1.418661237 0.496245533 0.146669894 -0.805007517 0.172006220 0.548511446
1403715588162142976.000000 3.058932304 -1.279425383 0.527529418 0.077876143 -0.797450840 0.093546949 0.590979338
1403715588412143104.000000 3.106531143 -1.111566663 0.459756553 -0.002961343 -0.790605783 0.030611463 0.611552656
1403715588662142976.000000 3.212646484 -0.925132275 0.365534484 -0.075866044 -0.794131160 -0.021978825 0.602591932
1403715588912143104.000000 3.359018803 -0.727412581 0.268479466 -0.138464361 -0.821562588 -0.077403449 0.547604978
1403715589162142976.000000 3.472673178 -0.520834684 0.185466886 -0.198360935 -0.837661266 -0.123290427 0.493736804
1403715589562142976.000000 3.436614275 -0.142007977 0.203247473 -0.278042346 -0.832364321 -0.165189669 0.450082749
1403715589812143104.000000 3.251904964 0.161016122 0.299791873 -0.286532521 -0.810686409 -0.190714002 0.473618954
1403715591312143104.000000 1.253419280 1.378115892 0.945726037 0.073160402 -0.829631388 -0.007075355 0.553452253
1403715591562142976.000000 0.868820846 1.378373742 1.010520577 0.176803142 -0.817883372 0.052012760 0.545070767
1403715591862142976.000000 0.417782694 1.284522772 1.001406908 0.274868459 -0.788321972 0.124140337 0.536269605
1403715592162142976.000000 0.008525699 1.096028566 0.889386475 0.378884017 -0.739933729 0.164592013 0.530899763
1403715592462142976.000000 -0.279088706 0.786204815 0.831803262 0.475911111 -0.668449700 0.225208178 0.525323689
1403715592762142976.000000 -0.374195606 0.395410240 0.823161483 0.566795349 -0.591887116 0.278472602 0.500864923
1403715593062142976.000000 -0.269098818 -0.029094674 0.812206507 0.607713401 -0.560700595 0.395154923 0.400189698
1403715593362142976.000000 -0.105604805 -0.448546916 0.799485207 0.669814765 -0.473770589 0.456131667 0.344722420
1403715593862142976.000000 0.261622697 -1.044591427 0.787200689 0.744956195 -0.296777457 0.523401201 0.288122684
1403715594362142976.000000 0.762463987 -1.332340837 0.772683382 0.808893621 -0.143609568 0.548213363 0.156619474
1403715594712143104.000000 1.157655478 -1.362062931 0.773276150 0.831405401 -0.008292662 0.548548758 0.088264175
1403715595012143104.000000 1.538329005 -1.268156886 0.760247171 -0.849621296 -0.076570123 -0.521265566 0.023727564
1403715595312143104.000000 1.994341016 -1.117264867 0.748162746 -0.827253222 -0.170423955 -0.522909820 0.114774570
1403715597812143104.000000 2.455956459 0.847009838 1.179504275 -0.553909898 -0.593558133 -0.382118732 0.441427112
1403715598212143104.000000 2.441787958 1.431630015 1.218289614 -0.510686398 -0.604939282 -0.393330961 0.467481256
1403715598662142976.000000 2.466141939 1.835549116 1.151680231 -0.487655222 -0.556714237 -0.427176982 0.519404829
1403715600562142976.000000 3.081683159 1.271406412 0.408758193 -0.442082047 -0.708835244 -0.335495979 0.435383320
1403715601062142976.000000 2.946208477 1.055169344 0.354008704 -0.315128535 -0.772872567 -0.224089339 0.503136277
1403715601512143104.000000 2.693235874 0.914014995 0.527296066 -0.271248937 -0.781539500 -0.218967721 0.517371476
1403715601912143104.000000 2.385792017 0.755758047 0.660730183 -0.279523760 -0.765291989 -0.216348350 0.537948132
1403715602262142976.000000 2.127884388 0.574676335 0.748235464 -0.323797673 -0.711170018 -0.257898003 0.568226159
1403715602662142976.000000 1.935233235 0.278035492 0.793367624 -0.414385200 -0.704166710 -0.301166475 0.491663486
1403715603012143104.000000 1.775632501 0.007511541 0.717530012 -0.482339591 -0.667761087 -0.347993791 0.447597951
1403715603362142976.000000 1.579163671 -0.251174808 0.562066853 -0.543524146 -0.627539396 -0.379026443 0.408796906
1403715603662142976.000000 1.376026154 -0.437771976 0.456937730 -0.579737604 -0.593937457 -0.369408101 0.417947710
1403715603962142976.000000 1.210190296 -0.578473210 0.402891457 -0.605396986 -0.578798115 -0.341623306 0.426357627
1403715604262142976.000000 1.132366538 -0.645975173 0.398662955 -0.587670326 -0.600779772 -0.367722720 0.398104548
1403715604762142976.000000 1.034119129 -0.619435489 0.357826173 -0.569391489 -0.592579246 -0.395748973 0.409909666
1403715605212143104.000000 0.925111949 -0.549434006 0.333480775 -0.567420185 -0.595767140 -0.394298643 0.409419745
1403715605512143104.000000 0.844312906 -0.489567190 0.327955782 -0.569714487 -0.589941680 -0.382449776 0.425589561
1403715605812143104.000000 0.784479380 -0.422918916 0.268854588 -0.563727200 -0.596533954 -0.386169136 0.420989752
1403715606112143104.000000 0.733754694 -0.350368500 0.213223189 -0.554812372 -0.599690676 -0.394009292 0.421083122
1403715606412143104.000000 0.672817707 -0.283366680 0.144807056 -0.558696985 -0.597312868 -0.380949825 0.431221902
1403715606662142976.000000 0.629567266 -0.231024340 0.135819554 -0.557747602 -0.593976438 -0.373849958 0.443109214
1403715606912143104.000000 0.609169424 -0.186409667 0.110693902 -0.550761938 -0.588883758 -0.376106799 0.456531376
1403715607162142976.000000 0.611446381 -0.161338836 0.074656337 -0.539105356 -0.603862882 -0.389963031 0.438912153
1403715607562142976.000000 0.599547982 -0.161622524 0.035362024 -0.539524496 -0.607513607 -0.390483141 0.432854980
1403715607912143104.000000 0.561882138 -0.192641795 0.006969672 -0.542212605 -0.609143078 -0.389172554 0.428363025
1403715608062142976.000000 0.561206281 -0.192665160 0.008215897 -0.538309216 -0.611784518 -0.391918361 0.427016318
1403715608412143104.000000 0.561973393 -0.192670792 0.004524861 -0.539908230 -0.611965835 -0.389900267 0.426584929
1403715608912143104.000000 0.561691761 -0.195618153 0.004157646 -0.540478349 -0.611690342 -0.389277220 0.426827043
