#Stereo rect[ms], MP culling[ms], MP creation[ms], LBA[ms], KF culling[ms], Total[ms]
9.257181,0.020321,0.227107,0.014496,0.014496,9.529601
9.329022,0.082785,0.685098,0.004448,0.004448,10.106057
9.540898,0.136833,1.383539,0.160130,0.160130,17.521294
9.837797,0.203075,6.960894,0.332453,0.332453,29.053482
10.770994,0.369957,15.589715,0.412966,0.412966,49.920485
11.560637,0.627144,19.810573,0.560071,0.560071,68.961799
12.377992,0.721322,25.104116,0.849708,0.849708,81.288655
8.860504,0.626280,19.423688,1.033934,1.033934,71.522378
9.193213,0.604072,22.531794,1.049870,1.049870,79.402325
13.887708,0.813963,37.453212,50.367307,50.367307,168.472653
13.428022,0.863756,34.802488,1.996699,1.996699,96.598238
14.256033,0.865580,44.692223,2.408704,2.408704,128.427342
13.878172,0.687434,41.268175,2.785286,2.785286,120.003420
14.519941,1.038254,45.476105,2.901511,2.901511,129.437788
9.822533,0.508199,29.395630,3.196811,3.196811,118.149538
10.008136,0.539591,29.349071,3.267852,3.267852,111.984911
9.936359,0.541543,29.151148,4.125048,4.125048,117.424473
10.435342,0.636009,31.599468,4.050007,4.050007,126.435316
11.234712,0.549864,32.410199,4.731361,4.731361,137.242150
11.355002,0.401190,30.278619,5.164070,5.164070,131.664378
10.867476,0.491687,28.091549,5.521131,5.521131,134.074843
13.152722,0.569000,32.634874,6.567450,6.567450,145.513622
11.161400,0.461574,31.275528,6.123763,6.123763,140.290415
12.765901,0.480134,37.830242,6.470840,6.470840,148.179418
11.899746,0.512551,37.726784,6.383478,6.383478,144.401639
10.076776,0.463815,33.136001,6.261077,6.261077,136.499899
11.552157,0.526535,36.034441,6.457816,6.457816,141.206908
11.324954,0.521927,34.866041,6.460120,6.460120,238.933098
10.034600,0.679401,31.899761,6.252468,6.252468,135.110921
9.837542,0.432102,32.519129,6.190004,6.190004,140.258095
10.577264,0.595048,33.935500,6.508472,6.508472,141.939142
10.208298,0.650057,31.011493,6.008913,6.008913,138.466678
10.990229,0.649961,34.145327,5.725166,5.725166,143.953569
11.345210,0.715306,32.429496,6.370391,6.370391,149.814353
8.317169,0.648648,20.141682,5.704558,5.704558,131.925214
14.083807,1.301713,39.987615,7.338244,7.338244,192.481779
14.181664,1.051567,38.453609,4.699968,4.699968,185.170352
12.449576,1.067471,27.819385,5.333353,5.333353,158.334340
14.558150,1.131983,37.603614,4.566462,4.566462,192.649046
12.616107,0.839627,24.587086,3.806740,3.806740,158.865003
7.951659,0.472007,18.053653,3.773843,3.773843,147.081291
8.924601,0.573992,20.984701,5.831887,5.831887,159.430963
8.048429,0.535495,18.542300,4.472797,4.472797,152.099151
7.450149,0.470406,18.770527,5.553068,5.553068,157.853342
7.308963,0.538279,18.503612,4.301178,4.301178,156.886256
7.278339,0.515047,18.902944,5.582859,5.582859,160.636835
10.686673,0.845451,28.597060,3.953814,3.953814,189.268232
9.018234,0.733546,25.961280,4.025655,4.025655,170.794221
12.234694,0.975085,34.672662,4.366459,4.366459,191.400036
9.874214,0.823691,29.181260,5.481802,5.481802,177.014113
12.839758,0.936653,36.084137,8.919513,8.919513,193.531298
9.966791,0.792331,27.542614,5.036996,5.036996,173.730549
15.008748,1.158960,41.602228,7.682025,7.682025,202.500092
8.726038,0.528167,23.974534,9.831014,9.831014,171.303860
17.871474,0.851308,52.544872,9.031355,9.031355,217.819467
9.303806,0.644937,22.552018,7.245059,7.245059,163.742446
16.487584,0.838219,49.884901,7.461701,7.461701,226.879430
15.741813,1.116175,45.098020,8.414227,8.414227,215.216328
10.606800,0.659305,25.967872,7.285091,7.285091,195.907554
10.510127,0.844299,31.329129,7.506598,7.506598,196.678445
9.702884,0.565095,26.470568,6.893533,6.893533,183.322839
11.475196,0.660617,32.929887,8.432307,8.432307,206.047628
14.465828,0.740266,35.400032,8.172143,8.172143,200.921766
10.839219,0.640745,29.602193,8.350738,8.350738,192.582261
9.641635,0.602632,25.241751,6.717179,6.717179,173.857591
12.748333,0.773450,33.566472,8.422098,8.422098,196.379688
13.424246,0.953421,43.722354,3.992150,3.992150,205.970379
14.385635,1.011886,41.861176,7.471430,7.471430,205.445412
15.671733,1.175055,46.884381,5.902352,5.902352,210.634122
11.447068,0.812747,34.618805,10.003272,10.003272,200.525921
16.321726,0.898828,48.318448,6.641274,6.641274,622.032504
14.354626,1.918490,46.559384,5.957393,5.957393,211.687416
15.280047,1.333522,46.828924,7.773769,7.773769,216.788445
15.395569,1.096367,43.449902,5.945649,5.945649,214.286012
11.538525,0.941356,33.738090,7.065120,7.065120,199.067661
16.786468,0.997518,48.935768,11.064470,11.064470,226.972712
17.199369,1.135792,53.675256,16.166587,16.166587,271.075902
13.553112,0.861004,40.246594,22.224109,22.224109,228.154392
13.961661,0.751754,38.359433,18.244696,18.244696,226.122492
9.341919,0.789547,26.889709,12.193733,12.193733,200.960967
7.873546,0.610473,26.390886,13.561592,13.561592,207.585056
7.582791,0.700522,26.945197,8.441426,8.441426,204.368245
14.250081,1.186000,44.434715,6.369463,6.369463,229.288871
15.177390,1.180752,55.336847,9.699716,9.699716,259.462337
10.742546,0.705865,34.290610,11.475772,11.475772,216.287511
17.132776,0.971181,54.839624,12.259878,12.259878,256.644538
8.801751,0.791435,25.499866,10.807219,10.807219,211.018799
7.909452,0.602504,23.637088,7.473701,7.473701,211.866715
16.831236,1.157840,58.151349,5.887792,5.887792,262.213798
8.892121,0.803403,27.030254,13.592216,13.592216,220.868629
8.720790,0.681289,26.153443,7.440229,7.440229,220.111242
9.027514,0.728618,28.377153,19.588329,19.588329,235.936513
8.998522,0.669193,29.866837,11.598237,11.598237,229.754478
8.766327,0.679977,30.007832,14.676231,14.676231,235.402554
13.981022,0.905868,46.492151,18.881600,18.881600,278.550244
16.189724,1.257457,51.174071,12.537002,12.537002,273.486368
8.898040,0.877388,30.386909,16.095387,16.095387,231.057407
11.349850,0.898381,37.068279,14.694312,14.694312,244.385813
9.569346,0.770858,29.130028,14.633255,14.633255,236.321063
9.830342,0.821035,28.339328,9.944839,9.944839,233.616386
13.394038,1.270769,43.285132,7.150849,7.150849,264.187809
12.726381,1.126799,18.407514,7.172929,7.172929,252.829511
8.854008,1.205649,20.064304,5.937904,5.937904,222.506699
9.523969,1.034286,23.547712,3.501104,3.501104,228.870306
9.876070,1.031982,25.115733,3.365198,3.365198,228.337499
9.563906,0.833515,27.791641,6.335222,6.335222,231.313443
13.730970,0.951341,42.559138,8.888665,8.888665,264.405764
14.848265,0.870476,42.812837,4.158265,4.158265,153.504451
10.366540,0.690762,30.169305,9.674435,9.674435,230.859580
15.522483,0.971341,47.891242,12.652460,12.652460,269.238118
13.906237,0.583047,31.808368,10.371244,10.371244,239.978264
14.247265,0.528199,38.082757,10.582928,10.582928,256.428984
15.779542,0.519111,35.492962,10.305708,10.305708,262.997617
19.440136,0.780491,54.446051,6.154740,6.154740,278.940810
19.505160,0.771691,48.133677,10.007688,10.007688,268.943073
19.432552,0.843052,48.243086,7.622631,7.622631,259.761221
16.419455,0.926573,41.335025,6.853789,6.853789,260.254092
10.306668,0.757706,28.368737,12.160133,12.160133,225.869785
17.510349,0.733834,52.608938,14.142560,14.142560,265.140750
9.301438,0.748554,24.204457,14.339139,14.339139,216.927072
13.901597,0.781835,38.689741,9.689283,9.689283,261.517501
21.392131,0.922124,50.548430,12.672620,12.672620,264.944844
12.671788,0.732234,35.003419,15.336912,15.336912,235.505916
21.402083,0.834027,55.855670,19.956079,19.956079,279.114572
19.988176,0.855499,54.484580,22.649684,22.649684,288.594477
10.495694,0.615721,32.361783,21.130782,21.130782,240.327453
11.946146,0.612073,39.726459,20.630488,20.630488,271.408164
9.837381,0.551592,31.824880,15.001452,15.001452,234.564399
12.289543,0.576872,39.665818,21.264705,21.264705,257.975277
9.094460,0.495718,28.053181,15.184782,15.184782,234.933653
11.464731,0.639177,39.316758,17.790225,17.790225,256.384631
9.321215,0.581448,30.591391,13.546744,13.546744,258.749624
9.173852,0.607176,30.964997,16.758595,16.758595,267.381676
11.569021,0.675369,39.591737,21.478980,21.478980,276.257029
10.598544,0.640456,39.033362,13.546840,13.546840,274.555438
10.421998,0.614728,38.723438,20.606840,20.606840,282.380505
9.676260,0.668969,36.415822,11.707615,11.707615,282.858175
7.506982,0.820267,32.002258,20.502518,20.502518,284.270578
11.894529,1.304946,46.250420,14.337154,14.337154,306.760099
16.749092,1.346802,62.465232,16.444927,16.444927,337.826953
8.221488,0.830507,26.301701,15.223086,15.223086,286.125803
7.610727,0.770090,25.210326,14.356675,14.356675,282.070612
9.189853,1.026190,26.266692,13.930941,13.930941,284.450420
11.908802,1.582965,32.647355,7.958572,7.958572,296.971678
12.438089,1.492020,32.734972,4.438333,4.438333,301.422267
7.479430,1.100783,18.842751,20.559159,20.559159,288.703950
10.387629,1.091406,41.834136,27.166321,27.166321,308.763614
8.897817,0.917644,31.673710,19.612458,19.612458,276.684875
10.771698,0.882796,40.667112,18.691966,18.691966,277.443029
11.177783,0.841868,39.632602,20.141650,20.141650,276.981519
10.887700,0.856780,39.965118,20.451606,20.451606,274.195722
15.101677,0.856331,46.582872,20.409109,20.409109,285.783526
13.089330,0.906476,42.413152,21.154079,21.154079,274.003079
8.924697,0.714442,30.249402,23.272572,23.272572,258.541429
8.446034,0.721418,29.881942,19.866285,19.866285,251.219185
8.848536,0.781419,33.328804,19.982607,19.982607,268.341178
5.478667,0.869387,22.223534,14.103999,14.103999,227.675826
4.408092,0.795371,18.749182,11.304762,11.304762,111.972688
6.556569,0.524391,26.868717,12.603243,12.603243,132.569575
15.178414,1.335538,66.032096,17.520238,17.520238,283.659146
8.379730,0.836139,30.201242,15.886232,15.886232,232.400659
12.038435,0.907725,40.156449,18.092054,18.092054,248.532589
11.746112,0.706954,39.755323,17.116296,17.116296,247.829252
11.472219,0.845708,37.719776,19.647147,19.647147,251.999708
16.017977,0.782571,47.919850,18.428635,18.428635,284.311731
9.449089,0.885164,34.050446,16.671042,16.671042,241.935796
9.872230,0.810059,35.604515,16.596097,16.596097,263.429911
8.404306,0.849611,28.073437,20.575031,20.575031,245.979850
9.416991,0.957197,30.277339,16.850469,16.850469,244.872347
9.097724,0.770122,30.235802,15.694997,15.694997,245.671367
9.654563,0.839372,30.432861,16.392703,16.392703,258.714968
8.114478,0.644521,22.917591,15.537171,15.537171,233.128028
8.245296,0.713130,25.283447,14.370723,14.370723,232.515188
13.476919,1.213104,50.853746,12.175398,12.175398,273.917190
9.062139,0.669705,25.782398,9.706307,9.706307,219.220607
10.463918,0.763243,31.564204,11.812800,11.812800,227.027018
13.986494,0.995374,47.071039,12.037123,12.037123,267.288428
7.939084,0.576456,24.976499,12.165477,12.165477,208.756305
7.518054,0.545895,23.966534,12.243335,12.243335,205.301635
7.928555,0.577096,24.409387,12.276582,12.276582,203.695340
7.221379,0.576103,23.336157,12.031139,12.031139,205.967372
7.606471,0.581608,24.537805,12.457577,12.457577,206.141422
8.441587,0.676873,25.835999,12.579659,12.579659,203.237191
8.401906,0.664969,25.728062,6.950655,6.950655,205.714025
16.719363,0.625576,53.722714,19.614090,19.614090,270.174835
10.147306,0.603080,35.968936,20.612920,20.612920,256.070964
9.978536,0.493254,35.713925,13.172882,13.172882,254.329052
16.378238,0.625736,47.602375,19.287046,19.287046,267.427534
9.277822,0.697353,36.230636,20.817051,20.817051,246.069068
9.657315,0.844876,33.262435,23.313308,23.313308,247.470559
8.497172,0.939084,30.392925,19.590058,19.590058,233.518690
14.271137,1.187217,59.364165,21.656486,21.656486,276.795437
7.901035,0.619945,27.769977,20.347861,20.347861,221.344317
17.597359,1.013422,70.339002,21.466404,21.466404,275.567325
10.022248,0.757898,39.646810,22.844470,22.844470,229.122246
11.733087,0.766346,47.826793,25.074644,25.074644,244.987517
11.605310,0.790411,47.294754,23.787139,23.787139,240.147324
18.367642,1.096079,61.758630,24.289610,24.289610,267.102122
19.185860,1.049071,74.836119,23.258172,23.258172,274.177226
12.765326,0.752810,46.811035,19.364487,19.364487,226.742278
10.593104,0.734602,40.643720,20.728537,20.728537,222.776176
8.371153,0.765707,30.555262,15.333488,15.333488,211.395669
17.487918,0.843819,64.275689,19.124612,19.124612,264.716746
15.482258,0.847531,57.147464,20.986397,20.986397,264.952012
7.798474,0.692297,24.333930,22.412016,22.412016,213.047532
7.924396,0.471334,26.201700,17.235818,17.235818,211.073009
7.340932,0.517959,20.911228,23.318108,23.318108,206.187503
7.801674,0.589192,24.488204,19.224869,19.224869,212.828233
18.421466,1.036814,57.534285,20.486070,20.486070,266.224766
13.196084,0.949645,46.727674,21.696486,21.696486,236.525067
12.514538,0.957549,42.632099,20.908572,20.908572,232.590741
10.457070,0.736746,32.746877,21.034237,21.034237,214.358590
19.321094,0.819211,53.654137,20.083185,20.083185,240.055739
24.198216,0.942509,64.189031,19.770988,19.770988,260.163147
24.639758,0.673961,65.636155,20.249299,20.249299,260.994391
25.444601,0.602568,66.016577,21.772423,21.772423,265.681174
14.389091,0.416838,36.765171,22.294287,22.294287,209.635294
27.548534,0.581128,66.077121,19.886990,19.886990,268.299322
12.240198,0.444807,34.939898,24.828177,24.828177,227.065835
12.161894,0.529575,34.845625,33.250883,33.250883,234.447407
13.816027,0.708778,42.560386,33.084609,33.084609,247.944678
15.202318,0.715178,56.217691,34.549813,34.549813,284.184721
14.461348,0.840620,52.112643,25.040820,25.040820,254.710434
15.221711,1.308081,66.458695,21.678407,21.678407,274.951861
14.797129,0.896524,52.905294,24.673327,24.673327,270.383191
11.383066,1.022926,43.140522,19.039651,19.039651,252.371810
13.263572,1.109328,50.692976,26.959918,26.959918,272.080622
20.598424,1.372466,75.140348,25.818206,25.818206,317.203602
13.205331,0.884748,49.116475,29.063306,29.063306,281.101384
13.629881,0.828939,49.471872,25.937696,25.937696,285.806376
13.079378,0.794602,48.276240,33.853356,33.853356,289.897024
13.947293,0.774091,50.662480,29.585618,29.585618,290.292261
12.675436,0.820523,47.440420,26.321382,26.321382,283.405288
13.770075,0.712010,45.247942,25.856639,25.856639,288.276458
15.653940,0.740874,51.657374,24.902194,24.902194,290.423078
13.527479,0.753835,50.904435,26.829644,26.829644,293.661362
12.219334,0.663945,42.012282,17.422188,17.422188,285.458051
19.116995,1.047150,64.757424,24.209321,24.209321,334.965699
18.832000,0.909740,62.595602,22.413713,22.413713,339.071452
14.866634,0.797162,49.779460,23.785795,23.785795,318.118015
10.612720,0.647433,37.376027,23.863876,23.863876,308.436347
11.394075,0.626088,37.743649,27.587446,27.587446,324.186545
11.097846,0.677802,38.343464,27.355252,27.355252,334.038615
10.737266,0.686697,35.623492,25.309848,25.309848,324.269843
15.440914,0.599208,47.763240,27.416853,27.416853,347.105193
11.225465,0.621032,35.827239,27.414388,27.414388,332.227679
17.519726,0.779818,46.900925,27.244466,27.244466,377.102144
13.159698,0.762315,43.900084,23.110553,23.110553,351.103646
14.745097,1.021006,46.474967,25.761182,25.761182,368.001157
14.493060,1.418004,58.141781,21.317154,21.317154,372.046683
14.943019,1.447028,58.607836,27.757657,27.757657,375.254215
8.471571,0.946381,28.490594,27.114928,27.114928,341.698783
8.245264,0.792715,29.044138,22.749461,22.749461,334.312219
8.828280,0.729738,28.575204,24.663599,24.663599,307.830836
8.761335,0.624649,30.401021,24.254633,24.254633,307.119082
9.872294,0.742474,31.973778,24.566542,24.566542,308.742880
10.773363,0.934540,41.969658,24.492205,24.492205,325.154591
20.261907,1.378994,78.681965,31.290920,31.290920,382.605898
12.528938,0.762506,48.013548,23.572096,23.572096,343.912509
11.477532,0.649449,42.197725,33.347973,33.347973,333.937622
10.732274,0.658889,40.741193,23.026393,23.026393,329.848287
23.268252,1.110543,81.268111,37.951747,37.951747,387.673615
12.564490,0.670601,52.983920,27.912411,27.912411,334.409948
12.397768,0.543367,50.181450,28.712134,28.712134,325.506883
15.646901,0.586632,60.102128,42.326495,42.326495,342.878128
11.126423,0.437062,43.196779,34.373619,34.373619,306.480130
15.039277,0.514215,52.104355,35.961353,35.961353,311.177858
21.485187,0.601321,75.930503,31.573261,31.573261,342.611660
20.956605,0.426886,62.666418,26.174403,26.174403,314.554415
14.587046,0.352869,50.089192,29.298478,29.298478,291.103697
20.881244,0.500167,68.277727,30.316892,30.316892,310.700507
12.847342,0.394854,41.881528,31.466923,31.466923,258.762201
10.105641,0.319780,36.056618,28.358049,28.358049,242.164824
11.610238,0.335588,41.076846,26.831564,26.831564,243.428297
12.395049,0.292228,42.189725,27.426900,27.426900,242.815233
13.060913,0.290852,39.654971,28.801575,28.801575,237.098803
12.818478,0.211043,41.610581,24.817969,24.817969,236.973009
14.385124,0.184162,44.906338,27.094543,27.094543,153.049502
11.487196,0.100321,35.685221,26.085378,26.085378,135.884213
14.041055,0.146786,38.750254,28.654597,28.654597,153.884426
10.224458,0.078337,28.759431,27.275698,27.275698,117.811551
17.155049,0.088865,42.590338,30.039032,30.039032,147.487283
17.114569,0.081025,52.750860,25.957760,25.957760,153.910762
17.021031,0.072321,53.126737,26.207556,26.207556,159.230578
