#Stereo rect[ms], MP culling[ms], MP creation[ms], LBA[ms], KF culling[ms], Total[ms]
8.970255,0.042561,0.488390,0.014912,0.014912,9.527670
9.358676,0.116898,0.886635,0.004480,0.004480,10.370721
9.528630,0.150850,1.486739,0.213763,0.213763,20.653633
9.868954,0.166051,2.387005,0.327652,0.327652,25.712511
10.113501,0.164802,3.183240,0.449862,0.449862,30.215735
10.520354,0.169122,20.536511,0.644008,0.644008,65.337611
11.267948,0.300740,24.408687,0.503206,0.503206,72.455940
12.349818,0.437317,27.874714,0.591240,0.591240,84.863167
12.765439,0.474214,30.025013,0.530182,0.530182,90.959338
13.762891,0.390469,33.095675,86.063662,86.063662,204.816497
14.258705,0.327492,34.322891,1.298993,1.298993,91.959895
15.240669,0.246499,40.629017,1.163246,1.163246,115.460954
16.362955,0.480550,39.965233,1.172335,1.172335,125.166995
16.336587,0.288867,37.039084,1.283376,1.283376,126.707078
16.717264,0.388069,36.198146,1.496146,1.496146,124.108934
17.717916,0.329764,36.604070,1.667893,1.667893,125.571576
19.396049,0.271395,37.449490,1.795159,1.795159,133.102934
20.438462,0.248131,39.407562,2.162779,2.162779,137.459948
20.671744,0.298180,35.762844,1.979384,1.979384,138.910429
19.658324,0.283236,37.823414,2.416702,2.416702,144.729638
16.990964,0.211746,34.353195,2.503327,2.503327,142.859663
24.127660,0.294052,49.806410,3.911601,3.911601,186.053032
24.189645,0.264483,57.020805,4.072435,4.072435,196.001956
24.843925,0.531559,53.899645,4.178964,4.178964,192.910045
20.509727,0.400325,46.609539,3.730959,3.730959,185.112028
20.694817,0.393765,45.209266,3.791631,3.791631,400.007018
18.870891,0.324772,43.517884,3.778479,3.778479,187.181046
23.856777,0.468581,60.434735,3.771183,3.771183,194.707667
23.881737,0.504006,64.022588,3.851664,3.851664,203.884709
17.045492,0.381796,40.194900,4.409591,4.409591,159.941123
23.263489,0.466694,58.826363,3.899377,3.899377,203.301150
17.305399,0.354404,44.595946,2.965764,2.965764,170.941099
11.996725,0.265763,26.259046,3.489387,3.489387,147.979886
11.716050,0.262691,28.047772,4.662202,4.662202,157.081664
11.373325,0.200643,26.608042,3.437323,3.437323,153.987641
26.065412,0.340292,44.620490,5.209057,5.209057,226.386717
12.705790,0.208578,29.995125,4.132724,4.132724,162.900232
13.660714,0.166434,31.497095,5.281506,5.281506,194.214413
17.416696,0.327652,37.753845,4.439639,4.439639,188.551558
16.372779,0.338500,36.708712,6.883190,6.883190,195.744864
12.599965,0.252515,29.410221,4.409079,4.409079,168.855474
9.170418,0.105409,21.742126,6.922038,6.922038,173.396682
15.292638,0.257123,34.449676,4.914877,4.914877,141.353308
18.470982,0.135777,52.182889,5.456516,5.456516,237.255684
17.272247,0.118465,48.713789,5.248097,5.248097,193.491780
9.781786,0.047392,0.558951,0.004928,0.004928,10.397537
9.777849,0.128226,1.015116,0.004608,0.004608,10.929543
9.817466,0.162978,1.286704,0.343108,0.343108,23.841768
10.184927,0.132673,1.689589,0.611655,0.611655,22.464055
10.367680,0.037313,2.113050,0.787082,0.787082,25.472220
10.531011,0.036800,2.619489,0.774985,0.774985,27.002511
10.821991,0.036416,2.902564,0.922540,0.922540,29.976309
11.044233,0.038112,3.410731,0.923659,0.923659,32.980121
11.399149,0.038497,3.834959,0.970668,0.970668,49.460198
11.652817,0.021440,4.381143,46.898631,46.898631,84.470170
12.008789,0.030529,4.913053,1.373137,1.373137,51.287677
9.225906,0.048801,0.526215,0.005056,0.005056,9.810106
9.671640,0.141026,1.091438,0.004064,0.004064,10.912488
9.939259,0.181251,1.398257,0.483398,0.483398,24.942198
10.169694,0.141730,1.807159,0.607719,0.607719,23.362434
10.335745,0.051296,2.054170,0.768842,0.768842,26.047172
10.473666,0.034273,2.552863,0.804394,0.804394,29.021833
10.807655,0.034176,2.967877,0.900331,0.900331,30.053942
11.003561,0.031040,3.643981,0.970380,0.970380,32.758615
11.483055,0.037409,4.091634,0.941516,0.941516,49.362630
11.548431,0.040129,4.523032,68.017229,68.017229,105.139610
11.803827,0.044641,5.003806,1.392177,1.392177,50.463155
9.163026,0.047809,0.538662,0.005152,0.005152,9.759257
9.637623,0.159362,1.407218,0.004928,0.004928,11.212843
10.206079,0.310084,6.226669,0.530151,0.530151,35.941343
10.755334,0.430373,11.521135,0.706216,0.706216,59.815879
11.450735,0.473830,12.154199,1.012332,1.012332,58.904124
11.979029,0.384613,18.896586,1.281840,1.281840,76.886331
12.905056,0.543271,25.306426,1.253775,1.253775,90.392611
13.953358,0.513158,28.325152,1.424594,1.424594,99.515029
14.834680,0.453734,33.699203,1.581139,1.581139,120.116660
16.248682,0.510022,38.247548,63.465525,63.465525,194.924022
10.993833,0.319588,28.736997,1.515507,1.515507,98.806380
11.410958,0.300388,29.954068,1.646996,1.646996,106.378314
13.214148,0.454022,33.214909,1.934552,1.934552,130.268595
13.281701,0.348229,32.922425,2.298845,2.298845,122.200751
12.473563,0.351717,32.391410,2.427647,2.427647,142.201864
11.693329,0.313732,26.780205,2.691650,2.691650,127.776308
12.375482,0.371588,30.551932,2.775362,2.775362,132.580783
19.720182,0.516326,46.450049,3.151016,3.151016,188.081410
15.159997,0.422309,32.335538,3.079783,3.079783,154.534561
20.073177,0.566919,53.095220,3.682830,3.682830,190.764578
20.652192,0.625832,47.227787,3.912400,3.912400,200.501147
20.651905,0.488614,53.770620,5.355107,5.355107,205.010580
16.476141,0.455526,43.098455,5.239042,5.239042,205.870463
12.856864,0.383172,35.470617,5.216544,5.216544,453.231584
13.617577,0.563911,41.840104,5.255298,5.255298,195.672096
11.661009,0.474373,34.211626,5.217409,5.217409,171.508755
11.269196,0.544391,31.979630,5.258594,5.258594,164.980355
8.604779,0.362276,20.289244,5.609350,5.609350,146.080631
8.299687,0.374789,21.831503,4.715770,4.715770,146.885281
8.297447,0.376389,21.241640,4.126643,4.126643,143.681722
16.203529,0.608552,41.880168,5.504805,5.504805,190.075482
13.207652,0.457510,32.860888,4.290038,4.290038,171.117903
10.765350,0.449765,33.828805,5.736103,5.736103,185.515521
10.392865,0.437125,28.461890,5.854281,5.854281,181.228972
9.551543,0.411685,27.862106,7.152153,7.152153,174.624826
9.339348,0.398821,25.664287,6.139244,6.139244,162.770214
7.529213,0.263267,19.846647,3.527244,3.527244,158.147181
7.655199,0.370949,19.702325,3.912081,3.912081,165.848461
11.165579,0.550375,30.697950,4.878940,4.878940,195.292571
9.781914,0.468966,27.053840,3.498827,3.498827,196.264263
11.032777,0.429413,34.071848,3.541804,3.541804,196.749581
8.335272,0.353412,23.896681,3.267369,3.267369,177.878627
7.962595,0.266403,20.506335,5.175937,5.175937,200.112791
8.297799,0.325060,20.459710,6.321839,6.321839,180.166047
11.832595,0.378117,30.334585,5.440356,5.440356,208.580000
10.855399,0.323044,27.137169,8.118885,8.118885,212.251406
8.722956,0.307748,21.447787,7.004343,7.004343,188.647848
9.274259,0.334373,23.503076,7.636415,7.636415,218.396506
10.988265,0.375973,32.080910,8.637771,8.637771,220.292626
8.517418,0.341732,22.452247,5.697543,5.697543,202.924698
17.236183,0.472998,44.818893,5.026814,5.026814,226.576672
17.390136,0.542503,51.971622,6.085836,6.085836,234.784486
17.988063,0.628776,47.531247,4.716763,4.716763,225.424177
13.698250,0.441285,38.020889,6.145644,6.145644,210.149299
12.493468,0.390084,35.406264,6.519985,6.519985,204.657968
9.425429,0.435429,24.423152,6.205741,6.205741,203.955974
11.295949,0.499078,29.101674,6.198285,6.198285,211.681735
11.306861,0.480389,29.725746,4.565881,4.565881,197.758330
12.543964,0.453733,31.978286,6.565009,6.565009,200.329657
10.265344,0.413605,26.183813,6.432560,6.432560,196.426889
11.055114,0.424293,30.146295,9.938268,9.938268,198.248224
11.188235,0.413221,29.693073,5.127584,5.127584,217.784467
9.696024,0.382181,24.259661,7.404796,7.404796,193.524581
10.722533,0.450662,29.587823,4.667610,4.667610,202.566709
12.896545,0.449157,36.145217,8.697964,8.697964,202.859801
12.098966,0.479590,35.859038,4.893692,4.893692,199.854580
19.274448,0.512454,53.352823,4.507480,4.507480,231.796609
10.272832,0.378181,25.520477,6.403663,6.403663,199.371438
19.729365,0.584776,54.218786,5.154944,5.154944,226.317117
16.989715,0.497766,39.280393,6.184557,6.184557,224.053761
14.340434,0.487846,35.387544,7.046328,7.046328,623.962699
16.776944,0.980685,55.485841,5.662918,5.662918,229.729383
10.209055,0.514278,24.901654,8.325000,8.325000,190.819396
17.070356,0.790442,56.252059,5.412771,5.412771,229.755975
17.468281,0.839083,50.021773,6.725460,6.725460,225.761078
17.260150,0.852011,49.902508,9.486869,9.486869,229.202529
16.413164,0.794474,49.820395,6.570257,6.570257,225.238991
16.218186,0.894891,48.955776,6.758868,6.758868,226.218651
16.631311,1.035789,48.827167,7.319355,7.319355,228.022642
15.735364,1.012781,47.387181,7.306170,7.306170,224.882539
8.048356,0.783305,26.300103,8.374312,8.374312,199.005897
9.112113,0.702281,28.386913,10.673253,10.673253,204.861138
9.347636,0.714793,28.337824,9.103633,9.103633,201.820108
8.960431,0.661736,27.477366,11.833267,11.833267,203.470528
8.646028,0.672264,27.820378,12.310905,12.310905,205.725565
10.181247,0.683080,31.904845,8.208358,8.208358,204.730257
9.236819,0.641160,27.171025,13.576233,13.576233,211.356515
8.842510,0.565575,26.680331,7.929219,7.929219,199.267501
9.267283,0.619560,25.805184,12.254168,12.254168,203.952486
8.360967,0.541479,25.211226,9.320596,9.320596,203.414336
8.842318,0.634183,29.425262,8.205062,8.205062,202.941466
8.686668,0.641832,27.482774,10.279616,10.279616,199.824372
8.214694,0.573383,25.910498,11.659569,11.659569,205.321400
8.255431,0.544967,25.505373,10.334784,10.334784,203.766149
7.902946,0.483366,24.938454,12.749182,12.749182,191.429099
9.274803,0.479174,30.545692,11.419054,11.419054,205.169622
8.819726,0.540422,27.933084,11.817523,11.817523,202.691671
8.403625,0.545223,27.483989,11.536400,11.536400,199.727955
8.001219,0.499334,26.836558,9.989660,9.989660,200.825344
8.211910,0.471846,26.276838,10.193823,10.193823,207.667861
8.032740,0.566983,26.909390,10.993000,10.993000,200.138807
8.156261,0.533031,27.284883,10.266815,10.266815,189.234768
10.557731,0.645352,34.593422,10.115838,10.115838,203.052604
9.812762,0.581927,30.542044,11.136683,11.136683,203.155005
8.799533,0.566791,27.506198,10.614820,10.614820,201.976014
9.231731,0.582983,26.582443,11.848051,11.848051,202.828857
8.457450,0.573191,26.453704,9.350484,9.350484,198.193312
15.091932,0.821226,45.713688,10.864199,10.864199,230.211502
14.840089,0.812330,45.748376,9.491734,9.491734,235.638673
14.538645,0.803018,39.833743,11.076618,11.076618,224.736394
14.284529,0.811978,44.921551,9.529655,9.529655,229.803656
14.002606,0.888043,46.180798,7.919811,7.919811,230.553970
13.156227,0.604328,29.244107,8.296135,8.296135,210.452791
10.568163,0.542663,30.280248,8.662604,8.662604,202.178193
8.964751,0.486374,26.116197,9.833114,9.833114,202.196753
8.090532,0.446886,25.776768,8.118245,8.118245,204.576495
8.146853,0.431557,26.199110,11.279469,11.279469,201.860749
7.400956,0.403717,26.179493,9.372148,9.372148,199.966517
8.383688,0.515079,28.471490,9.142961,9.142961,197.597240
6.942198,0.440389,26.061764,9.706488,9.706488,188.392005
7.371483,0.425989,26.196166,8.070597,8.070597,178.528683
8.771341,0.501702,37.511955,7.503933,7.503933,192.596826
8.023555,0.475910,33.203677,9.390485,9.390485,190.187900
8.004707,0.560551,31.878765,9.033360,9.033360,190.405790
13.292582,0.860714,50.554741,9.505622,9.505622,213.833122
9.304627,0.776810,41.180992,8.966959,8.966959,203.978279
13.857836,1.039213,54.219202,8.131333,8.131333,223.560954
12.638397,0.760778,34.208393,7.832417,7.832417,200.714527
14.323538,0.887019,58.453719,9.521718,9.521718,227.708046
14.462644,0.954060,60.316845,8.199142,8.199142,229.549765
15.183037,0.753449,57.715694,8.490826,8.490826,226.606337
14.619606,0.813322,46.361024,10.215455,10.215455,219.194084
16.061224,0.696329,60.876948,10.879400,10.879400,233.331605
16.486957,0.637384,54.331811,10.699589,10.699589,223.904479
16.041607,0.655849,53.169908,10.729925,10.729925,250.544458
11.523696,0.623399,34.324107,9.211282,9.211282,201.036579
9.450389,0.609608,30.556763,9.995261,9.995261,197.422454
9.754297,0.569287,31.825900,7.617087,7.617087,201.606506
15.993863,0.750985,47.512783,9.240083,9.240083,219.924494
9.396597,0.530535,27.298291,10.192094,10.192094,200.989826
9.444726,0.706825,28.797862,7.388284,7.388284,201.870798
8.622155,0.597512,27.145521,10.482915,10.482915,189.512948
8.550378,0.559239,26.521770,7.833953,7.833953,193.914186
9.790042,0.649352,37.234063,9.572439,9.572439,206.181283
14.884537,0.793002,52.053063,6.767540,6.767540,229.807592
14.664598,0.676872,52.584462,9.363988,9.363988,229.072927
15.098748,0.773577,53.484569,6.283982,6.283982,233.099185
13.420263,0.687144,38.105498,6.894774,6.894774,213.368412
9.071281,0.553991,29.719153,5.994987,5.994987,200.765920
8.684652,0.611240,26.308967,6.313807,6.313807,201.070148
8.295303,0.551655,24.434319,3.984113,3.984113,203.571874
10.089374,0.608359,27.105361,7.763360,7.763360,204.682352
8.005891,0.572903,23.486436,6.213454,6.213454,199.591217
8.881903,0.626887,25.751104,8.476618,8.476618,202.293299
8.159973,0.534695,23.936521,8.830478,8.830478,202.803289
8.164837,0.538055,25.143800,6.585938,6.585938,205.131510
15.740388,0.745865,44.551626,6.454160,6.454160,255.531528
8.784461,0.514406,29.946740,5.049662,5.049662,208.009785
7.778017,0.412005,24.277102,8.037252,8.037252,205.986177
8.548906,0.440102,26.418856,9.312948,9.312948,225.772663
12.210456,0.529126,39.086086,4.285653,4.285653,229.106016
8.318888,0.454373,28.316832,6.162028,6.162028,215.043025
8.336231,0.394245,27.712857,5.393475,5.393475,211.625990
8.533322,0.380037,28.177310,5.762472,5.762472,213.962340
8.636332,0.358212,28.931656,6.155916,6.155916,218.510780
8.743372,0.339812,29.330221,7.606942,7.606942,220.136080
8.365480,0.356805,32.761623,5.898889,5.898889,222.196074
8.645035,0.344164,33.573474,10.286688,10.286688,225.185679
11.369901,0.392773,41.481988,8.668427,8.668427,250.441705
9.342324,0.280835,33.947878,5.978378,5.978378,225.131246
11.144875,0.349636,43.317595,8.063108,8.063108,246.912254
9.852539,0.317347,35.035764,5.870089,5.870089,225.374034
11.005641,0.382725,44.758764,9.200371,9.200371,234.240384
9.984220,0.380292,43.855842,6.655635,6.655635,222.620143
9.613143,0.320452,51.010778,7.165049,7.165049,242.660776
10.212639,0.331140,38.817955,8.600011,8.600011,220.889818
10.149375,0.305059,43.060280,8.239974,8.239974,228.442392
9.342965,0.342372,41.909961,5.315266,5.315266,220.485717
15.175037,0.414757,49.253668,4.353206,4.353206,252.138846
10.533091,0.313764,37.008972,5.488836,5.488836,214.568811
9.473782,0.324836,32.112047,4.977598,4.977598,210.925310
9.511511,0.274435,33.725219,6.586929,6.586929,212.773557
9.315891,0.302980,34.413068,9.929883,9.929883,215.407734
7.843585,0.308868,26.515594,8.943279,8.943279,206.702313
6.904533,0.273284,24.080075,7.868929,7.868929,209.382506
7.277147,0.250595,24.806132,9.553206,9.553206,211.338403
8.845518,0.201506,28.423458,8.038564,8.038564,210.153460
10.448642,0.220674,34.810449,7.303451,7.303451,208.515104
7.947331,0.248355,27.899195,9.663512,9.663512,200.910498
8.817934,0.277987,27.629975,10.249856,10.249856,205.108374
8.691052,0.337700,27.659864,8.643020,8.643020,208.965542
9.905723,0.326116,29.372685,8.282247,8.282247,202.219922
8.950799,0.316580,26.675532,11.267148,11.267148,194.978744
10.630660,0.306916,32.202384,14.077327,14.077327,205.860447
7.910242,0.311172,24.195053,12.984097,12.984097,188.815948
10.968776,0.252707,29.958997,8.470633,8.470633,201.405255
8.988143,0.237155,26.094053,10.167326,10.167326,186.760849
12.071702,0.249891,31.528552,13.018658,13.018658,204.315372
9.077681,0.243459,24.578641,12.633565,12.633565,191.899698
8.883886,0.244707,25.773249,11.019881,11.019881,191.511309
10.026205,0.343748,30.304825,11.096778,11.096778,194.767349
9.616311,0.436326,29.625392,11.833843,11.833843,194.097069
9.209043,0.487110,29.517039,13.965326,13.965326,199.891478
7.878690,0.515782,23.937610,9.403125,9.403125,176.646196
10.425154,0.480230,32.268209,13.746795,13.746795,191.258186
10.165119,0.425381,30.457722,11.681681,11.681681,190.071803
9.860763,0.407301,31.232484,15.976902,15.976902,196.823695
9.338132,0.357988,28.727877,13.797804,13.797804,194.603987
9.597463,0.359941,28.224607,11.351213,11.351213,195.159930
11.355310,0.457349,36.580679,14.283474,14.283474,199.673139
9.617271,0.364197,29.299660,13.138244,13.138244,203.842470
10.341153,0.394372,28.653797,10.207487,10.207487,201.059748
12.256984,0.382949,31.899277,15.932070,15.932070,197.695642
11.359469,0.486438,30.523964,16.815345,16.815345,203.896423
11.428078,0.399685,29.021673,13.568713,13.568713,201.599178
19.899895,0.485094,48.394938,12.306233,12.306233,222.723569
20.566079,0.519591,51.919749,11.941748,11.941748,226.175451
22.705627,0.641288,58.068081,17.645564,17.645564,261.049134
12.492315,0.444198,31.898060,11.212779,11.212779,203.275327
13.106083,0.460805,40.223124,12.790463,12.790463,211.962475
13.810572,0.444773,39.137319,12.006293,12.006293,213.204763
11.608176,0.404261,29.880500,11.791090,11.791090,199.590641
13.234148,0.363397,31.766635,15.982406,15.982406,192.935870
11.705329,0.354117,28.424513,16.981267,16.981267,197.518679
12.493083,0.330148,31.908269,12.871200,12.871200,203.202942
15.054108,0.404357,41.890344,15.851302,15.851302,210.350296
12.032469,0.367845,31.935245,14.443475,14.443475,197.184851
12.947393,0.356229,33.152604,14.794712,14.794712,200.462717
11.384909,0.338853,31.378982,12.292153,12.292153,193.517382
11.675089,0.415493,30.874176,18.910667,18.910667,200.738624
11.261420,0.410821,30.249080,13.710859,13.710859,203.479458
10.451266,0.412197,27.966524,15.544226,15.544226,200.157593
10.892903,0.484230,28.502338,16.575022,16.575022,203.295071
10.864103,0.481286,28.359521,20.613569,20.613569,207.550901
9.628248,0.551878,29.491407,16.739920,16.739920,201.219078
9.345972,0.563815,27.754969,11.581552,11.581552,199.874261
9.343572,0.492006,28.963976,15.891686,15.891686,203.161150
9.024272,0.455942,28.847815,15.502593,15.502593,206.542024
8.895439,0.521638,40.956413,16.006407,16.006407,210.060916
8.298439,0.512487,40.888220,15.024987,15.024987,214.330249
8.549290,0.524295,37.915543,15.289310,15.289310,211.451493
8.445929,0.532039,40.402294,18.187426,18.187426,216.450787
8.935055,0.485062,39.946865,15.142396,15.142396,212.415761
8.757069,0.556807,40.993662,20.195419,20.195419,220.401301
9.100433,0.509350,38.540319,19.026509,19.026509,219.236838
8.904750,0.501959,38.279484,21.087782,21.087782,219.334727
9.093169,0.526054,36.254755,19.920504,19.920504,215.395510
8.397768,0.448102,32.294833,20.328477,20.328477,211.222882
8.870767,0.469637,32.279634,19.500466,19.500466,209.658959
9.044049,0.511590,33.287166,19.831063,19.831063,215.916669
9.070897,0.453765,32.270834,19.096302,19.096302,212.735317
9.378229,0.423749,30.875552,19.405938,19.405938,209.882098
9.186930,0.425669,31.046562,18.975788,18.975788,206.434726
9.157489,0.375365,31.867148,12.195416,12.195416,207.940057
9.419189,0.388005,31.832908,18.875147,18.875147,211.161986
15.364959,0.559719,48.166423,19.303952,19.303952,239.269951
18.123137,0.630792,54.080768,19.159983,19.159983,252.059742
18.658248,0.636936,53.504697,16.857682,16.857682,251.423222
17.182294,0.680264,52.816273,20.355485,20.355485,272.309210
10.849223,0.549671,36.926187,15.514305,15.514305,231.722273
9.986557,0.486022,33.297342,14.699575,14.699575,229.732393
10.129374,0.459078,32.636597,21.579628,21.579628,233.764603
12.576956,0.606024,41.212768,19.100910,19.100910,246.523833
11.500943,0.616872,40.146227,15.926502,15.926502,243.182608
11.409230,0.573127,39.798159,18.547335,18.547335,239.966472
11.084330,0.663624,41.081151,10.878823,10.878823,239.861382
11.418638,0.768905,40.517336,13.741515,13.741515,238.080592
10.999433,0.779722,39.509707,15.361759,15.361759,241.661341
10.339200,0.719241,35.849790,16.558478,16.558478,242.346149
10.228991,0.613704,37.435921,18.118785,18.118785,263.014054
10.019997,0.588903,33.601570,13.170275,13.170275,249.157306
20.650977,0.908652,65.091081,18.016128,18.016128,292.817081
16.089192,0.641864,50.207088,14.735255,14.735255,286.922031
17.814014,0.747561,56.314268,20.566815,20.566815,286.978448
12.627229,0.644296,49.228356,15.787941,15.787941,263.039911
11.987125,0.583879,46.199775,10.709221,10.709221,261.277297
12.512028,0.656232,47.383405,14.027118,14.027118,263.551693
13.267429,0.564135,51.482592,16.164553,16.164553,271.799955
14.618262,0.622952,55.971544,11.080426,11.080426,288.336290
13.566313,0.515782,49.652746,19.971289,19.971289,284.922743
11.061706,0.390948,36.345892,18.669896,18.669896,261.860664
11.383246,0.394053,37.551059,16.406124,16.406124,279.732630
11.110698,0.388677,36.495301,16.697040,16.697040,254.854049
13.840940,0.525734,44.797773,20.387166,20.387166,266.994680
13.796076,0.498630,43.642526,25.555934,25.555934,281.374667
10.894887,0.430822,35.392664,24.744467,24.744467,279.818391
9.615800,0.458182,31.523560,23.327394,23.327394,252.080383
9.279699,0.474406,32.419123,25.563549,25.563549,248.898263
8.818413,0.611272,36.590279,19.896695,19.896695,168.623184
8.381832,0.528742,34.167433,18.613224,18.613224,247.782729
9.914459,0.800234,40.358070,22.316758,22.316758,275.531362
9.635736,0.657288,36.781257,22.949661,22.949661,258.153546
17.136213,0.808874,57.284136,15.077019,15.077019,286.170118
18.637639,0.817738,60.289166,15.769828,15.769828,296.318916
13.146532,0.544839,43.205305,16.052359,16.052359,277.122902
10.991049,0.393157,35.186166,21.807600,21.807600,281.324907
19.168047,0.470182,51.969062,21.537900,21.537900,293.045180
19.399153,0.366468,55.378577,15.597538,15.597538,311.167485
23.095487,0.456646,60.543697,26.509706,26.509706,320.360592
14.005870,0.316324,41.190720,22.932381,22.932381,305.682425
24.019498,0.483142,64.410945,20.987749,20.987749,326.968961
14.577397,0.318500,41.436451,21.834927,21.834927,306.192095
12.499963,0.288260,35.161589,16.321931,16.321931,286.568171
15.784868,0.358788,45.566199,20.546432,20.546432,310.341523
12.265432,0.253860,35.525721,22.477304,22.477304,286.266088
16.748048,0.303876,46.548419,23.184768,23.184768,331.631676
13.779852,0.315172,38.022520,20.329405,20.329405,293.592579
28.708069,0.436965,70.976467,16.252490,16.252490,338.058507
16.514029,0.318116,47.612144,22.545465,22.545465,385.756701
30.455994,0.402405,69.237757,19.504307,19.504307,334.933317
31.492743,0.402501,69.042043,16.803633,16.803633,329.016059
21.929360,0.279396,49.966573,20.263900,20.263900,317.820688
16.044584,0.300163,41.026398,20.170779,20.170779,279.310449
23.066495,0.333956,47.799442,21.842352,21.842352,323.652857
16.918162,0.263395,39.922897,19.489170,19.489170,328.306194
33.958790,0.462438,66.873727,19.967000,19.967000,330.532814
26.302055,0.283012,58.592152,24.434832,24.434832,321.377149
35.436280,0.476454,66.000853,26.824270,26.824270,342.407394
38.759010,0.354821,71.532249,29.726130,29.726130,353.205353
24.062443,0.368901,54.067424,26.613387,26.613387,319.038495
15.995719,0.348676,37.200654,26.366760,26.366760,289.891125
16.201705,0.415877,36.875339,24.682099,24.682099,291.988655
16.102568,0.364229,38.603520,23.518660,23.518660,286.761646
14.767352,0.395109,35.233014,28.231679,28.231679,280.223229
16.130953,0.296804,37.029612,25.778529,25.778529,278.255941
14.306194,0.256643,31.604873,28.013532,28.013532,279.357746
15.610242,0.212867,35.185590,27.915227,27.915227,275.163902
15.628387,0.274947,33.429216,28.282592,28.282592,281.136777
16.278954,0.274692,35.644443,28.048605,28.048605,277.023381
13.464935,0.265508,30.764350,24.466608,24.466608,267.599680
10.023133,0.274211,25.343643,24.110220,24.110220,211.504134
10.242111,0.173122,26.077988,24.005131,24.005131,155.778161
19.722613,0.275075,42.364015,19.280944,19.280944,174.427097
17.291671,0.137666,27.387700,21.700846,21.700846,153.793241
19.515827,0.129089,41.453604,23.956618,23.956618,248.219343
19.363345,0.174466,43.120216,24.613554,24.613554,243.260337
18.978444,0.175586,38.550815,18.736169,18.736169,236.697247
